0 1 Pedestrian -1 -1 -10 776.40 170.64 882.17 363.43 -1000 -1000 -1000 -10 -1 -1 -1
0 3 Pedestrian -1 -1 -10 1108.40 171.70 1197.35 314.67 -1000 -1000 -1000 -10 -1 -1 -1
0 4 Car -1 -1 -10 297.29 168.58 453.34 284.54 -1000 -1000 -1000 -10 -1 -1 -1
1 7 Pedestrian -1 -1 -10 1142.00 167.87 1217.24 311.93 -1000 -1000 -1000 -10 -1 -1 -1
1 8 Pedestrian -1 -1 -10 779.93 168.28 882.54 354.00 -1000 -1000 -1000 -10 -1 -1 -1
1 9 Car -1 -1 -10 298.59 164.35 447.42 280.54 -1000 -1000 -1000 -10 -1 -1 -1
2 11 Pedestrian -1 -1 -10 1166.68 159.34 1239.27 311.86 -1000 -1000 -1000 -10 -1 -1 -1
2 13 Car -1 -1 -10 298.16 159.25 445.86 270.50 -1000 -1000 -1000 -10 -1 -1 -1
2 14 Pedestrian -1 -1 -10 785.91 158.57 890.41 344.66 -1000 -1000 -1000 -10 -1 -1 -1
2 15 Car -1 -1 -10 700.75 182.09 775.99 225.87 -1000 -1000 -1000 -10 -1 -1 -1
3 16 Pedestrian -1 -1 -10 791.51 155.26 896.59 342.45 -1000 -1000 -1000 -10 -1 -1 -1
3 18 Pedestrian -1 -1 -10 1195.98 155.87 1241.69 309.30 -1000 -1000 -1000 -10 -1 -1 -1
3 19 Car -1 -1 -10 294.99 151.80 442.17 264.69 -1000 -1000 -1000 -10 -1 -1 -1
4 21 Pedestrian -1 -1 -10 796.36 155.80 902.36 348.19 -1000 -1000 -1000 -10 -1 -1 -1
4 23 Car -1 -1 -10 292.64 151.87 440.04 262.52 -1000 -1000 -1000 -10 -1 -1 -1
4 25 Car -1 -1 -10 724.42 176.46 796.99 221.90 -1000 -1000 -1000 -10 -1 -1 -1
5 26 Car -1 -1 -10 291.72 153.66 439.79 261.49 -1000 -1000 -1000 -10 -1 -1 -1
5 27 Pedestrian -1 -1 -10 801.95 158.75 902.97 348.56 -1000 -1000 -1000 -10 -1 -1 -1
5 32 Car -1 -1 -10 737.38 177.86 809.68 225.50 -1000 -1000 -1000 -10 -1 -1 -1
6 33 Car -1 -1 -10 293.67 154.79 433.45 262.19 -1000 -1000 -1000 -10 -1 -1 -1
6 35 Pedestrian -1 -1 -10 805.17 157.72 908.58 346.97 -1000 -1000 -1000 -10 -1 -1 -1
7 36 Car -1 -1 -10 290.40 157.63 430.82 263.99 -1000 -1000 -1000 -10 -1 -1 -1
7 38 Pedestrian -1 -1 -10 798.66 160.38 914.88 344.92 -1000 -1000 -1000 -10 -1 -1 -1
8 40 Car -1 -1 -10 289.04 158.97 426.58 265.80 -1000 -1000 -1000 -10 -1 -1 -1
8 42 Pedestrian -1 -1 -10 800.74 162.95 917.65 348.75 -1000 -1000 -1000 -10 -1 -1 -1
9 45 Car -1 -1 -10 289.16 155.50 423.51 262.75 -1000 -1000 -1000 -10 -1 -1 -1
9 46 Pedestrian -1 -1 -10 807.63 163.94 918.43 355.50 -1000 -1000 -1000 -10 -1 -1 -1
10 49 Pedestrian -1 -1 -10 799.53 170.09 916.53 359.65 -1000 -1000 -1000 -10 -1 -1 -1
11 53 Pedestrian -1 -1 -10 802.94 168.30 897.16 357.85 -1000 -1000 -1000 -10 -1 -1 -1
11 55 Car -1 -1 -10 285.45 163.47 425.46 267.20 -1000 -1000 -1000 -10 -1 -1 -1
12 57 Pedestrian -1 -1 -10 795.49 165.15 908.27 350.64 -1000 -1000 -1000 -10 -1 -1 -1
13 62 Pedestrian -1 -1 -10 798.75 165.88 904.48 340.12 -1000 -1000 -1000 -10 -1 -1 -1
13 64 Car -1 -1 -10 282.64 155.88 419.09 260.27 -1000 -1000 -1000 -10 -1 -1 -1
14 65 Pedestrian -1 -1 -10 788.41 164.38 900.11 336.42 -1000 -1000 -1000 -10 -1 -1 -1
14 68 Car -1 -1 -10 282.13 158.21 412.80 260.25 -1000 -1000 -1000 -10 -1 -1 -1
15 69 Pedestrian -1 -1 -10 791.42 170.34 892.87 337.45 -1000 -1000 -1000 -10 -1 -1 -1
15 72 Car -1 -1 -10 281.13 158.69 411.79 259.82 -1000 -1000 -1000 -10 -1 -1 -1
16 75 Car -1 -1 -10 282.04 152.71 412.21 257.24 -1000 -1000 -1000 -10 -1 -1 -1
16 76 Pedestrian -1 -1 -10 781.10 167.37 884.70 332.65 -1000 -1000 -1000 -10 -1 -1 -1
17 78 Pedestrian -1 -1 -10 782.59 173.30 880.60 337.45 -1000 -1000 -1000 -10 -1 -1 -1
17 80 Car -1 -1 -10 282.62 156.68 410.91 259.71 -1000 -1000 -1000 -10 -1 -1 -1
18 82 Pedestrian -1 -1 -10 782.21 177.07 873.69 346.53 -1000 -1000 -1000 -10 -1 -1 -1
19 85 Pedestrian -1 -1 -10 771.63 184.53 866.38 347.11 -1000 -1000 -1000 -10 -1 -1 -1
19 88 Car -1 -1 -10 285.83 172.17 410.26 270.59 -1000 -1000 -1000 -10 -1 -1 -1
20 91 Pedestrian -1 -1 -10 761.24 188.89 860.73 353.00 -1000 -1000 -1000 -10 -1 -1 -1
20 93 Car -1 -1 -10 287.28 181.46 409.64 276.17 -1000 -1000 -1000 -10 -1 -1 -1
21 96 Pedestrian -1 -1 -10 753.44 186.78 850.59 352.01 -1000 -1000 -1000 -10 -1 -1 -1
21 97 Car -1 -1 -10 290.26 180.24 410.73 272.67 -1000 -1000 -1000 -10 -1 -1 -1
22 99 Pedestrian -1 -1 -10 749.64 181.77 843.66 354.05 -1000 -1000 -1000 -10 -1 -1 -1
22 100 Car -1 -1 -10 294.43 177.43 410.24 266.57 -1000 -1000 -1000 -10 -1 -1 -1
23 103 Pedestrian -1 -1 -10 746.36 177.03 832.50 346.32 -1000 -1000 -1000 -10 -1 -1 -1
23 104 Car -1 -1 -10 300.07 171.12 410.76 262.55 -1000 -1000 -1000 -10 -1 -1 -1
24 105 Pedestrian -1 -1 -10 730.81 180.02 819.26 333.67 -1000 -1000 -1000 -10 -1 -1 -1
24 107 Car -1 -1 -10 305.01 173.60 410.76 262.19 -1000 -1000 -1000 -10 -1 -1 -1
25 108 Pedestrian -1 -1 -10 719.38 179.63 809.40 334.96 -1000 -1000 -1000 -10 -1 -1 -1
25 111 Car -1 -1 -10 307.31 171.54 409.25 259.99 -1000 -1000 -1000 -10 -1 -1 -1
26 114 Pedestrian -1 -1 -10 716.63 171.58 800.07 323.69 -1000 -1000 -1000 -10 -1 -1 -1
26 115 Car -1 -1 -10 314.16 165.86 411.82 254.01 -1000 -1000 -1000 -10 -1 -1 -1
27 119 Pedestrian -1 -1 -10 705.81 166.72 789.19 316.36 -1000 -1000 -1000 -10 -1 -1 -1
27 120 Car -1 -1 -10 322.35 156.05 415.75 248.59 -1000 -1000 -1000 -10 -1 -1 -1
28 121 Pedestrian -1 -1 -10 694.17 169.30 773.91 309.80 -1000 -1000 -1000 -10 -1 -1 -1
28 123 Car -1 -1 -10 329.98 162.72 417.99 247.14 -1000 -1000 -1000 -10 -1 -1 -1
29 125 Pedestrian -1 -1 -10 681.29 164.00 762.60 312.05 -1000 -1000 -1000 -10 -1 -1 -1
29 127 Car -1 -1 -10 337.46 164.51 421.15 252.47 -1000 -1000 -1000 -10 -1 -1 -1
30 128 Pedestrian -1 -1 -10 672.20 168.81 754.41 311.59 -1000 -1000 -1000 -10 -1 -1 -1
30 130 Car -1 -1 -10 337.53 166.86 427.66 257.21 -1000 -1000 -1000 -10 -1 -1 -1
31 132 Car -1 -1 -10 347.14 166.60 431.97 252.11 -1000 -1000 -1000 -10 -1 -1 -1
31 133 Pedestrian -1 -1 -10 657.27 168.87 741.94 322.40 -1000 -1000 -1000 -10 -1 -1 -1
32 134 Pedestrian -1 -1 -10 652.49 167.13 731.91 319.55 -1000 -1000 -1000 -10 -1 -1 -1
32 135 Car -1 -1 -10 350.72 166.41 437.42 250.57 -1000 -1000 -1000 -10 -1 -1 -1
33 136 Pedestrian -1 -1 -10 643.95 168.21 717.85 316.01 -1000 -1000 -1000 -10 -1 -1 -1
33 137 Car -1 -1 -10 361.94 167.38 449.54 250.42 -1000 -1000 -1000 -10 -1 -1 -1
34 138 Pedestrian -1 -1 -10 628.91 165.66 700.99 320.50 -1000 -1000 -1000 -10 -1 -1 -1
34 139 Car -1 -1 -10 369.90 165.49 464.29 249.91 -1000 -1000 -1000 -10 -1 -1 -1
35 140 Pedestrian -1 -1 -10 623.45 163.39 689.26 312.30 -1000 -1000 -1000 -10 -1 -1 -1
36 142 Pedestrian -1 -1 -10 619.83 160.77 685.52 312.45 -1000 -1000 -1000 -10 -1 -1 -1
36 143 Car -1 -1 -10 1031.46 184.87 1177.57 271.55 -1000 -1000 -1000 -10 -1 -1 -1
37 144 Pedestrian -1 -1 -10 610.92 157.90 674.67 312.94 -1000 -1000 -1000 -10 -1 -1 -1
37 146 Car -1 -1 -10 399.84 145.18 497.25 243.30 -1000 -1000 -1000 -10 -1 -1 -1
37 147 Car -1 -1 -10 1061.94 186.94 1218.87 278.17 -1000 -1000 -1000 -10 -1 -1 -1
38 148 Pedestrian -1 -1 -10 605.38 161.41 672.96 313.65 -1000 -1000 -1000 -10 -1 -1 -1
38 150 Car -1 -1 -10 413.13 146.46 513.67 243.41 -1000 -1000 -1000 -10 -1 -1 -1
39 152 Pedestrian -1 -1 -10 601.30 165.01 667.69 311.77 -1000 -1000 -1000 -10 -1 -1 -1
39 154 Car -1 -1 -10 426.51 150.79 526.23 243.39 -1000 -1000 -1000 -10 -1 -1 -1
40 156 Pedestrian -1 -1 -10 599.38 165.63 665.88 312.98 -1000 -1000 -1000 -10 -1 -1 -1
41 158 Pedestrian -1 -1 -10 594.86 162.44 656.33 320.33 -1000 -1000 -1000 -10 -1 -1 -1
41 160 Car -1 -1 -10 452.39 153.02 557.43 248.06 -1000 -1000 -1000 -10 -1 -1 -1
42 161 Pedestrian -1 -1 -10 591.85 170.49 652.67 314.27 -1000 -1000 -1000 -10 -1 -1 -1
42 163 Car -1 -1 -10 466.32 151.36 574.21 248.46 -1000 -1000 -1000 -10 -1 -1 -1
43 164 Pedestrian -1 -1 -10 593.10 172.79 653.07 314.19 -1000 -1000 -1000 -10 -1 -1 -1
44 168 Pedestrian -1 -1 -10 590.98 169.47 656.29 301.05 -1000 -1000 -1000 -10 -1 -1 -1
45 170 Pedestrian -1 -1 -10 595.93 169.59 653.66 317.80 -1000 -1000 -1000 -10 -1 -1 -1
45 172 Car -1 -1 -10 758.66 165.50 849.80 221.61 -1000 -1000 -1000 -10 -1 -1 -1
46 175 Pedestrian -1 -1 -10 600.09 170.93 662.84 320.30 -1000 -1000 -1000 -10 -1 -1 -1
47 179 Pedestrian -1 -1 -10 606.40 172.43 664.32 327.83 -1000 -1000 -1000 -10 -1 -1 -1
48 183 Pedestrian -1 -1 -10 612.61 174.40 669.77 318.60 -1000 -1000 -1000 -10 -1 -1 -1
48 186 Car -1 -1 -10 811.56 162.01 907.37 222.41 -1000 -1000 -1000 -10 -1 -1 -1
49 187 Pedestrian -1 -1 -10 619.66 169.40 681.84 325.29 -1000 -1000 -1000 -10 -1 -1 -1
49 189 Car -1 -1 -10 961.69 151.16 995.79 220.08 -1000 -1000 -1000 -10 -1 -1 -1
50 191 Pedestrian -1 -1 -10 627.98 170.78 690.89 314.54 -1000 -1000 -1000 -10 -1 -1 -1
50 194 Car -1 -1 -10 851.83 161.79 943.43 224.38 -1000 -1000 -1000 -10 -1 -1 -1
51 195 Pedestrian -1 -1 -10 638.98 169.12 695.13 316.08 -1000 -1000 -1000 -10 -1 -1 -1
51 197 Car -1 -1 -10 1016.82 148.55 1063.68 222.11 -1000 -1000 -1000 -10 -1 -1 -1
52 198 Pedestrian -1 -1 -10 648.46 172.96 709.04 317.89 -1000 -1000 -1000 -10 -1 -1 -1
52 199 Car -1 -1 -10 891.65 159.81 983.03 227.82 -1000 -1000 -1000 -10 -1 -1 -1
52 200 Car -1 -1 -10 1041.53 146.01 1102.36 225.54 -1000 -1000 -1000 -10 -1 -1 -1
53 201 Car -1 -1 -10 1065.56 145.12 1140.99 227.71 -1000 -1000 -1000 -10 -1 -1 -1
53 202 Pedestrian -1 -1 -10 656.36 165.75 719.42 325.16 -1000 -1000 -1000 -10 -1 -1 -1
53 203 Car -1 -1 -10 907.45 158.35 1021.82 227.35 -1000 -1000 -1000 -10 -1 -1 -1
53 204 Car -1 -1 -10 689.73 153.98 810.44 237.63 -1000 -1000 -1000 -10 -1 -1 -1
54 205 Car -1 -1 -10 930.22 159.32 1042.73 230.28 -1000 -1000 -1000 -10 -1 -1 -1
54 206 Pedestrian -1 -1 -10 672.39 166.06 734.19 330.89 -1000 -1000 -1000 -10 -1 -1 -1
54 207 Car -1 -1 -10 1094.26 145.64 1181.05 229.64 -1000 -1000 -1000 -10 -1 -1 -1
54 208 Car -1 -1 -10 766.60 160.49 834.01 233.03 -1000 -1000 -1000 -10 -1 -1 -1
54 209 Car -1 -1 -10 715.23 158.42 824.52 241.23 -1000 -1000 -1000 -10 -1 -1 -1
55 210 Car -1 -1 -10 737.31 156.80 859.57 239.42 -1000 -1000 -1000 -10 -1 -1 -1
55 211 Pedestrian -1 -1 -10 686.43 165.22 744.78 321.07 -1000 -1000 -1000 -10 -1 -1 -1
55 212 Car -1 -1 -10 952.40 157.48 1076.71 232.72 -1000 -1000 -1000 -10 -1 -1 -1
56 213 Car -1 -1 -10 973.94 154.95 1100.60 234.00 -1000 -1000 -1000 -10 -1 -1 -1
56 214 Car -1 -1 -10 754.25 150.57 882.66 241.85 -1000 -1000 -1000 -10 -1 -1 -1
56 215 Car -1 -1 -10 1146.21 142.54 1241.40 235.94 -1000 -1000 -1000 -10 -1 -1 -1
56 216 Pedestrian -1 -1 -10 701.42 165.82 761.80 327.04 -1000 -1000 -1000 -10 -1 -1 -1
57 217 Pedestrian -1 -1 -10 717.52 166.69 774.71 329.00 -1000 -1000 -1000 -10 -1 -1 -1
57 218 Car -1 -1 -10 1175.08 143.91 1241.75 236.03 -1000 -1000 -1000 -10 -1 -1 -1
57 219 Car -1 -1 -10 776.25 150.51 908.07 241.69 -1000 -1000 -1000 -10 -1 -1 -1
57 220 Car -1 -1 -10 993.49 154.88 1129.62 238.02 -1000 -1000 -1000 -10 -1 -1 -1
58 221 Pedestrian -1 -1 -10 736.79 167.80 789.20 319.56 -1000 -1000 -1000 -10 -1 -1 -1
58 222 Car -1 -1 -10 1012.49 153.42 1150.65 237.79 -1000 -1000 -1000 -10 -1 -1 -1
58 223 Car -1 -1 -10 1208.49 143.77 1241.51 236.53 -1000 -1000 -1000 -10 -1 -1 -1
58 224 Car -1 -1 -10 802.29 152.53 934.66 238.90 -1000 -1000 -1000 -10 -1 -1 -1
59 225 Pedestrian -1 -1 -10 751.73 169.08 807.64 316.86 -1000 -1000 -1000 -10 -1 -1 -1
59 226 Car -1 -1 -10 876.60 155.71 961.12 232.64 -1000 -1000 -1000 -10 -1 -1 -1
60 227 Car -1 -1 -10 845.43 154.16 989.19 239.70 -1000 -1000 -1000 -10 -1 -1 -1
60 228 Pedestrian -1 -1 -10 771.53 170.91 827.42 312.81 -1000 -1000 -1000 -10 -1 -1 -1
60 229 Car -1 -1 -10 1048.60 152.85 1206.56 242.34 -1000 -1000 -1000 -10 -1 -1 -1
61 230 Car -1 -1 -10 870.69 152.85 1012.81 239.25 -1000 -1000 -1000 -10 -1 -1 -1
61 231 Pedestrian -1 -1 -10 786.79 169.91 846.91 303.70 -1000 -1000 -1000 -10 -1 -1 -1
61 232 Car -1 -1 -10 1068.00 152.05 1239.47 242.24 -1000 -1000 -1000 -10 -1 -1 -1
62 233 Car -1 -1 -10 1083.84 153.02 1228.19 247.79 -1000 -1000 -1000 -10 -1 -1 -1
62 234 Pedestrian -1 -1 -10 803.81 167.71 864.30 307.71 -1000 -1000 -1000 -10 -1 -1 -1
62 235 Car -1 -1 -10 895.67 154.59 1039.63 235.05 -1000 -1000 -1000 -10 -1 -1 -1
63 236 Car -1 -1 -10 1100.15 153.05 1241.42 248.66 -1000 -1000 -1000 -10 -1 -1 -1
63 237 Pedestrian -1 -1 -10 818.97 166.87 884.09 323.04 -1000 -1000 -1000 -10 -1 -1 -1
64 238 Car -1 -1 -10 1114.09 152.80 1241.40 251.26 -1000 -1000 -1000 -10 -1 -1 -1
64 239 Pedestrian -1 -1 -10 838.19 164.54 901.75 318.54 -1000 -1000 -1000 -10 -1 -1 -1
65 240 Car -1 -1 -10 1127.19 151.99 1240.88 256.60 -1000 -1000 -1000 -10 -1 -1 -1
65 241 Pedestrian -1 -1 -10 858.92 168.40 918.53 293.07 -1000 -1000 -1000 -10 -1 -1 -1
65 242 Car -1 -1 -10 1022.84 157.22 1115.08 240.88 -1000 -1000 -1000 -10 -1 -1 -1
66 243 Car -1 -1 -10 1138.56 155.03 1241.35 257.58 -1000 -1000 -1000 -10 -1 -1 -1
66 244 Pedestrian -1 -1 -10 874.53 164.39 939.75 301.67 -1000 -1000 -1000 -10 -1 -1 -1
66 245 Car -1 -1 -10 972.28 156.20 1139.48 244.12 -1000 -1000 -1000 -10 -1 -1 -1
67 246 Car -1 -1 -10 1142.80 158.10 1241.34 263.18 -1000 -1000 -1000 -10 -1 -1 -1
67 247 Pedestrian -1 -1 -10 898.54 164.97 957.62 309.31 -1000 -1000 -1000 -10 -1 -1 -1
67 248 Car -1 -1 -10 991.04 157.79 1155.05 244.49 -1000 -1000 -1000 -10 -1 -1 -1
68 249 Car -1 -1 -10 1154.31 157.71 1242.00 262.01 -1000 -1000 -1000 -10 -1 -1 -1
68 250 Pedestrian -1 -1 -10 912.63 168.35 978.16 315.25 -1000 -1000 -1000 -10 -1 -1 -1
68 251 Car -1 -1 -10 1009.22 160.60 1166.34 247.70 -1000 -1000 -1000 -10 -1 -1 -1
69 253 Car -1 -1 -10 1163.04 159.39 1241.62 271.82 -1000 -1000 -1000 -10 -1 -1 -1
69 254 Pedestrian -1 -1 -10 930.79 168.83 991.74 315.53 -1000 -1000 -1000 -10 -1 -1 -1
69 255 Car -1 -1 -10 1026.48 160.46 1179.32 249.10 -1000 -1000 -1000 -10 -1 -1 -1
70 256 Car -1 -1 -10 1169.94 157.46 1241.55 267.51 -1000 -1000 -1000 -10 -1 -1 -1
70 257 Pedestrian -1 -1 -10 947.70 167.13 1006.32 311.54 -1000 -1000 -1000 -10 -1 -1 -1
70 258 Car -1 -1 -10 1042.78 160.19 1187.77 246.26 -1000 -1000 -1000 -10 -1 -1 -1
71 259 Car -1 -1 -10 1057.76 158.43 1198.51 244.12 -1000 -1000 -1000 -10 -1 -1 -1
71 260 Car -1 -1 -10 1172.64 155.85 1241.54 268.64 -1000 -1000 -1000 -10 -1 -1 -1
71 261 Pedestrian -1 -1 -10 965.59 164.69 1019.15 316.58 -1000 -1000 -1000 -10 -1 -1 -1
72 262 Car -1 -1 -10 1069.20 158.21 1207.20 243.33 -1000 -1000 -1000 -10 -1 -1 -1
72 263 Car -1 -1 -10 1174.05 154.59 1241.58 267.46 -1000 -1000 -1000 -10 -1 -1 -1
72 264 Pedestrian -1 -1 -10 967.43 167.30 1029.05 320.70 -1000 -1000 -1000 -10 -1 -1 -1
73 265 Car -1 -1 -10 1174.04 156.78 1241.55 272.41 -1000 -1000 -1000 -10 -1 -1 -1
73 266 Pedestrian -1 -1 -10 976.63 165.17 1038.73 310.47 -1000 -1000 -1000 -10 -1 -1 -1
73 267 Car -1 -1 -10 1080.28 157.07 1210.69 243.61 -1000 -1000 -1000 -10 -1 -1 -1
74 268 Car -1 -1 -10 1087.08 158.28 1205.66 242.17 -1000 -1000 -1000 -10 -1 -1 -1
74 269 Pedestrian -1 -1 -10 983.86 165.64 1042.92 316.81 -1000 -1000 -1000 -10 -1 -1 -1
74 270 Car -1 -1 -10 1170.51 157.50 1241.52 269.97 -1000 -1000 -1000 -10 -1 -1 -1
75 271 Car -1 -1 -10 1094.29 160.10 1205.88 242.14 -1000 -1000 -1000 -10 -1 -1 -1
75 272 Car -1 -1 -10 1170.44 157.26 1241.56 279.16 -1000 -1000 -1000 -10 -1 -1 -1
75 273 Pedestrian -1 -1 -10 990.19 166.61 1047.00 301.88 -1000 -1000 -1000 -10 -1 -1 -1
76 274 Pedestrian -1 -1 -10 990.15 170.40 1048.55 298.06 -1000 -1000 -1000 -10 -1 -1 -1
76 275 Car -1 -1 -10 1164.06 159.35 1241.66 287.82 -1000 -1000 -1000 -10 -1 -1 -1
76 276 Car -1 -1 -10 1099.15 161.79 1204.08 247.70 -1000 -1000 -1000 -10 -1 -1 -1
77 277 Car -1 -1 -10 1158.09 159.44 1241.67 287.04 -1000 -1000 -1000 -10 -1 -1 -1
77 278 Car -1 -1 -10 1100.87 165.73 1190.97 239.64 -1000 -1000 -1000 -10 -1 -1 -1
77 279 Pedestrian -1 -1 -10 991.78 171.04 1049.68 303.55 -1000 -1000 -1000 -10 -1 -1 -1
78 280 Pedestrian -1 -1 -10 991.19 171.37 1049.43 314.23 -1000 -1000 -1000 -10 -1 -1 -1
78 281 Car -1 -1 -10 1155.13 162.88 1241.42 286.10 -1000 -1000 -1000 -10 -1 -1 -1
78 282 Car -1 -1 -10 1105.27 166.01 1190.70 249.11 -1000 -1000 -1000 -10 -1 -1 -1
79 283 Car -1 -1 -10 1143.57 162.47 1241.30 283.87 -1000 -1000 -1000 -10 -1 -1 -1
79 284 Pedestrian -1 -1 -10 992.12 171.01 1045.30 315.15 -1000 -1000 -1000 -10 -1 -1 -1
79 285 Car -1 -1 -10 1106.93 167.39 1181.57 242.52 -1000 -1000 -1000 -10 -1 -1 -1
80 286 Car -1 -1 -10 1136.87 163.25 1241.31 292.75 -1000 -1000 -1000 -10 -1 -1 -1
80 287 Pedestrian -1 -1 -10 986.63 172.09 1040.39 311.82 -1000 -1000 -1000 -10 -1 -1 -1
80 288 Car -1 -1 -10 1107.08 168.38 1171.80 241.68 -1000 -1000 -1000 -10 -1 -1 -1
80 289 Pedestrian -1 -1 -10 775.76 175.85 800.85 249.18 -1000 -1000 -1000 -10 -1 -1 -1
81 290 Car -1 -1 -10 1124.69 164.86 1241.67 297.42 -1000 -1000 -1000 -10 -1 -1 -1
81 291 Pedestrian -1 -1 -10 980.68 171.00 1036.67 298.02 -1000 -1000 -1000 -10 -1 -1 -1
81 292 Car -1 -1 -10 1101.91 170.04 1161.22 243.80 -1000 -1000 -1000 -10 -1 -1 -1
81 293 Pedestrian -1 -1 -10 760.10 177.04 786.69 249.58 -1000 -1000 -1000 -10 -1 -1 -1
82 294 Car -1 -1 -10 1116.73 163.60 1241.70 306.80 -1000 -1000 -1000 -10 -1 -1 -1
82 295 Pedestrian -1 -1 -10 974.13 176.41 1030.38 295.05 -1000 -1000 -1000 -10 -1 -1 -1
82 296 Car -1 -1 -10 1099.14 171.97 1149.43 245.97 -1000 -1000 -1000 -10 -1 -1 -1
82 297 Pedestrian -1 -1 -10 745.05 180.01 772.40 250.71 -1000 -1000 -1000 -10 -1 -1 -1
83 298 Car -1 -1 -10 1101.51 162.58 1241.70 309.70 -1000 -1000 -1000 -10 -1 -1 -1
83 299 Pedestrian -1 -1 -10 967.98 177.78 1021.68 302.54 -1000 -1000 -1000 -10 -1 -1 -1
83 300 Pedestrian -1 -1 -10 728.81 179.57 755.88 252.97 -1000 -1000 -1000 -10 -1 -1 -1
83 301 Car -1 -1 -10 1081.64 169.32 1137.95 241.66 -1000 -1000 -1000 -10 -1 -1 -1
84 302 Car -1 -1 -10 1095.03 158.43 1241.72 311.95 -1000 -1000 -1000 -10 -1 -1 -1
84 303 Pedestrian -1 -1 -10 961.20 174.59 1014.14 302.85 -1000 -1000 -1000 -10 -1 -1 -1
84 304 Car -1 -1 -10 1079.17 169.43 1123.72 240.00 -1000 -1000 -1000 -10 -1 -1 -1
84 305 Pedestrian -1 -1 -10 711.56 179.66 738.56 253.00 -1000 -1000 -1000 -10 -1 -1 -1
85 306 Car -1 -1 -10 1088.80 157.99 1241.38 312.94 -1000 -1000 -1000 -10 -1 -1 -1
85 307 Pedestrian -1 -1 -10 950.84 173.75 1004.76 298.36 -1000 -1000 -1000 -10 -1 -1 -1
85 308 Pedestrian -1 -1 -10 696.94 177.79 722.76 251.61 -1000 -1000 -1000 -10 -1 -1 -1
85 309 Car -1 -1 -10 1040.02 179.72 1108.04 221.14 -1000 -1000 -1000 -10 -1 -1 -1
86 310 Pedestrian -1 -1 -10 945.21 176.24 995.76 283.78 -1000 -1000 -1000 -10 -1 -1 -1
86 311 Car -1 -1 -10 1077.72 155.94 1241.46 313.35 -1000 -1000 -1000 -10 -1 -1 -1
86 312 Car -1 -1 -10 1018.46 182.38 1074.13 219.58 -1000 -1000 -1000 -10 -1 -1 -1
86 313 Pedestrian -1 -1 -10 677.50 177.49 704.74 253.25 -1000 -1000 -1000 -10 -1 -1 -1
87 314 Pedestrian -1 -1 -10 937.35 177.71 984.19 285.57 -1000 -1000 -1000 -10 -1 -1 -1
87 315 Car -1 -1 -10 1073.82 154.82 1241.51 305.71 -1000 -1000 -1000 -10 -1 -1 -1
87 316 Car -1 -1 -10 995.25 183.22 1056.13 221.02 -1000 -1000 -1000 -10 -1 -1 -1
87 317 Car -1 -1 -10 1053.74 176.68 1089.21 238.63 -1000 -1000 -1000 -10 -1 -1 -1
88 318 Pedestrian -1 -1 -10 925.99 178.54 974.80 301.83 -1000 -1000 -1000 -10 -1 -1 -1
88 319 Car -1 -1 -10 1066.67 154.67 1241.51 300.19 -1000 -1000 -1000 -10 -1 -1 -1
88 320 Car -1 -1 -10 981.72 181.97 1044.92 221.49 -1000 -1000 -1000 -10 -1 -1 -1
89 322 Pedestrian -1 -1 -10 920.77 176.86 965.77 294.56 -1000 -1000 -1000 -10 -1 -1 -1
89 323 Car -1 -1 -10 1058.22 151.77 1241.38 303.52 -1000 -1000 -1000 -10 -1 -1 -1
89 324 Car -1 -1 -10 1036.03 187.21 1073.98 235.11 -1000 -1000 -1000 -10 -1 -1 -1
89 325 Car -1 -1 -10 965.22 183.52 1019.72 219.01 -1000 -1000 -1000 -10 -1 -1 -1
90 326 Car -1 -1 -10 1054.62 149.09 1241.59 332.77 -1000 -1000 -1000 -10 -1 -1 -1
90 327 Pedestrian -1 -1 -10 910.56 177.12 958.62 296.98 -1000 -1000 -1000 -10 -1 -1 -1
90 328 Car -1 -1 -10 1022.51 175.28 1065.34 234.05 -1000 -1000 -1000 -10 -1 -1 -1
90 329 Car -1 -1 -10 47.52 216.06 173.79 312.25 -1000 -1000 -1000 -10 -1 -1 -1
90 331 Car -1 -1 -10 953.23 180.85 1004.44 214.54 -1000 -1000 -1000 -10 -1 -1 -1
91 332 Car -1 -1 -10 1047.71 150.14 1241.55 346.77 -1000 -1000 -1000 -10 -1 -1 -1
91 334 Pedestrian -1 -1 -10 903.00 180.12 950.98 279.17 -1000 -1000 -1000 -10 -1 -1 -1
91 335 Car -1 -1 -10 1010.03 170.58 1057.32 231.66 -1000 -1000 -1000 -10 -1 -1 -1
91 336 Pedestrian -1 -1 -10 585.64 178.29 616.92 264.03 -1000 -1000 -1000 -10 -1 -1 -1
92 337 Pedestrian -1 -1 -10 893.55 177.67 940.47 289.49 -1000 -1000 -1000 -10 -1 -1 -1
92 338 Car -1 -1 -10 1036.12 152.29 1241.85 346.03 -1000 -1000 -1000 -10 -1 -1 -1
92 340 Car -1 -1 -10 996.65 171.82 1043.81 231.24 -1000 -1000 -1000 -10 -1 -1 -1
92 341 Car -1 -1 -10 915.28 178.94 964.62 216.94 -1000 -1000 -1000 -10 -1 -1 -1
93 343 Car -1 -1 -10 1031.06 149.29 1241.79 341.26 -1000 -1000 -1000 -10 -1 -1 -1
93 344 Pedestrian -1 -1 -10 887.07 177.64 935.01 293.33 -1000 -1000 -1000 -10 -1 -1 -1
93 345 Car -1 -1 -10 984.82 171.89 1035.37 228.97 -1000 -1000 -1000 -10 -1 -1 -1
93 346 Pedestrian -1 -1 -10 545.91 175.50 577.41 270.71 -1000 -1000 -1000 -10 -1 -1 -1
94 348 Car -1 -1 -10 1022.89 149.64 1241.53 349.24 -1000 -1000 -1000 -10 -1 -1 -1
94 349 Car -1 -1 -10 971.49 170.66 1026.41 227.48 -1000 -1000 -1000 -10 -1 -1 -1
94 350 Pedestrian -1 -1 -10 874.40 180.62 926.79 290.99 -1000 -1000 -1000 -10 -1 -1 -1
94 351 Pedestrian -1 -1 -10 522.86 176.11 557.59 273.98 -1000 -1000 -1000 -10 -1 -1 -1
95 353 Car -1 -1 -10 957.28 170.61 1017.11 227.70 -1000 -1000 -1000 -10 -1 -1 -1
95 354 Car -1 -1 -10 1022.45 151.02 1241.21 370.04 -1000 -1000 -1000 -10 -1 -1 -1
95 355 Pedestrian -1 -1 -10 874.23 178.29 920.28 285.13 -1000 -1000 -1000 -10 -1 -1 -1
95 356 Pedestrian -1 -1 -10 500.06 172.06 535.57 277.62 -1000 -1000 -1000 -10 -1 -1 -1
95 357 Car -1 -1 -10 854.76 182.03 899.02 221.58 -1000 -1000 -1000 -10 -1 -1 -1
96 358 Car -1 -1 -10 942.24 172.47 1003.42 229.21 -1000 -1000 -1000 -10 -1 -1 -1
96 359 Pedestrian -1 -1 -10 476.07 172.77 513.62 281.25 -1000 -1000 -1000 -10 -1 -1 -1
96 360 Car -1 -1 -10 1021.07 157.08 1241.47 371.52 -1000 -1000 -1000 -10 -1 -1 -1
96 361 Pedestrian -1 -1 -10 869.16 180.82 913.68 281.77 -1000 -1000 -1000 -10 -1 -1 -1
96 362 Car -1 -1 -10 838.14 182.83 882.29 223.54 -1000 -1000 -1000 -10 -1 -1 -1
97 363 Pedestrian -1 -1 -10 862.30 182.02 907.66 283.74 -1000 -1000 -1000 -10 -1 -1 -1
97 364 Car -1 -1 -10 925.49 174.37 984.10 230.40 -1000 -1000 -1000 -10 -1 -1 -1
97 365 Pedestrian -1 -1 -10 450.51 173.58 486.50 285.20 -1000 -1000 -1000 -10 -1 -1 -1
97 366 Car -1 -1 -10 819.08 181.33 867.98 227.44 -1000 -1000 -1000 -10 -1 -1 -1
97 367 Car -1 -1 -10 1016.56 155.32 1241.61 370.34 -1000 -1000 -1000 -10 -1 -1 -1
98 368 Pedestrian -1 -1 -10 859.15 178.06 903.33 284.50 -1000 -1000 -1000 -10 -1 -1 -1
98 369 Car -1 -1 -10 908.69 174.42 969.06 228.83 -1000 -1000 -1000 -10 -1 -1 -1
98 370 Car -1 -1 -10 1018.45 156.84 1242.00 371.46 -1000 -1000 -1000 -10 -1 -1 -1
98 371 Pedestrian -1 -1 -10 421.81 172.68 458.96 290.35 -1000 -1000 -1000 -10 -1 -1 -1
98 372 Car -1 -1 -10 802.19 182.27 851.76 221.41 -1000 -1000 -1000 -10 -1 -1 -1
98 373 Car -1 -1 -10 963.66 186.22 994.12 215.43 -1000 -1000 -1000 -10 -1 -1 -1
99 374 Pedestrian -1 -1 -10 854.45 178.69 896.76 280.04 -1000 -1000 -1000 -10 -1 -1 -1
99 375 Car -1 -1 -10 894.20 174.99 949.68 228.45 -1000 -1000 -1000 -10 -1 -1 -1
99 376 Pedestrian -1 -1 -10 388.75 172.29 432.15 293.65 -1000 -1000 -1000 -10 -1 -1 -1
99 377 Car -1 -1 -10 785.89 181.94 838.05 219.38 -1000 -1000 -1000 -10 -1 -1 -1
99 378 Car -1 -1 -10 1016.43 153.21 1241.43 370.74 -1000 -1000 -1000 -10 -1 -1 -1
100 379 Pedestrian -1 -1 -10 846.59 182.06 890.18 286.81 -1000 -1000 -1000 -10 -1 -1 -1
100 380 Car -1 -1 -10 964.66 143.68 1241.31 369.24 -1000 -1000 -1000 -10 -1 -1 -1
100 381 Car -1 -1 -10 873.79 173.92 929.67 226.49 -1000 -1000 -1000 -10 -1 -1 -1
100 382 Car -1 -1 -10 768.65 182.03 819.17 222.84 -1000 -1000 -1000 -10 -1 -1 -1
100 383 Pedestrian -1 -1 -10 344.31 173.06 399.88 304.40 -1000 -1000 -1000 -10 -1 -1 -1
101 384 Pedestrian -1 -1 -10 841.71 179.68 883.48 273.56 -1000 -1000 -1000 -10 -1 -1 -1
101 385 Car -1 -1 -10 965.42 142.41 1241.27 371.84 -1000 -1000 -1000 -10 -1 -1 -1
101 386 Pedestrian -1 -1 -10 311.41 170.17 364.80 255.68 -1000 -1000 -1000 -10 -1 -1 -1
101 387 Car -1 -1 -10 861.59 171.67 912.68 220.00 -1000 -1000 -1000 -10 -1 -1 -1
101 388 Car -1 -1 -10 924.14 183.53 973.06 218.14 -1000 -1000 -1000 -10 -1 -1 -1
102 389 Car -1 -1 -10 967.40 136.41 1241.36 372.37 -1000 -1000 -1000 -10 -1 -1 -1
102 390 Car -1 -1 -10 939.12 187.79 974.29 227.27 -1000 -1000 -1000 -10 -1 -1 -1
102 391 Pedestrian -1 -1 -10 838.18 176.53 881.37 275.86 -1000 -1000 -1000 -10 -1 -1 -1
102 392 Pedestrian -1 -1 -10 269.50 166.71 324.74 259.07 -1000 -1000 -1000 -10 -1 -1 -1
102 393 Car -1 -1 -10 910.52 182.69 954.67 216.99 -1000 -1000 -1000 -10 -1 -1 -1
103 394 Car -1 -1 -10 959.57 136.98 1241.27 371.83 -1000 -1000 -1000 -10 -1 -1 -1
103 395 Car -1 -1 -10 923.02 188.24 971.14 228.32 -1000 -1000 -1000 -10 -1 -1 -1
103 396 Pedestrian -1 -1 -10 833.87 176.77 878.10 275.50 -1000 -1000 -1000 -10 -1 -1 -1
103 397 Pedestrian -1 -1 -10 221.40 162.20 282.15 267.32 -1000 -1000 -1000 -10 -1 -1 -1
104 398 Car -1 -1 -10 962.92 132.47 1241.26 371.85 -1000 -1000 -1000 -10 -1 -1 -1
104 399 Pedestrian -1 -1 -10 829.88 182.23 876.61 273.82 -1000 -1000 -1000 -10 -1 -1 -1
104 400 Pedestrian -1 -1 -10 164.35 161.89 232.28 341.21 -1000 -1000 -1000 -10 -1 -1 -1
104 401 Car -1 -1 -10 905.46 189.19 962.73 228.82 -1000 -1000 -1000 -10 -1 -1 -1
104 402 Car -1 -1 -10 790.82 175.71 815.62 191.68 -1000 -1000 -1000 -10 -1 -1 -1
104 403 Car -1 -1 -10 875.57 181.98 922.02 218.87 -1000 -1000 -1000 -10 -1 -1 -1
105 404 Car -1 -1 -10 962.22 133.35 1241.43 369.36 -1000 -1000 -1000 -10 -1 -1 -1
105 405 Car -1 -1 -10 794.44 174.55 845.49 221.56 -1000 -1000 -1000 -10 -1 -1 -1
105 406 Pedestrian -1 -1 -10 828.47 181.97 868.13 265.42 -1000 -1000 -1000 -10 -1 -1 -1
105 407 Car -1 -1 -10 927.72 188.74 973.17 241.11 -1000 -1000 -1000 -10 -1 -1 -1
105 408 Pedestrian -1 -1 -10 96.44 160.68 172.83 363.42 -1000 -1000 -1000 -10 -1 -1 -1
105 409 Car -1 -1 -10 889.39 188.43 944.00 228.78 -1000 -1000 -1000 -10 -1 -1 -1
105 410 Car -1 -1 -10 773.77 175.30 798.62 193.17 -1000 -1000 -1000 -10 -1 -1 -1
105 411 Car -1 -1 -10 684.74 179.53 732.60 223.50 -1000 -1000 -1000 -10 -1 -1 -1
105 412 Car -1 -1 -10 685.30 180.47 734.98 226.79 -1000 -1000 -1000 -10 -1 -1 -1
106 413 Pedestrian -1 -1 -10 2.66 157.90 102.64 372.16 -1000 -1000 -1000 -10 -1 -1 -1
106 414 Car -1 -1 -10 965.31 128.99 1241.39 369.46 -1000 -1000 -1000 -10 -1 -1 -1
106 415 Car -1 -1 -10 776.53 174.49 826.87 219.47 -1000 -1000 -1000 -10 -1 -1 -1
106 416 Car -1 -1 -10 912.48 186.73 976.01 242.92 -1000 -1000 -1000 -10 -1 -1 -1
106 417 Car -1 -1 -10 877.91 188.89 928.72 228.75 -1000 -1000 -1000 -10 -1 -1 -1
106 418 Car -1 -1 -10 669.16 179.54 716.43 224.05 -1000 -1000 -1000 -10 -1 -1 -1
106 419 Pedestrian -1 -1 -10 826.64 181.44 864.12 271.78 -1000 -1000 -1000 -10 -1 -1 -1
107 420 Car -1 -1 -10 759.84 172.85 808.96 219.51 -1000 -1000 -1000 -10 -1 -1 -1
107 421 Car -1 -1 -10 970.94 126.38 1241.32 369.03 -1000 -1000 -1000 -10 -1 -1 -1
107 422 Car -1 -1 -10 899.75 186.66 980.95 243.14 -1000 -1000 -1000 -10 -1 -1 -1
107 423 Car -1 -1 -10 650.17 180.16 698.36 222.51 -1000 -1000 -1000 -10 -1 -1 -1
107 424 Pedestrian -1 -1 -10 823.23 182.15 865.78 274.67 -1000 -1000 -1000 -10 -1 -1 -1
107 425 Car -1 -1 -10 864.50 189.23 914.56 229.34 -1000 -1000 -1000 -10 -1 -1 -1
108 426 Car -1 -1 -10 981.35 124.28 1241.27 370.88 -1000 -1000 -1000 -10 -1 -1 -1
108 427 Car -1 -1 -10 887.38 188.62 989.19 244.36 -1000 -1000 -1000 -10 -1 -1 -1
108 428 Car -1 -1 -10 743.93 174.45 793.88 218.25 -1000 -1000 -1000 -10 -1 -1 -1
108 429 Pedestrian -1 -1 -10 820.91 182.06 856.78 283.31 -1000 -1000 -1000 -10 -1 -1 -1
108 430 Car -1 -1 -10 856.63 190.22 901.46 231.24 -1000 -1000 -1000 -10 -1 -1 -1
108 431 Car -1 -1 -10 633.83 180.28 683.22 224.17 -1000 -1000 -1000 -10 -1 -1 -1
109 432 Car -1 -1 -10 993.86 119.85 1241.40 369.13 -1000 -1000 -1000 -10 -1 -1 -1
109 433 Car -1 -1 -10 728.51 174.28 777.81 217.86 -1000 -1000 -1000 -10 -1 -1 -1
109 435 Pedestrian -1 -1 -10 819.41 183.34 855.20 285.84 -1000 -1000 -1000 -10 -1 -1 -1
109 436 Car -1 -1 -10 618.20 181.76 666.82 220.82 -1000 -1000 -1000 -10 -1 -1 -1
109 437 Car -1 -1 -10 877.24 188.50 971.96 245.53 -1000 -1000 -1000 -10 -1 -1 -1
109 438 Car -1 -1 -10 849.92 190.83 889.45 232.33 -1000 -1000 -1000 -10 -1 -1 -1
110 439 Car -1 -1 -10 1012.41 116.63 1241.40 366.84 -1000 -1000 -1000 -10 -1 -1 -1
110 440 Car -1 -1 -10 865.16 185.96 963.37 244.70 -1000 -1000 -1000 -10 -1 -1 -1
110 441 Car -1 -1 -10 712.28 173.53 760.40 217.71 -1000 -1000 -1000 -10 -1 -1 -1
110 442 Pedestrian -1 -1 -10 813.45 181.20 850.28 277.12 -1000 -1000 -1000 -10 -1 -1 -1
110 443 Car -1 -1 -10 599.70 179.62 653.39 223.60 -1000 -1000 -1000 -10 -1 -1 -1
111 444 Car -1 -1 -10 853.58 187.43 956.02 246.02 -1000 -1000 -1000 -10 -1 -1 -1
111 445 Car -1 -1 -10 695.91 171.49 744.13 217.14 -1000 -1000 -1000 -10 -1 -1 -1
111 446 Car -1 -1 -10 1038.44 111.60 1241.26 368.34 -1000 -1000 -1000 -10 -1 -1 -1
111 447 Car -1 -1 -10 584.57 179.10 636.75 220.79 -1000 -1000 -1000 -10 -1 -1 -1
111 448 Pedestrian -1 -1 -10 805.19 179.91 845.03 277.78 -1000 -1000 -1000 -10 -1 -1 -1
112 449 Car -1 -1 -10 1072.79 110.05 1240.94 368.08 -1000 -1000 -1000 -10 -1 -1 -1
112 450 Car -1 -1 -10 842.04 185.05 945.41 244.45 -1000 -1000 -1000 -10 -1 -1 -1
112 451 Car -1 -1 -10 680.92 170.35 728.17 214.53 -1000 -1000 -1000 -10 -1 -1 -1
112 452 Car -1 -1 -10 568.64 179.06 623.56 223.04 -1000 -1000 -1000 -10 -1 -1 -1
113 453 Car -1 -1 -10 831.85 184.73 934.63 245.94 -1000 -1000 -1000 -10 -1 -1 -1
113 454 Car -1 -1 -10 1120.52 105.51 1241.03 370.22 -1000 -1000 -1000 -10 -1 -1 -1
113 455 Car -1 -1 -10 744.11 179.49 795.55 218.35 -1000 -1000 -1000 -10 -1 -1 -1
113 456 Car -1 -1 -10 664.69 170.07 713.67 213.63 -1000 -1000 -1000 -10 -1 -1 -1
113 457 Car -1 -1 -10 552.68 177.34 607.98 221.15 -1000 -1000 -1000 -10 -1 -1 -1
113 458 Pedestrian -1 -1 -10 781.06 178.01 842.79 268.33 -1000 -1000 -1000 -10 -1 -1 -1
114 459 Car -1 -1 -10 824.42 184.92 928.14 247.12 -1000 -1000 -1000 -10 -1 -1 -1
114 460 Car -1 -1 -10 651.01 170.02 697.77 212.89 -1000 -1000 -1000 -10 -1 -1 -1
114 461 Car -1 -1 -10 733.28 179.53 781.39 218.15 -1000 -1000 -1000 -10 -1 -1 -1
114 462 Pedestrian -1 -1 -10 1164.43 103.73 1241.65 370.82 -1000 -1000 -1000 -10 -1 -1 -1
114 463 Car -1 -1 -10 537.37 177.16 593.98 223.86 -1000 -1000 -1000 -10 -1 -1 -1
114 464 Pedestrian -1 -1 -10 778.54 180.44 832.62 262.60 -1000 -1000 -1000 -10 -1 -1 -1
114 465 Car -1 -1 -10 708.12 180.33 738.26 211.04 -1000 -1000 -1000 -10 -1 -1 -1
115 466 Car -1 -1 -10 0.36 185.50 198.79 298.67 -1000 -1000 -1000 -10 -1 -1 -1
115 467 Car -1 -1 -10 815.69 185.03 917.32 249.74 -1000 -1000 -1000 -10 -1 -1 -1
115 468 Car -1 -1 -10 637.22 170.84 686.51 212.67 -1000 -1000 -1000 -10 -1 -1 -1
115 469 Car -1 -1 -10 723.78 180.07 772.42 219.11 -1000 -1000 -1000 -10 -1 -1 -1
115 470 Car -1 -1 -10 527.68 175.65 576.63 219.75 -1000 -1000 -1000 -10 -1 -1 -1
116 471 Car -1 -1 -10 808.65 186.74 910.56 252.67 -1000 -1000 -1000 -10 -1 -1 -1
116 472 Car -1 -1 -10 714.57 180.12 760.45 219.65 -1000 -1000 -1000 -10 -1 -1 -1
117 473 Car -1 -1 -10 798.87 187.82 904.55 255.79 -1000 -1000 -1000 -10 -1 -1 -1
117 474 Car -1 -1 -10 698.60 180.64 747.08 222.18 -1000 -1000 -1000 -10 -1 -1 -1
117 475 Pedestrian -1 -1 -10 761.03 181.05 793.08 258.64 -1000 -1000 -1000 -10 -1 -1 -1
118 476 Car -1 -1 -10 790.33 190.64 898.12 258.06 -1000 -1000 -1000 -10 -1 -1 -1
118 477 Car -1 -1 -10 0.11 230.52 135.57 331.62 -1000 -1000 -1000 -10 -1 -1 -1
118 478 Pedestrian -1 -1 -10 749.79 183.76 788.92 282.81 -1000 -1000 -1000 -10 -1 -1 -1
118 479 Car -1 -1 -10 684.70 180.95 736.40 223.44 -1000 -1000 -1000 -10 -1 -1 -1
119 480 Car -1 -1 -10 783.76 190.21 892.42 260.59 -1000 -1000 -1000 -10 -1 -1 -1
119 481 Car -1 -1 -10 0.22 245.72 105.07 351.52 -1000 -1000 -1000 -10 -1 -1 -1
119 482 Car -1 -1 -10 671.60 180.97 726.46 224.07 -1000 -1000 -1000 -10 -1 -1 -1
119 483 Car -1 -1 -10 577.82 172.41 628.29 216.79 -1000 -1000 -1000 -10 -1 -1 -1
119 484 Car -1 -1 -10 465.68 176.99 522.32 225.58 -1000 -1000 -1000 -10 -1 -1 -1
120 485 Car -1 -1 -10 774.26 189.72 886.92 263.01 -1000 -1000 -1000 -10 -1 -1 -1
120 486 Car -1 -1 -10 0.28 252.62 67.31 358.94 -1000 -1000 -1000 -10 -1 -1 -1
120 487 Car -1 -1 -10 661.96 180.56 713.89 226.84 -1000 -1000 -1000 -10 -1 -1 -1
120 488 Car -1 -1 -10 563.01 170.70 610.76 212.81 -1000 -1000 -1000 -10 -1 -1 -1
121 489 Car -1 -1 -10 765.68 190.44 881.54 270.24 -1000 -1000 -1000 -10 -1 -1 -1
121 490 Car -1 -1 -10 650.16 181.45 699.99 226.64 -1000 -1000 -1000 -10 -1 -1 -1
121 491 Car -1 -1 -10 547.86 171.14 595.50 213.41 -1000 -1000 -1000 -10 -1 -1 -1
121 492 Car -1 -1 -10 597.84 181.96 628.89 210.59 -1000 -1000 -1000 -10 -1 -1 -1
122 493 Car -1 -1 -10 758.38 190.45 873.58 273.22 -1000 -1000 -1000 -10 -1 -1 -1
122 494 Car -1 -1 -10 404.88 178.67 472.10 233.39 -1000 -1000 -1000 -10 -1 -1 -1
122 495 Car -1 -1 -10 636.24 181.32 689.11 226.80 -1000 -1000 -1000 -10 -1 -1 -1
122 496 Car -1 -1 -10 533.80 171.38 579.73 211.17 -1000 -1000 -1000 -10 -1 -1 -1
122 497 Pedestrian -1 -1 -10 685.02 188.23 737.20 274.23 -1000 -1000 -1000 -10 -1 -1 -1
122 498 Car -1 -1 -10 583.75 180.43 615.03 209.98 -1000 -1000 -1000 -10 -1 -1 -1
122 499 Car -1 -1 -10 684.94 189.49 766.99 251.90 -1000 -1000 -1000 -10 -1 -1 -1
123 500 Car -1 -1 -10 748.68 191.10 868.04 272.74 -1000 -1000 -1000 -10 -1 -1 -1
123 501 Car -1 -1 -10 623.42 181.34 678.95 228.57 -1000 -1000 -1000 -10 -1 -1 -1
123 502 Car -1 -1 -10 378.99 180.50 452.82 236.23 -1000 -1000 -1000 -10 -1 -1 -1
123 503 Car -1 -1 -10 516.22 171.54 563.26 209.44 -1000 -1000 -1000 -10 -1 -1 -1
123 504 Car -1 -1 -10 570.03 180.40 603.25 209.50 -1000 -1000 -1000 -10 -1 -1 -1
124 505 Car -1 -1 -10 739.76 189.68 864.56 277.12 -1000 -1000 -1000 -10 -1 -1 -1
124 506 Car -1 -1 -10 363.54 179.90 439.31 234.14 -1000 -1000 -1000 -10 -1 -1 -1
124 507 Car -1 -1 -10 608.09 181.71 666.37 228.59 -1000 -1000 -1000 -10 -1 -1 -1
124 508 Car -1 -1 -10 501.19 170.24 544.41 210.64 -1000 -1000 -1000 -10 -1 -1 -1
124 509 Car -1 -1 -10 693.46 194.89 747.66 253.09 -1000 -1000 -1000 -10 -1 -1 -1
125 510 Car -1 -1 -10 730.89 189.53 856.55 275.20 -1000 -1000 -1000 -10 -1 -1 -1
125 511 Car -1 -1 -10 484.00 169.51 528.12 211.70 -1000 -1000 -1000 -10 -1 -1 -1
125 512 Car -1 -1 -10 666.40 188.57 739.87 252.96 -1000 -1000 -1000 -10 -1 -1 -1
125 513 Car -1 -1 -10 597.16 180.13 651.44 228.47 -1000 -1000 -1000 -10 -1 -1 -1
126 514 Car -1 -1 -10 724.37 187.98 848.56 278.72 -1000 -1000 -1000 -10 -1 -1 -1
126 515 Car -1 -1 -10 649.09 189.12 732.73 253.39 -1000 -1000 -1000 -10 -1 -1 -1
126 516 Car -1 -1 -10 470.29 170.30 512.19 211.47 -1000 -1000 -1000 -10 -1 -1 -1
126 517 Car -1 -1 -10 318.08 184.22 382.16 233.62 -1000 -1000 -1000 -10 -1 -1 -1
126 518 Car -1 -1 -10 366.29 180.18 406.52 230.57 -1000 -1000 -1000 -10 -1 -1 -1
126 519 Pedestrian -1 -1 -10 621.05 181.43 657.80 271.38 -1000 -1000 -1000 -10 -1 -1 -1
127 520 Car -1 -1 -10 716.62 186.48 845.08 282.75 -1000 -1000 -1000 -10 -1 -1 -1
127 521 Car -1 -1 -10 638.95 187.51 726.09 254.58 -1000 -1000 -1000 -10 -1 -1 -1
127 522 Car -1 -1 -10 454.84 170.24 497.03 211.63 -1000 -1000 -1000 -10 -1 -1 -1
127 523 Car -1 -1 -10 538.31 182.96 574.90 221.69 -1000 -1000 -1000 -10 -1 -1 -1
127 524 Car -1 -1 -10 327.22 178.81 391.11 230.13 -1000 -1000 -1000 -10 -1 -1 -1
128 525 Car -1 -1 -10 713.65 185.59 845.93 284.55 -1000 -1000 -1000 -10 -1 -1 -1
128 526 Car -1 -1 -10 615.85 186.48 721.35 255.91 -1000 -1000 -1000 -10 -1 -1 -1
128 527 Car -1 -1 -10 444.06 170.38 485.22 211.75 -1000 -1000 -1000 -10 -1 -1 -1
128 528 Car -1 -1 -10 259.82 186.89 348.16 254.10 -1000 -1000 -1000 -10 -1 -1 -1
128 529 Car -1 -1 -10 311.15 178.82 375.49 237.06 -1000 -1000 -1000 -10 -1 -1 -1
129 530 Car -1 -1 -10 712.82 185.00 849.40 287.38 -1000 -1000 -1000 -10 -1 -1 -1
129 531 Car -1 -1 -10 608.65 188.00 716.90 255.46 -1000 -1000 -1000 -10 -1 -1 -1
129 532 Car -1 -1 -10 435.31 170.56 476.73 213.61 -1000 -1000 -1000 -10 -1 -1 -1
129 533 Car -1 -1 -10 240.92 189.28 331.35 258.46 -1000 -1000 -1000 -10 -1 -1 -1
129 534 Car -1 -1 -10 328.59 182.98 365.43 232.85 -1000 -1000 -1000 -10 -1 -1 -1
129 535 Car -1 -1 -10 298.68 181.31 362.14 235.08 -1000 -1000 -1000 -10 -1 -1 -1
130 536 Car -1 -1 -10 714.35 184.62 857.35 295.37 -1000 -1000 -1000 -10 -1 -1 -1
130 537 Car -1 -1 -10 602.79 188.95 716.81 263.08 -1000 -1000 -1000 -10 -1 -1 -1
130 538 Car -1 -1 -10 219.53 191.95 327.03 273.60 -1000 -1000 -1000 -10 -1 -1 -1
130 539 Car -1 -1 -10 427.45 174.46 471.15 216.40 -1000 -1000 -1000 -10 -1 -1 -1
130 540 Pedestrian -1 -1 -10 548.57 184.91 592.27 273.40 -1000 -1000 -1000 -10 -1 -1 -1
130 541 Car -1 -1 -10 310.12 185.48 356.60 237.66 -1000 -1000 -1000 -10 -1 -1 -1
131 542 Car -1 -1 -10 719.93 185.00 867.25 300.51 -1000 -1000 -1000 -10 -1 -1 -1
131 543 Car -1 -1 -10 598.61 189.30 725.99 271.18 -1000 -1000 -1000 -10 -1 -1 -1
131 544 Car -1 -1 -10 422.24 177.21 461.99 218.70 -1000 -1000 -1000 -10 -1 -1 -1
131 545 Pedestrian -1 -1 -10 540.25 183.94 577.88 265.76 -1000 -1000 -1000 -10 -1 -1 -1
131 546 Car -1 -1 -10 205.02 197.25 314.03 274.01 -1000 -1000 -1000 -10 -1 -1 -1
132 547 Car -1 -1 -10 724.95 186.64 879.90 310.24 -1000 -1000 -1000 -10 -1 -1 -1
132 548 Car -1 -1 -10 600.12 190.26 734.26 273.49 -1000 -1000 -1000 -10 -1 -1 -1
132 549 Car -1 -1 -10 421.01 179.22 459.09 218.70 -1000 -1000 -1000 -10 -1 -1 -1
132 550 Pedestrian -1 -1 -10 527.49 183.52 573.29 281.41 -1000 -1000 -1000 -10 -1 -1 -1
132 551 Car -1 -1 -10 173.21 201.01 306.36 283.81 -1000 -1000 -1000 -10 -1 -1 -1
132 552 Car -1 -1 -10 266.67 188.89 335.85 249.80 -1000 -1000 -1000 -10 -1 -1 -1
132 553 Car -1 -1 -10 549.75 181.96 612.74 241.12 -1000 -1000 -1000 -10 -1 -1 -1
133 554 Car -1 -1 -10 599.70 190.73 736.96 277.85 -1000 -1000 -1000 -10 -1 -1 -1
133 555 Car -1 -1 -10 734.78 186.32 895.55 315.94 -1000 -1000 -1000 -10 -1 -1 -1
133 556 Car -1 -1 -10 419.37 180.82 458.08 218.99 -1000 -1000 -1000 -10 -1 -1 -1
133 557 Car -1 -1 -10 165.02 203.86 284.64 291.12 -1000 -1000 -1000 -10 -1 -1 -1
133 558 Pedestrian -1 -1 -10 524.58 185.64 556.29 265.66 -1000 -1000 -1000 -10 -1 -1 -1
133 559 Car -1 -1 -10 259.22 191.20 330.74 252.47 -1000 -1000 -1000 -10 -1 -1 -1
133 560 Car -1 -1 -10 340.66 172.90 380.27 212.87 -1000 -1000 -1000 -10 -1 -1 -1
134 561 Car -1 -1 -10 746.57 185.11 921.51 326.08 -1000 -1000 -1000 -10 -1 -1 -1
134 562 Car -1 -1 -10 606.45 189.16 745.47 281.55 -1000 -1000 -1000 -10 -1 -1 -1
134 563 Car -1 -1 -10 141.58 201.18 291.67 292.41 -1000 -1000 -1000 -10 -1 -1 -1
134 564 Car -1 -1 -10 548.42 180.94 621.27 246.03 -1000 -1000 -1000 -10 -1 -1 -1
134 565 Car -1 -1 -10 420.65 179.84 459.27 218.14 -1000 -1000 -1000 -10 -1 -1 -1
134 566 Pedestrian -1 -1 -10 513.93 183.83 555.10 272.42 -1000 -1000 -1000 -10 -1 -1 -1
134 567 Car -1 -1 -10 257.00 191.09 327.03 251.76 -1000 -1000 -1000 -10 -1 -1 -1
135 568 Car -1 -1 -10 769.03 181.39 961.60 339.48 -1000 -1000 -1000 -10 -1 -1 -1
135 569 Car -1 -1 -10 611.01 186.15 761.70 282.66 -1000 -1000 -1000 -10 -1 -1 -1
135 570 Car -1 -1 -10 128.25 200.27 285.01 294.13 -1000 -1000 -1000 -10 -1 -1 -1
135 571 Car -1 -1 -10 550.36 179.02 627.05 246.67 -1000 -1000 -1000 -10 -1 -1 -1
135 572 Car -1 -1 -10 424.64 174.30 462.13 214.83 -1000 -1000 -1000 -10 -1 -1 -1
135 573 Pedestrian -1 -1 -10 508.36 181.88 549.95 268.38 -1000 -1000 -1000 -10 -1 -1 -1
135 574 Car -1 -1 -10 251.25 187.97 326.06 252.58 -1000 -1000 -1000 -10 -1 -1 -1
136 575 Car -1 -1 -10 793.60 178.66 1004.08 348.26 -1000 -1000 -1000 -10 -1 -1 -1
136 576 Car -1 -1 -10 620.34 182.82 778.99 282.72 -1000 -1000 -1000 -10 -1 -1 -1
136 577 Car -1 -1 -10 113.97 197.69 280.83 301.31 -1000 -1000 -1000 -10 -1 -1 -1
136 578 Car -1 -1 -10 547.92 176.62 634.63 244.62 -1000 -1000 -1000 -10 -1 -1 -1
136 579 Car -1 -1 -10 428.79 171.50 467.07 210.82 -1000 -1000 -1000 -10 -1 -1 -1
136 580 Car -1 -1 -10 245.70 183.68 318.73 255.85 -1000 -1000 -1000 -10 -1 -1 -1
136 581 Car -1 -1 -10 349.17 166.03 390.96 204.41 -1000 -1000 -1000 -10 -1 -1 -1
136 582 Car -1 -1 -10 308.04 186.74 346.76 232.39 -1000 -1000 -1000 -10 -1 -1 -1
136 583 Pedestrian -1 -1 -10 509.04 178.31 548.22 267.81 -1000 -1000 -1000 -10 -1 -1 -1
137 584 Car -1 -1 -10 822.87 175.69 1060.32 370.89 -1000 -1000 -1000 -10 -1 -1 -1
137 585 Car -1 -1 -10 627.87 179.51 802.62 287.92 -1000 -1000 -1000 -10 -1 -1 -1
137 586 Car -1 -1 -10 97.14 198.03 280.29 304.60 -1000 -1000 -1000 -10 -1 -1 -1
137 587 Pedestrian -1 -1 -10 507.62 175.21 551.23 269.43 -1000 -1000 -1000 -10 -1 -1 -1
137 588 Car -1 -1 -10 247.85 183.06 323.32 257.20 -1000 -1000 -1000 -10 -1 -1 -1
137 589 Car -1 -1 -10 558.61 172.37 649.94 243.24 -1000 -1000 -1000 -10 -1 -1 -1
137 590 Car -1 -1 -10 312.08 185.89 351.92 231.70 -1000 -1000 -1000 -10 -1 -1 -1
137 591 Car -1 -1 -10 436.13 174.24 472.67 209.39 -1000 -1000 -1000 -10 -1 -1 -1
138 592 Car -1 -1 -10 859.56 174.84 1138.93 371.86 -1000 -1000 -1000 -10 -1 -1 -1
138 593 Car -1 -1 -10 642.61 179.14 830.93 295.41 -1000 -1000 -1000 -10 -1 -1 -1
138 594 Car -1 -1 -10 77.94 197.13 279.77 312.44 -1000 -1000 -1000 -10 -1 -1 -1
138 595 Pedestrian -1 -1 -10 513.16 177.03 552.68 268.07 -1000 -1000 -1000 -10 -1 -1 -1
138 596 Car -1 -1 -10 318.25 184.51 355.45 232.19 -1000 -1000 -1000 -10 -1 -1 -1
138 597 Car -1 -1 -10 246.21 181.96 323.57 257.55 -1000 -1000 -1000 -10 -1 -1 -1
138 598 Car -1 -1 -10 568.93 171.82 661.26 245.67 -1000 -1000 -1000 -10 -1 -1 -1
138 599 Car -1 -1 -10 444.13 172.51 480.22 206.86 -1000 -1000 -1000 -10 -1 -1 -1
139 600 Car -1 -1 -10 906.94 179.12 1240.21 371.77 -1000 -1000 -1000 -10 -1 -1 -1
139 601 Car -1 -1 -10 657.24 179.78 861.01 304.65 -1000 -1000 -1000 -10 -1 -1 -1
139 602 Car -1 -1 -10 73.55 196.38 279.20 316.01 -1000 -1000 -1000 -10 -1 -1 -1
139 603 Car -1 -1 -10 580.15 171.19 679.87 249.36 -1000 -1000 -1000 -10 -1 -1 -1
139 604 Pedestrian -1 -1 -10 514.64 175.81 556.64 263.40 -1000 -1000 -1000 -10 -1 -1 -1
139 605 Car -1 -1 -10 548.33 178.18 595.03 229.58 -1000 -1000 -1000 -10 -1 -1 -1
139 606 Car -1 -1 -10 318.41 184.81 358.41 234.05 -1000 -1000 -1000 -10 -1 -1 -1
139 607 Car -1 -1 -10 246.54 181.63 331.71 255.78 -1000 -1000 -1000 -10 -1 -1 -1
139 608 Car -1 -1 -10 454.37 174.28 488.69 206.01 -1000 -1000 -1000 -10 -1 -1 -1
140 609 Car -1 -1 -10 964.11 181.44 1241.14 371.58 -1000 -1000 -1000 -10 -1 -1 -1
140 610 Car -1 -1 -10 670.23 182.41 895.93 317.73 -1000 -1000 -1000 -10 -1 -1 -1
140 611 Car -1 -1 -10 44.33 196.54 279.35 323.05 -1000 -1000 -1000 -10 -1 -1 -1
140 612 Car -1 -1 -10 588.12 172.84 694.15 254.94 -1000 -1000 -1000 -10 -1 -1 -1
140 613 Car -1 -1 -10 247.64 181.78 335.50 258.45 -1000 -1000 -1000 -10 -1 -1 -1
140 614 Car -1 -1 -10 324.29 185.57 367.28 233.85 -1000 -1000 -1000 -10 -1 -1 -1
140 615 Car -1 -1 -10 557.43 179.70 605.86 233.18 -1000 -1000 -1000 -10 -1 -1 -1
140 616 Pedestrian -1 -1 -10 517.86 176.90 559.83 268.86 -1000 -1000 -1000 -10 -1 -1 -1
141 617 Car -1 -1 -10 31.83 200.34 275.14 335.29 -1000 -1000 -1000 -10 -1 -1 -1
141 618 Car -1 -1 -10 686.25 184.81 935.83 328.92 -1000 -1000 -1000 -10 -1 -1 -1
141 619 Car -1 -1 -10 1019.17 182.42 1241.02 371.17 -1000 -1000 -1000 -10 -1 -1 -1
141 620 Car -1 -1 -10 600.19 174.90 707.51 257.86 -1000 -1000 -1000 -10 -1 -1 -1
141 621 Car -1 -1 -10 243.54 181.62 335.61 267.03 -1000 -1000 -1000 -10 -1 -1 -1
141 622 Pedestrian -1 -1 -10 526.26 175.33 562.94 267.48 -1000 -1000 -1000 -10 -1 -1 -1
141 623 Car -1 -1 -10 332.40 185.97 378.82 234.58 -1000 -1000 -1000 -10 -1 -1 -1
141 624 Car -1 -1 -10 573.29 181.49 616.58 235.70 -1000 -1000 -1000 -10 -1 -1 -1
141 625 Car -1 -1 -10 472.76 168.41 508.25 206.97 -1000 -1000 -1000 -10 -1 -1 -1
142 626 Car -1 -1 -10 1086.44 187.77 1241.44 373.62 -1000 -1000 -1000 -10 -1 -1 -1
142 627 Car -1 -1 -10 700.84 186.57 986.24 345.84 -1000 -1000 -1000 -10 -1 -1 -1
142 628 Car -1 -1 -10 7.29 202.43 270.85 341.68 -1000 -1000 -1000 -10 -1 -1 -1
142 629 Car -1 -1 -10 611.30 174.05 725.32 260.20 -1000 -1000 -1000 -10 -1 -1 -1
142 630 Car -1 -1 -10 240.39 183.46 338.55 270.86 -1000 -1000 -1000 -10 -1 -1 -1
142 631 Car -1 -1 -10 334.37 188.15 384.53 237.14 -1000 -1000 -1000 -10 -1 -1 -1
142 632 Pedestrian -1 -1 -10 529.78 175.79 566.29 269.88 -1000 -1000 -1000 -10 -1 -1 -1
142 633 Car -1 -1 -10 576.35 181.70 626.32 239.80 -1000 -1000 -1000 -10 -1 -1 -1
143 634 Car -1 -1 -10 720.84 187.68 1045.96 368.46 -1000 -1000 -1000 -10 -1 -1 -1
143 635 Car -1 -1 -10 0.00 202.81 265.15 360.30 -1000 -1000 -1000 -10 -1 -1 -1
143 636 Pedestrian -1 -1 -10 535.89 177.46 572.42 267.80 -1000 -1000 -1000 -10 -1 -1 -1
143 637 Car -1 -1 -10 1171.31 229.85 1241.28 374.40 -1000 -1000 -1000 -10 -1 -1 -1
143 638 Car -1 -1 -10 234.06 183.25 335.01 273.30 -1000 -1000 -1000 -10 -1 -1 -1
143 639 Car -1 -1 -10 622.69 175.31 741.69 265.18 -1000 -1000 -1000 -10 -1 -1 -1
143 640 Car -1 -1 -10 342.85 188.08 390.99 235.63 -1000 -1000 -1000 -10 -1 -1 -1
143 641 Car -1 -1 -10 586.83 181.17 640.86 240.01 -1000 -1000 -1000 -10 -1 -1 -1
143 642 Car -1 -1 -10 333.33 189.64 373.91 247.84 -1000 -1000 -1000 -10 -1 -1 -1
143 643 Car -1 -1 -10 413.51 167.98 453.51 203.57 -1000 -1000 -1000 -10 -1 -1 -1
144 644 Car -1 -1 -10 744.22 190.02 1125.89 374.01 -1000 -1000 -1000 -10 -1 -1 -1
144 645 Car -1 -1 -10 0.00 203.22 260.34 358.09 -1000 -1000 -1000 -10 -1 -1 -1
144 646 Car -1 -1 -10 637.21 175.22 764.98 269.21 -1000 -1000 -1000 -10 -1 -1 -1
144 647 Car -1 -1 -10 229.05 182.05 341.68 280.49 -1000 -1000 -1000 -10 -1 -1 -1
144 648 Pedestrian -1 -1 -10 542.77 176.58 575.21 265.36 -1000 -1000 -1000 -10 -1 -1 -1
144 649 Car -1 -1 -10 349.57 187.43 399.11 238.05 -1000 -1000 -1000 -10 -1 -1 -1
144 650 Car -1 -1 -10 333.14 191.66 378.57 249.73 -1000 -1000 -1000 -10 -1 -1 -1
145 651 Car -1 -1 -10 767.39 193.61 1217.07 374.26 -1000 -1000 -1000 -10 -1 -1 -1
145 652 Car -1 -1 -10 0.00 203.18 251.13 368.89 -1000 -1000 -1000 -10 -1 -1 -1
145 653 Car -1 -1 -10 647.46 174.96 783.45 273.01 -1000 -1000 -1000 -10 -1 -1 -1
145 654 Car -1 -1 -10 221.21 181.47 345.43 289.07 -1000 -1000 -1000 -10 -1 -1 -1
145 655 Pedestrian -1 -1 -10 543.88 174.62 578.69 267.91 -1000 -1000 -1000 -10 -1 -1 -1
145 656 Car -1 -1 -10 354.53 187.02 404.13 237.62 -1000 -1000 -1000 -10 -1 -1 -1
145 657 Car -1 -1 -10 611.80 180.60 666.20 247.47 -1000 -1000 -1000 -10 -1 -1 -1
145 658 Car -1 -1 -10 583.94 179.95 626.54 230.71 -1000 -1000 -1000 -10 -1 -1 -1
145 659 Car -1 -1 -10 333.10 190.20 377.38 253.39 -1000 -1000 -1000 -10 -1 -1 -1
145 660 Car -1 -1 -10 389.88 159.60 472.76 210.85 -1000 -1000 -1000 -10 -1 -1 -1
146 661 Car -1 -1 -10 796.88 194.61 1241.60 371.43 -1000 -1000 -1000 -10 -1 -1 -1
146 662 Car -1 -1 -10 0.00 203.00 239.07 373.07 -1000 -1000 -1000 -10 -1 -1 -1
146 663 Car -1 -1 -10 659.17 173.25 805.56 279.33 -1000 -1000 -1000 -10 -1 -1 -1
146 664 Car -1 -1 -10 208.43 180.28 346.67 288.35 -1000 -1000 -1000 -10 -1 -1 -1
146 665 Pedestrian -1 -1 -10 549.27 176.26 586.72 265.58 -1000 -1000 -1000 -10 -1 -1 -1
146 666 Car -1 -1 -10 334.71 191.35 383.93 253.58 -1000 -1000 -1000 -10 -1 -1 -1
146 667 Car -1 -1 -10 617.45 179.91 677.62 246.89 -1000 -1000 -1000 -10 -1 -1 -1
146 668 Car -1 -1 -10 362.69 186.22 410.64 233.34 -1000 -1000 -1000 -10 -1 -1 -1
146 669 Pedestrian -1 -1 -10 886.33 157.93 924.05 205.86 -1000 -1000 -1000 -10 -1 -1 -1
146 670 Car -1 -1 -10 518.15 163.20 554.84 203.63 -1000 -1000 -1000 -10 -1 -1 -1
147 671 Car -1 -1 -10 0.00 202.22 227.63 375.00 -1000 -1000 -1000 -10 -1 -1 -1
147 672 Car -1 -1 -10 824.12 195.62 1241.37 372.79 -1000 -1000 -1000 -10 -1 -1 -1
147 673 Car -1 -1 -10 672.24 172.04 834.32 282.15 -1000 -1000 -1000 -10 -1 -1 -1
147 674 Car -1 -1 -10 194.08 177.05 345.85 292.73 -1000 -1000 -1000 -10 -1 -1 -1
147 675 Car -1 -1 -10 333.14 188.84 379.44 251.08 -1000 -1000 -1000 -10 -1 -1 -1
147 676 Car -1 -1 -10 362.71 182.74 415.10 232.15 -1000 -1000 -1000 -10 -1 -1 -1
147 677 Pedestrian -1 -1 -10 555.19 172.01 594.60 266.39 -1000 -1000 -1000 -10 -1 -1 -1
147 678 Car -1 -1 -10 631.01 179.77 693.53 249.54 -1000 -1000 -1000 -10 -1 -1 -1
147 679 Pedestrian -1 -1 -10 920.07 156.34 962.73 221.08 -1000 -1000 -1000 -10 -1 -1 -1
148 680 Car -1 -1 -10 861.80 200.45 1241.49 371.22 -1000 -1000 -1000 -10 -1 -1 -1
148 681 Car -1 -1 -10 0.09 203.32 208.62 373.88 -1000 -1000 -1000 -10 -1 -1 -1
148 682 Car -1 -1 -10 686.52 169.50 860.77 286.22 -1000 -1000 -1000 -10 -1 -1 -1
148 683 Car -1 -1 -10 174.40 174.34 343.93 297.72 -1000 -1000 -1000 -10 -1 -1 -1
148 684 Car -1 -1 -10 330.87 186.04 384.28 251.66 -1000 -1000 -1000 -10 -1 -1 -1
148 685 Pedestrian -1 -1 -10 954.28 154.51 1001.79 252.75 -1000 -1000 -1000 -10 -1 -1 -1
148 686 Car -1 -1 -10 368.05 181.40 420.05 232.81 -1000 -1000 -1000 -10 -1 -1 -1
148 687 Pedestrian -1 -1 -10 560.08 168.11 598.26 270.19 -1000 -1000 -1000 -10 -1 -1 -1
148 688 Car -1 -1 -10 635.05 176.99 705.23 247.07 -1000 -1000 -1000 -10 -1 -1 -1
149 689 Car -1 -1 -10 911.83 209.19 1241.15 371.63 -1000 -1000 -1000 -10 -1 -1 -1
149 690 Car -1 -1 -10 0.22 208.02 188.22 373.98 -1000 -1000 -1000 -10 -1 -1 -1
149 691 Car -1 -1 -10 699.12 170.15 889.52 298.11 -1000 -1000 -1000 -10 -1 -1 -1
149 692 Car -1 -1 -10 153.30 174.58 342.50 305.06 -1000 -1000 -1000 -10 -1 -1 -1
149 693 Pedestrian -1 -1 -10 992.92 153.41 1047.85 280.70 -1000 -1000 -1000 -10 -1 -1 -1
149 694 Car -1 -1 -10 365.83 181.77 423.61 234.11 -1000 -1000 -1000 -10 -1 -1 -1
149 695 Car -1 -1 -10 330.41 188.69 391.25 254.57 -1000 -1000 -1000 -10 -1 -1 -1
149 696 Pedestrian -1 -1 -10 566.41 168.41 604.21 268.81 -1000 -1000 -1000 -10 -1 -1 -1
149 697 Car -1 -1 -10 648.19 177.97 723.04 254.41 -1000 -1000 -1000 -10 -1 -1 -1
150 698 Car -1 -1 -10 713.60 172.25 924.22 310.27 -1000 -1000 -1000 -10 -1 -1 -1
150 699 Car -1 -1 -10 0.25 211.86 163.39 371.08 -1000 -1000 -1000 -10 -1 -1 -1
150 700 Car -1 -1 -10 131.20 175.82 336.65 315.35 -1000 -1000 -1000 -10 -1 -1 -1
150 701 Pedestrian -1 -1 -10 1036.90 153.43 1097.18 289.75 -1000 -1000 -1000 -10 -1 -1 -1
150 702 Car -1 -1 -10 368.73 182.80 426.68 237.31 -1000 -1000 -1000 -10 -1 -1 -1
150 703 Pedestrian -1 -1 -10 569.45 173.12 608.63 270.86 -1000 -1000 -1000 -10 -1 -1 -1
150 704 Car -1 -1 -10 659.23 178.04 743.08 259.63 -1000 -1000 -1000 -10 -1 -1 -1
150 705 Car -1 -1 -10 320.06 191.77 394.50 259.37 -1000 -1000 -1000 -10 -1 -1 -1
150 706 Car -1 -1 -10 360.26 188.56 396.35 247.99 -1000 -1000 -1000 -10 -1 -1 -1
151 707 Car -1 -1 -10 0.37 219.85 127.77 374.32 -1000 -1000 -1000 -10 -1 -1 -1
151 708 Car -1 -1 -10 727.71 174.16 960.48 325.87 -1000 -1000 -1000 -10 -1 -1 -1
151 709 Car -1 -1 -10 92.24 177.25 329.89 326.89 -1000 -1000 -1000 -10 -1 -1 -1
151 710 Car -1 -1 -10 318.30 193.13 395.60 264.40 -1000 -1000 -1000 -10 -1 -1 -1
151 711 Pedestrian -1 -1 -10 1090.40 157.27 1156.04 305.57 -1000 -1000 -1000 -10 -1 -1 -1
151 712 Pedestrian -1 -1 -10 575.90 174.75 611.00 265.65 -1000 -1000 -1000 -10 -1 -1 -1
151 713 Car -1 -1 -10 369.94 186.16 429.14 239.37 -1000 -1000 -1000 -10 -1 -1 -1
151 714 Car -1 -1 -10 667.49 178.88 761.79 272.42 -1000 -1000 -1000 -10 -1 -1 -1
152 715 Car -1 -1 -10 742.91 175.93 1008.54 344.29 -1000 -1000 -1000 -10 -1 -1 -1
152 716 Car -1 -1 -10 42.82 180.37 321.70 336.45 -1000 -1000 -1000 -10 -1 -1 -1
152 717 Car -1 -1 -10 0.10 222.74 89.88 374.33 -1000 -1000 -1000 -10 -1 -1 -1
152 718 Car -1 -1 -10 675.75 182.57 778.48 273.93 -1000 -1000 -1000 -10 -1 -1 -1
152 719 Car -1 -1 -10 309.04 197.88 391.10 272.69 -1000 -1000 -1000 -10 -1 -1 -1
152 720 Pedestrian -1 -1 -10 1153.37 158.11 1237.26 326.69 -1000 -1000 -1000 -10 -1 -1 -1
152 721 Car -1 -1 -10 365.52 188.85 429.66 246.49 -1000 -1000 -1000 -10 -1 -1 -1
152 722 Pedestrian -1 -1 -10 580.45 174.90 615.43 266.45 -1000 -1000 -1000 -10 -1 -1 -1
152 723 Car -1 -1 -10 617.73 177.39 643.15 214.38 -1000 -1000 -1000 -10 -1 -1 -1
153 724 Car -1 -1 -10 759.25 177.67 1063.45 365.37 -1000 -1000 -1000 -10 -1 -1 -1
153 725 Car -1 -1 -10 0.00 182.52 310.59 365.77 -1000 -1000 -1000 -10 -1 -1 -1
153 726 Car -1 -1 -10 684.56 184.40 798.18 277.79 -1000 -1000 -1000 -10 -1 -1 -1
153 727 Pedestrian -1 -1 -10 584.12 175.54 618.78 264.22 -1000 -1000 -1000 -10 -1 -1 -1
153 728 Car -1 -1 -10 297.69 199.46 388.80 278.92 -1000 -1000 -1000 -10 -1 -1 -1
153 729 Car -1 -1 -10 362.79 190.48 428.34 246.64 -1000 -1000 -1000 -10 -1 -1 -1
153 730 Car -1 -1 -10 657.73 184.35 711.54 250.88 -1000 -1000 -1000 -10 -1 -1 -1
