0 2872 Car -1 -1 -10 0.09 181.04 102.79 234.78 -1000 -1000 -1000 -10 -1 -1 -1
0 2873 Car -1 -1 -10 97.90 169.57 216.46 226.12 -1000 -1000 -1000 -10 -1 -1 -1
1 2874 Car -1 -1 -10 0.16 176.70 69.73 236.79 -1000 -1000 -1000 -10 -1 -1 -1
1 2875 Car -1 -1 -10 63.80 168.48 201.16 229.82 -1000 -1000 -1000 -10 -1 -1 -1
2 2876 Car -1 -1 -10 0.04 184.50 34.13 240.84 -1000 -1000 -1000 -10 -1 -1 -1
3 2877 Car -1 -1 -10 0.94 175.07 149.17 236.21 -1000 -1000 -1000 -10 -1 -1 -1
4 2878 Car -1 -1 -10 0.14 174.86 126.20 242.29 -1000 -1000 -1000 -10 -1 -1 -1
4 2879 Car -1 -1 -10 120.99 179.64 214.47 226.62 -1000 -1000 -1000 -10 -1 -1 -1
5 2880 Car -1 -1 -10 0.00 174.25 81.39 237.50 -1000 -1000 -1000 -10 -1 -1 -1
5 2881 Car -1 -1 -10 82.42 177.76 190.82 228.73 -1000 -1000 -1000 -10 -1 -1 -1
6 2882 Car -1 -1 -10 47.35 176.81 167.90 229.13 -1000 -1000 -1000 -10 -1 -1 -1
6 2883 Car -1 -1 -10 0.01 171.15 42.69 237.38 -1000 -1000 -1000 -10 -1 -1 -1
7 2884 Car -1 -1 -10 2.39 176.06 140.58 231.63 -1000 -1000 -1000 -10 -1 -1 -1
8 2885 Car -1 -1 -10 0.00 177.20 111.89 233.63 -1000 -1000 -1000 -10 -1 -1 -1
14 2886 Car -1 -1 -10 0.05 151.79 88.25 244.86 -1000 -1000 -1000 -10 -1 -1 -1
38 2887 Car -1 -1 -10 0.00 167.42 49.57 225.32 -1000 -1000 -1000 -10 -1 -1 -1
51 2888 Car -1 -1 -10 479.47 178.39 525.03 202.53 -1000 -1000 -1000 -10 -1 -1 -1
56 2889 Car -1 -1 -10 405.67 180.64 467.02 205.27 -1000 -1000 -1000 -10 -1 -1 -1
57 2890 Car -1 -1 -10 384.29 180.21 451.69 210.88 -1000 -1000 -1000 -10 -1 -1 -1
58 2891 Car -1 -1 -10 364.48 179.63 438.42 213.41 -1000 -1000 -1000 -10 -1 -1 -1
59 2892 Car -1 -1 -10 701.18 172.41 735.27 201.81 -1000 -1000 -1000 -10 -1 -1 -1
60 2893 Car -1 -1 -10 310.21 179.13 398.57 218.62 -1000 -1000 -1000 -10 -1 -1 -1
61 2894 Car -1 -1 -10 280.61 179.88 376.82 221.27 -1000 -1000 -1000 -10 -1 -1 -1
61 2895 Car -1 -1 -10 697.03 172.97 732.58 201.75 -1000 -1000 -1000 -10 -1 -1 -1
62 2896 Car -1 -1 -10 244.51 179.61 354.80 223.88 -1000 -1000 -1000 -10 -1 -1 -1
62 2897 Car -1 -1 -10 696.16 169.21 732.35 201.45 -1000 -1000 -1000 -10 -1 -1 -1
63 2898 Car -1 -1 -10 204.48 180.42 327.05 229.85 -1000 -1000 -1000 -10 -1 -1 -1
64 2899 Car -1 -1 -10 155.72 178.65 297.13 235.34 -1000 -1000 -1000 -10 -1 -1 -1
64 2900 Car -1 -1 -10 692.73 171.25 733.50 202.50 -1000 -1000 -1000 -10 -1 -1 -1
65 2901 Car -1 -1 -10 94.78 181.69 259.36 246.05 -1000 -1000 -1000 -10 -1 -1 -1
65 2902 Car -1 -1 -10 694.10 174.47 735.21 205.35 -1000 -1000 -1000 -10 -1 -1 -1
66 2903 Car -1 -1 -10 21.99 186.92 219.53 259.32 -1000 -1000 -1000 -10 -1 -1 -1
66 2904 Car -1 -1 -10 693.39 176.79 738.18 208.28 -1000 -1000 -1000 -10 -1 -1 -1
66 2905 Car -1 -1 -10 1054.07 158.64 1117.26 179.58 -1000 -1000 -1000 -10 -1 -1 -1
67 2906 Car -1 -1 -10 0.00 188.54 171.52 269.99 -1000 -1000 -1000 -10 -1 -1 -1
67 2907 Car -1 -1 -10 694.33 174.01 739.07 208.33 -1000 -1000 -1000 -10 -1 -1 -1
67 2908 Car -1 -1 -10 1061.05 156.61 1117.53 178.98 -1000 -1000 -1000 -10 -1 -1 -1
68 2909 Car -1 -1 -10 0.16 189.00 104.81 268.18 -1000 -1000 -1000 -10 -1 -1 -1
68 2910 Car -1 -1 -10 694.16 171.21 741.04 207.70 -1000 -1000 -1000 -10 -1 -1 -1
68 2911 Car -1 -1 -10 1060.89 154.02 1123.46 177.12 -1000 -1000 -1000 -10 -1 -1 -1
69 2912 Car -1 -1 -10 695.80 170.07 744.37 207.84 -1000 -1000 -1000 -10 -1 -1 -1
69 2913 Car -1 -1 -10 1085.36 152.46 1129.76 171.72 -1000 -1000 -1000 -10 -1 -1 -1
69 2914 Car -1 -1 -10 0.16 196.93 25.15 260.55 -1000 -1000 -1000 -10 -1 -1 -1
70 2915 Car -1 -1 -10 696.70 170.04 747.63 209.56 -1000 -1000 -1000 -10 -1 -1 -1
71 2916 Car -1 -1 -10 699.20 170.90 750.27 210.78 -1000 -1000 -1000 -10 -1 -1 -1
72 2917 Car -1 -1 -10 699.63 172.82 753.38 213.47 -1000 -1000 -1000 -10 -1 -1 -1
73 2918 Car -1 -1 -10 700.65 173.34 756.56 218.04 -1000 -1000 -1000 -10 -1 -1 -1
74 2919 Car -1 -1 -10 701.69 178.66 763.48 220.28 -1000 -1000 -1000 -10 -1 -1 -1
75 2920 Car -1 -1 -10 706.32 179.87 767.44 222.71 -1000 -1000 -1000 -10 -1 -1 -1
76 2921 Car -1 -1 -10 708.70 179.05 774.04 224.13 -1000 -1000 -1000 -10 -1 -1 -1
77 2923 Car -1 -1 -10 715.20 176.75 780.04 222.86 -1000 -1000 -1000 -10 -1 -1 -1
78 2926 Car -1 -1 -10 713.77 173.26 783.85 224.83 -1000 -1000 -1000 -10 -1 -1 -1
79 2927 Car -1 -1 -10 713.86 174.56 790.83 227.60 -1000 -1000 -1000 -10 -1 -1 -1
80 2929 Car -1 -1 -10 719.54 178.99 796.84 231.39 -1000 -1000 -1000 -10 -1 -1 -1
81 2931 Car -1 -1 -10 723.47 178.33 803.72 236.33 -1000 -1000 -1000 -10 -1 -1 -1
81 2932 Car -1 -1 -10 1144.82 154.21 1227.52 179.52 -1000 -1000 -1000 -10 -1 -1 -1
82 2933 Car -1 -1 -10 725.16 181.20 811.49 239.46 -1000 -1000 -1000 -10 -1 -1 -1
82 2935 Car -1 -1 -10 1147.91 154.71 1231.54 182.19 -1000 -1000 -1000 -10 -1 -1 -1
82 2936 Car -1 -1 -10 1149.29 155.31 1230.41 179.89 -1000 -1000 -1000 -10 -1 -1 -1
83 2937 Car -1 -1 -10 729.29 181.50 820.39 243.38 -1000 -1000 -1000 -10 -1 -1 -1
84 2939 Car -1 -1 -10 729.75 181.20 828.61 244.20 -1000 -1000 -1000 -10 -1 -1 -1
84 2941 Car -1 -1 -10 371.26 183.22 409.38 201.51 -1000 -1000 -1000 -10 -1 -1 -1
84 2942 Car -1 -1 -10 1157.52 153.77 1240.68 182.82 -1000 -1000 -1000 -10 -1 -1 -1
85 2943 Car -1 -1 -10 734.15 182.23 836.76 247.65 -1000 -1000 -1000 -10 -1 -1 -1
86 2945 Car -1 -1 -10 736.78 182.38 848.39 251.12 -1000 -1000 -1000 -10 -1 -1 -1
87 2947 Car -1 -1 -10 741.86 182.41 861.38 256.98 -1000 -1000 -1000 -10 -1 -1 -1
87 2949 Car -1 -1 -10 374.09 181.96 421.00 202.62 -1000 -1000 -1000 -10 -1 -1 -1
88 2950 Car -1 -1 -10 744.42 180.35 875.05 259.34 -1000 -1000 -1000 -10 -1 -1 -1
88 2951 Car -1 -1 -10 378.88 181.59 425.30 202.37 -1000 -1000 -1000 -10 -1 -1 -1
89 2953 Car -1 -1 -10 749.59 181.40 886.45 262.48 -1000 -1000 -1000 -10 -1 -1 -1
89 2954 Car -1 -1 -10 380.86 181.29 434.44 202.36 -1000 -1000 -1000 -10 -1 -1 -1
90 2956 Car -1 -1 -10 754.78 181.63 901.57 267.93 -1000 -1000 -1000 -10 -1 -1 -1
90 2957 Car -1 -1 -10 382.04 180.00 437.24 202.90 -1000 -1000 -1000 -10 -1 -1 -1
91 2959 Car -1 -1 -10 760.66 180.97 916.64 274.44 -1000 -1000 -1000 -10 -1 -1 -1
91 2961 Car -1 -1 -10 387.12 180.56 445.18 203.60 -1000 -1000 -1000 -10 -1 -1 -1
92 2962 Car -1 -1 -10 767.77 182.38 934.43 280.63 -1000 -1000 -1000 -10 -1 -1 -1
92 2964 Car -1 -1 -10 394.63 181.41 449.38 203.23 -1000 -1000 -1000 -10 -1 -1 -1
93 2965 Car -1 -1 -10 772.44 182.91 952.99 288.41 -1000 -1000 -1000 -10 -1 -1 -1
93 2967 Car -1 -1 -10 398.68 180.09 459.14 203.71 -1000 -1000 -1000 -10 -1 -1 -1
94 2968 Car -1 -1 -10 777.76 183.13 972.99 295.05 -1000 -1000 -1000 -10 -1 -1 -1
94 2970 Car -1 -1 -10 765.21 173.92 824.54 194.57 -1000 -1000 -1000 -10 -1 -1 -1
94 2971 Car -1 -1 -10 407.55 179.15 465.74 201.95 -1000 -1000 -1000 -10 -1 -1 -1
95 2972 Car -1 -1 -10 785.71 183.60 997.82 303.22 -1000 -1000 -1000 -10 -1 -1 -1
95 2974 Car -1 -1 -10 546.54 172.53 614.31 203.82 -1000 -1000 -1000 -10 -1 -1 -1
95 2975 Car -1 -1 -10 756.11 165.67 823.31 194.89 -1000 -1000 -1000 -10 -1 -1 -1
96 2976 Car -1 -1 -10 790.28 186.47 1021.03 311.48 -1000 -1000 -1000 -10 -1 -1 -1
96 2978 Car -1 -1 -10 745.67 168.91 818.58 195.97 -1000 -1000 -1000 -10 -1 -1 -1
97 2979 Car -1 -1 -10 798.23 185.77 1049.94 318.17 -1000 -1000 -1000 -10 -1 -1 -1
97 2980 Car -1 -1 -10 740.18 167.20 807.04 196.91 -1000 -1000 -1000 -10 -1 -1 -1
97 2982 Car -1 -1 -10 522.15 173.80 588.75 204.26 -1000 -1000 -1000 -10 -1 -1 -1
98 2983 Car -1 -1 -10 806.61 184.78 1080.46 333.57 -1000 -1000 -1000 -10 -1 -1 -1
98 2984 Car -1 -1 -10 512.01 173.52 576.73 205.94 -1000 -1000 -1000 -10 -1 -1 -1
98 2986 Car -1 -1 -10 732.34 167.81 796.97 195.17 -1000 -1000 -1000 -10 -1 -1 -1
99 2987 Car -1 -1 -10 813.97 186.13 1113.24 343.42 -1000 -1000 -1000 -10 -1 -1 -1
99 2988 Car -1 -1 -10 499.89 174.62 561.49 208.29 -1000 -1000 -1000 -10 -1 -1 -1
99 2989 Car -1 -1 -10 723.97 166.40 787.53 196.24 -1000 -1000 -1000 -10 -1 -1 -1
100 2991 Car -1 -1 -10 823.41 190.99 1153.50 351.31 -1000 -1000 -1000 -10 -1 -1 -1
100 2992 Car -1 -1 -10 701.97 169.10 778.21 199.83 -1000 -1000 -1000 -10 -1 -1 -1
100 2993 Car -1 -1 -10 245.94 185.20 296.59 210.87 -1000 -1000 -1000 -10 -1 -1 -1
101 2994 Car -1 -1 -10 830.93 192.51 1197.43 365.61 -1000 -1000 -1000 -10 -1 -1 -1
101 2995 Car -1 -1 -10 692.10 168.03 765.63 200.48 -1000 -1000 -1000 -10 -1 -1 -1
101 2996 Pedestrian -1 -1 -10 443.25 173.29 463.11 223.23 -1000 -1000 -1000 -10 -1 -1 -1
102 2997 Car -1 -1 -10 842.06 195.54 1242.00 372.96 -1000 -1000 -1000 -10 -1 -1 -1
102 2998 Car -1 -1 -10 682.09 166.87 756.81 202.00 -1000 -1000 -1000 -10 -1 -1 -1
102 2999 Car -1 -1 -10 218.96 181.04 299.88 214.00 -1000 -1000 -1000 -10 -1 -1 -1
103 3000 Car -1 -1 -10 852.43 195.31 1241.35 373.77 -1000 -1000 -1000 -10 -1 -1 -1
103 3001 Car -1 -1 -10 670.41 168.48 747.24 202.06 -1000 -1000 -1000 -10 -1 -1 -1
104 3002 Car -1 -1 -10 863.18 198.62 1241.36 374.76 -1000 -1000 -1000 -10 -1 -1 -1
104 3003 Car -1 -1 -10 666.22 171.20 733.84 202.50 -1000 -1000 -1000 -10 -1 -1 -1
105 3004 Car -1 -1 -10 875.50 200.87 1241.78 374.03 -1000 -1000 -1000 -10 -1 -1 -1
105 3005 Car -1 -1 -10 646.48 166.94 726.12 202.60 -1000 -1000 -1000 -10 -1 -1 -1
105 3006 Car -1 -1 -10 356.37 178.62 451.42 226.74 -1000 -1000 -1000 -10 -1 -1 -1
106 3007 Car -1 -1 -10 889.17 203.32 1241.74 374.28 -1000 -1000 -1000 -10 -1 -1 -1
106 3008 Car -1 -1 -10 327.91 179.18 442.93 227.97 -1000 -1000 -1000 -10 -1 -1 -1
106 3009 Car -1 -1 -10 842.79 167.24 937.67 201.43 -1000 -1000 -1000 -10 -1 -1 -1
106 3010 Car -1 -1 -10 513.64 177.22 581.68 202.84 -1000 -1000 -1000 -10 -1 -1 -1
106 3011 Car -1 -1 -10 642.15 168.24 710.95 201.59 -1000 -1000 -1000 -10 -1 -1 -1
107 3012 Car -1 -1 -10 906.22 206.14 1241.72 371.19 -1000 -1000 -1000 -10 -1 -1 -1
107 3013 Car -1 -1 -10 303.72 180.02 424.37 232.17 -1000 -1000 -1000 -10 -1 -1 -1
107 3014 Car -1 -1 -10 525.82 174.61 590.12 202.61 -1000 -1000 -1000 -10 -1 -1 -1
107 3015 Car -1 -1 -10 843.35 166.93 929.59 199.97 -1000 -1000 -1000 -10 -1 -1 -1
107 3016 Car -1 -1 -10 230.55 180.88 303.36 214.30 -1000 -1000 -1000 -10 -1 -1 -1
107 3017 Car -1 -1 -10 636.37 169.02 701.59 203.21 -1000 -1000 -1000 -10 -1 -1 -1
108 3018 Car -1 -1 -10 921.85 207.53 1241.58 370.00 -1000 -1000 -1000 -10 -1 -1 -1
108 3019 Car -1 -1 -10 271.04 180.64 400.65 234.12 -1000 -1000 -1000 -10 -1 -1 -1
108 3020 Car -1 -1 -10 610.58 167.63 692.21 203.47 -1000 -1000 -1000 -10 -1 -1 -1
108 3021 Car -1 -1 -10 547.85 173.82 602.07 203.14 -1000 -1000 -1000 -10 -1 -1 -1
108 3022 Pedestrian -1 -1 -10 412.75 174.30 433.39 232.03 -1000 -1000 -1000 -10 -1 -1 -1
108 3023 Car -1 -1 -10 234.06 180.59 296.23 213.04 -1000 -1000 -1000 -10 -1 -1 -1
109 3024 Car -1 -1 -10 936.76 210.18 1241.66 371.22 -1000 -1000 -1000 -10 -1 -1 -1
109 3025 Car -1 -1 -10 596.05 168.11 679.62 206.89 -1000 -1000 -1000 -10 -1 -1 -1
109 3026 Car -1 -1 -10 237.40 180.73 375.46 239.95 -1000 -1000 -1000 -10 -1 -1 -1
109 3027 Car -1 -1 -10 546.75 173.22 598.97 203.41 -1000 -1000 -1000 -10 -1 -1 -1
109 3028 Pedestrian -1 -1 -10 428.92 173.70 451.37 223.19 -1000 -1000 -1000 -10 -1 -1 -1
110 3029 Car -1 -1 -10 956.25 212.56 1241.11 371.48 -1000 -1000 -1000 -10 -1 -1 -1
110 3030 Car -1 -1 -10 203.01 181.07 352.17 246.22 -1000 -1000 -1000 -10 -1 -1 -1
110 3031 Car -1 -1 -10 580.56 170.14 669.08 208.26 -1000 -1000 -1000 -10 -1 -1 -1
110 3032 Pedestrian -1 -1 -10 427.97 174.28 448.25 221.47 -1000 -1000 -1000 -10 -1 -1 -1
110 3033 Pedestrian -1 -1 -10 407.49 170.56 427.84 233.77 -1000 -1000 -1000 -10 -1 -1 -1
111 3034 Car -1 -1 -10 974.44 216.23 1240.83 371.24 -1000 -1000 -1000 -10 -1 -1 -1
111 3035 Car -1 -1 -10 156.44 180.65 330.72 251.93 -1000 -1000 -1000 -10 -1 -1 -1
111 3036 Car -1 -1 -10 569.99 172.85 655.64 208.46 -1000 -1000 -1000 -10 -1 -1 -1
111 3037 Pedestrian -1 -1 -10 427.19 172.63 448.34 222.58 -1000 -1000 -1000 -10 -1 -1 -1
111 3038 Car -1 -1 -10 803.40 165.34 905.45 201.91 -1000 -1000 -1000 -10 -1 -1 -1
111 3039 Pedestrian -1 -1 -10 405.40 171.32 425.94 233.47 -1000 -1000 -1000 -10 -1 -1 -1
112 3040 Car -1 -1 -10 107.98 185.28 293.66 260.60 -1000 -1000 -1000 -10 -1 -1 -1
112 3041 Car -1 -1 -10 993.28 229.54 1241.33 371.72 -1000 -1000 -1000 -10 -1 -1 -1
112 3042 Car -1 -1 -10 579.07 172.99 643.67 208.94 -1000 -1000 -1000 -10 -1 -1 -1
113 3043 Car -1 -1 -10 49.79 185.55 258.38 269.86 -1000 -1000 -1000 -10 -1 -1 -1
113 3044 Car -1 -1 -10 1012.85 253.37 1241.30 373.33 -1000 -1000 -1000 -10 -1 -1 -1
113 3045 Car -1 -1 -10 537.74 171.52 632.03 211.28 -1000 -1000 -1000 -10 -1 -1 -1
113 3046 Car -1 -1 -10 260.06 180.12 349.97 215.11 -1000 -1000 -1000 -10 -1 -1 -1
113 3047 Pedestrian -1 -1 -10 395.70 172.35 421.13 236.60 -1000 -1000 -1000 -10 -1 -1 -1
114 3048 Car -1 -1 -10 0.00 188.13 220.61 280.68 -1000 -1000 -1000 -10 -1 -1 -1
114 3049 Car -1 -1 -10 266.42 179.29 358.08 217.47 -1000 -1000 -1000 -10 -1 -1 -1
114 3050 Car -1 -1 -10 1033.69 276.80 1241.32 373.66 -1000 -1000 -1000 -10 -1 -1 -1
114 3051 Pedestrian -1 -1 -10 391.90 171.29 419.06 238.70 -1000 -1000 -1000 -10 -1 -1 -1
115 3052 Car -1 -1 -10 0.23 191.34 173.15 293.46 -1000 -1000 -1000 -10 -1 -1 -1
115 3053 Car -1 -1 -10 275.09 179.49 362.82 217.41 -1000 -1000 -1000 -10 -1 -1 -1
115 3054 Car -1 -1 -10 1057.66 307.00 1241.33 374.56 -1000 -1000 -1000 -10 -1 -1 -1
115 3055 Pedestrian -1 -1 -10 392.10 171.12 416.96 239.00 -1000 -1000 -1000 -10 -1 -1 -1
115 3056 Car -1 -1 -10 509.40 171.24 602.08 212.17 -1000 -1000 -1000 -10 -1 -1 -1
115 3057 Car -1 -1 -10 508.78 180.29 554.05 212.04 -1000 -1000 -1000 -10 -1 -1 -1
115 3058 Car -1 -1 -10 1033.21 172.91 1068.16 198.60 -1000 -1000 -1000 -10 -1 -1 -1
116 3059 Car -1 -1 -10 0.21 187.48 119.07 287.76 -1000 -1000 -1000 -10 -1 -1 -1
116 3060 Car -1 -1 -10 491.60 169.96 591.54 213.92 -1000 -1000 -1000 -10 -1 -1 -1
116 3061 Car -1 -1 -10 282.65 179.74 373.45 215.48 -1000 -1000 -1000 -10 -1 -1 -1
116 3062 Car -1 -1 -10 755.91 172.19 832.83 202.66 -1000 -1000 -1000 -10 -1 -1 -1
116 3063 Pedestrian -1 -1 -10 389.27 171.44 413.77 240.29 -1000 -1000 -1000 -10 -1 -1 -1
116 3065 Car -1 -1 -10 620.10 172.16 670.78 203.01 -1000 -1000 -1000 -10 -1 -1 -1
117 3067 Car -1 -1 -10 475.63 169.85 576.42 215.90 -1000 -1000 -1000 -10 -1 -1 -1
117 3068 Car -1 -1 -10 745.66 171.46 828.64 202.47 -1000 -1000 -1000 -10 -1 -1 -1
117 3069 Car -1 -1 -10 1009.48 158.14 1101.03 204.98 -1000 -1000 -1000 -10 -1 -1 -1
117 3070 Car -1 -1 -10 0.05 187.03 49.77 294.63 -1000 -1000 -1000 -10 -1 -1 -1
117 3071 Car -1 -1 -10 293.05 180.14 378.81 215.25 -1000 -1000 -1000 -10 -1 -1 -1
117 3073 Pedestrian -1 -1 -10 384.28 170.99 410.96 241.38 -1000 -1000 -1000 -10 -1 -1 -1
118 3075 Car -1 -1 -10 461.85 170.18 564.65 217.66 -1000 -1000 -1000 -10 -1 -1 -1
118 3076 Car -1 -1 -10 728.73 171.14 825.11 203.23 -1000 -1000 -1000 -10 -1 -1 -1
118 3077 Pedestrian -1 -1 -10 383.28 171.35 408.29 242.36 -1000 -1000 -1000 -10 -1 -1 -1
118 3078 Car -1 -1 -10 996.89 159.24 1095.87 205.17 -1000 -1000 -1000 -10 -1 -1 -1
119 3079 Car -1 -1 -10 443.48 171.68 548.98 218.08 -1000 -1000 -1000 -10 -1 -1 -1
119 3080 Car -1 -1 -10 716.76 172.31 816.88 203.29 -1000 -1000 -1000 -10 -1 -1 -1
119 3081 Pedestrian -1 -1 -10 382.05 173.39 406.74 243.74 -1000 -1000 -1000 -10 -1 -1 -1
120 3082 Car -1 -1 -10 704.45 171.63 806.13 203.90 -1000 -1000 -1000 -10 -1 -1 -1
120 3083 Car -1 -1 -10 426.49 171.18 535.43 219.65 -1000 -1000 -1000 -10 -1 -1 -1
120 3084 Pedestrian -1 -1 -10 378.06 173.58 404.91 243.49 -1000 -1000 -1000 -10 -1 -1 -1
120 3085 Car -1 -1 -10 974.68 158.52 1078.65 201.40 -1000 -1000 -1000 -10 -1 -1 -1
121 3086 Pedestrian -1 -1 -10 376.67 173.52 403.95 243.56 -1000 -1000 -1000 -10 -1 -1 -1
121 3087 Car -1 -1 -10 963.95 159.29 1060.48 201.57 -1000 -1000 -1000 -10 -1 -1 -1
121 3088 Car -1 -1 -10 694.47 171.61 793.41 204.03 -1000 -1000 -1000 -10 -1 -1 -1
121 3089 Car -1 -1 -10 409.62 171.30 516.14 222.51 -1000 -1000 -1000 -10 -1 -1 -1
122 3090 Car -1 -1 -10 949.28 157.80 1049.35 201.42 -1000 -1000 -1000 -10 -1 -1 -1
122 3091 Car -1 -1 -10 393.91 171.64 500.49 226.51 -1000 -1000 -1000 -10 -1 -1 -1
122 3092 Car -1 -1 -10 691.68 170.76 780.46 204.70 -1000 -1000 -1000 -10 -1 -1 -1
122 3094 Car -1 -1 -10 340.96 177.66 401.68 215.40 -1000 -1000 -1000 -10 -1 -1 -1
123 3095 Car -1 -1 -10 667.62 170.25 765.99 207.16 -1000 -1000 -1000 -10 -1 -1 -1
123 3096 Car -1 -1 -10 941.84 158.63 1037.61 202.22 -1000 -1000 -1000 -10 -1 -1 -1
123 3097 Car -1 -1 -10 389.46 171.22 483.22 228.10 -1000 -1000 -1000 -10 -1 -1 -1
123 3098 Pedestrian -1 -1 -10 364.29 175.19 394.51 245.71 -1000 -1000 -1000 -10 -1 -1 -1
124 3099 Car -1 -1 -10 918.44 158.11 1023.19 202.64 -1000 -1000 -1000 -10 -1 -1 -1
124 3100 Car -1 -1 -10 656.34 171.24 754.80 208.94 -1000 -1000 -1000 -10 -1 -1 -1
125 3102 Car -1 -1 -10 641.79 170.91 742.53 208.07 -1000 -1000 -1000 -10 -1 -1 -1
125 3103 Car -1 -1 -10 912.10 158.87 1009.59 202.03 -1000 -1000 -1000 -10 -1 -1 -1
125 3105 Car -1 -1 -10 315.37 172.65 445.81 237.68 -1000 -1000 -1000 -10 -1 -1 -1
126 3106 Car -1 -1 -10 625.50 171.20 730.23 209.16 -1000 -1000 -1000 -10 -1 -1 -1
126 3107 Car -1 -1 -10 895.12 159.06 996.86 202.52 -1000 -1000 -1000 -10 -1 -1 -1
126 3109 Car -1 -1 -10 286.82 170.98 454.07 243.36 -1000 -1000 -1000 -10 -1 -1 -1
127 3110 Car -1 -1 -10 881.05 159.10 981.26 202.63 -1000 -1000 -1000 -10 -1 -1 -1
127 3112 Car -1 -1 -10 255.25 174.73 391.71 249.20 -1000 -1000 -1000 -10 -1 -1 -1
127 3113 Car -1 -1 -10 611.85 169.49 718.68 210.00 -1000 -1000 -1000 -10 -1 -1 -1
127 3114 Pedestrian -1 -1 -10 364.94 174.47 390.73 249.76 -1000 -1000 -1000 -10 -1 -1 -1
128 3115 Pedestrian -1 -1 -10 361.78 173.53 389.57 250.19 -1000 -1000 -1000 -10 -1 -1 -1
128 3116 Car -1 -1 -10 602.31 168.61 701.26 209.38 -1000 -1000 -1000 -10 -1 -1 -1
128 3117 Car -1 -1 -10 224.19 175.75 380.88 250.99 -1000 -1000 -1000 -10 -1 -1 -1
128 3118 Car -1 -1 -10 874.46 160.39 970.03 201.84 -1000 -1000 -1000 -10 -1 -1 -1
129 3119 Car -1 -1 -10 186.99 176.40 371.75 258.06 -1000 -1000 -1000 -10 -1 -1 -1
129 3120 Car -1 -1 -10 858.07 159.38 957.55 202.59 -1000 -1000 -1000 -10 -1 -1 -1
129 3121 Pedestrian -1 -1 -10 360.04 173.29 386.02 250.54 -1000 -1000 -1000 -10 -1 -1 -1
129 3122 Car -1 -1 -10 586.18 168.16 689.78 211.46 -1000 -1000 -1000 -10 -1 -1 -1
129 3123 Pedestrian -1 -1 -10 390.92 177.85 415.74 234.14 -1000 -1000 -1000 -10 -1 -1 -1
130 3124 Car -1 -1 -10 145.22 176.29 338.04 264.36 -1000 -1000 -1000 -10 -1 -1 -1
130 3125 Pedestrian -1 -1 -10 357.87 173.76 385.70 248.73 -1000 -1000 -1000 -10 -1 -1 -1
130 3126 Car -1 -1 -10 596.81 173.32 673.41 211.85 -1000 -1000 -1000 -10 -1 -1 -1
130 3127 Car -1 -1 -10 846.04 161.03 942.88 203.02 -1000 -1000 -1000 -10 -1 -1 -1
131 3129 Car -1 -1 -10 97.14 178.23 310.64 272.61 -1000 -1000 -1000 -10 -1 -1 -1
131 3130 Pedestrian -1 -1 -10 354.42 173.45 382.50 252.47 -1000 -1000 -1000 -10 -1 -1 -1
131 3131 Car -1 -1 -10 831.44 161.14 935.91 203.34 -1000 -1000 -1000 -10 -1 -1 -1
131 3132 Car -1 -1 -10 577.78 173.63 661.36 212.96 -1000 -1000 -1000 -10 -1 -1 -1
132 3134 Car -1 -1 -10 38.60 178.51 279.92 283.09 -1000 -1000 -1000 -10 -1 -1 -1
132 3135 Pedestrian -1 -1 -10 350.44 175.94 380.62 251.60 -1000 -1000 -1000 -10 -1 -1 -1
132 3137 Car -1 -1 -10 410.66 176.08 464.63 211.13 -1000 -1000 -1000 -10 -1 -1 -1
133 3138 Car -1 -1 -10 0.00 180.45 246.04 293.09 -1000 -1000 -1000 -10 -1 -1 -1
133 3139 Car -1 -1 -10 519.68 173.11 633.57 217.14 -1000 -1000 -1000 -10 -1 -1 -1
133 3141 Pedestrian -1 -1 -10 349.61 176.05 378.11 253.54 -1000 -1000 -1000 -10 -1 -1 -1
133 3142 Car -1 -1 -10 804.36 160.53 897.75 203.23 -1000 -1000 -1000 -10 -1 -1 -1
134 3143 Car -1 -1 -10 0.29 182.10 206.45 306.55 -1000 -1000 -1000 -10 -1 -1 -1
134 3144 Pedestrian -1 -1 -10 349.14 175.31 377.26 253.74 -1000 -1000 -1000 -10 -1 -1 -1
134 3145 Car -1 -1 -10 502.16 173.79 616.19 217.21 -1000 -1000 -1000 -10 -1 -1 -1
134 3146 Car -1 -1 -10 791.36 160.32 886.85 204.73 -1000 -1000 -1000 -10 -1 -1 -1
135 3148 Car -1 -1 -10 0.17 182.20 157.32 298.44 -1000 -1000 -1000 -10 -1 -1 -1
135 3149 Car -1 -1 -10 778.12 160.36 874.51 204.86 -1000 -1000 -1000 -10 -1 -1 -1
135 3151 Car -1 -1 -10 486.25 174.41 605.46 218.21 -1000 -1000 -1000 -10 -1 -1 -1
135 3152 Pedestrian -1 -1 -10 347.12 174.51 376.06 254.39 -1000 -1000 -1000 -10 -1 -1 -1
135 3153 Car -1 -1 -10 412.80 175.36 460.16 211.85 -1000 -1000 -1000 -10 -1 -1 -1
136 3154 Car -1 -1 -10 0.06 187.33 100.51 302.60 -1000 -1000 -1000 -10 -1 -1 -1
136 3155 Pedestrian -1 -1 -10 344.25 175.68 374.91 256.87 -1000 -1000 -1000 -10 -1 -1 -1
136 3156 Car -1 -1 -10 763.89 162.59 860.50 204.36 -1000 -1000 -1000 -10 -1 -1 -1
136 3157 Car -1 -1 -10 468.72 176.40 582.55 219.69 -1000 -1000 -1000 -10 -1 -1 -1
136 3159 Pedestrian -1 -1 -10 380.26 176.58 406.58 235.01 -1000 -1000 -1000 -10 -1 -1 -1
137 3160 Pedestrian -1 -1 -10 343.44 175.52 373.80 257.34 -1000 -1000 -1000 -10 -1 -1 -1
137 3162 Car -1 -1 -10 751.51 164.31 844.53 206.41 -1000 -1000 -1000 -10 -1 -1 -1
137 3163 Car -1 -1 -10 445.32 176.66 575.50 225.43 -1000 -1000 -1000 -10 -1 -1 -1
137 3164 Car -1 -1 -10 0.03 204.45 32.67 321.16 -1000 -1000 -1000 -10 -1 -1 -1
137 3165 Pedestrian -1 -1 -10 378.58 176.80 406.35 234.37 -1000 -1000 -1000 -10 -1 -1 -1
138 3166 Pedestrian -1 -1 -10 340.77 176.70 371.89 256.94 -1000 -1000 -1000 -10 -1 -1 -1
138 3167 Car -1 -1 -10 733.25 164.18 831.76 208.93 -1000 -1000 -1000 -10 -1 -1 -1
138 3169 Car -1 -1 -10 426.89 179.00 559.24 226.12 -1000 -1000 -1000 -10 -1 -1 -1
138 3170 Pedestrian -1 -1 -10 376.98 177.51 404.21 237.88 -1000 -1000 -1000 -10 -1 -1 -1
139 3173 Pedestrian -1 -1 -10 338.73 173.81 369.39 257.97 -1000 -1000 -1000 -10 -1 -1 -1
139 3174 Car -1 -1 -10 721.18 164.01 815.09 209.96 -1000 -1000 -1000 -10 -1 -1 -1
139 3175 Pedestrian -1 -1 -10 376.65 176.70 405.95 234.91 -1000 -1000 -1000 -10 -1 -1 -1
139 3176 Car -1 -1 -10 410.99 178.44 542.13 226.94 -1000 -1000 -1000 -10 -1 -1 -1
140 3177 Pedestrian -1 -1 -10 335.96 175.49 366.42 258.44 -1000 -1000 -1000 -10 -1 -1 -1
140 3178 Car -1 -1 -10 398.15 178.05 527.00 227.89 -1000 -1000 -1000 -10 -1 -1 -1
140 3180 Pedestrian -1 -1 -10 374.26 177.06 403.24 240.17 -1000 -1000 -1000 -10 -1 -1 -1
140 3181 Car -1 -1 -10 704.53 163.85 799.67 210.78 -1000 -1000 -1000 -10 -1 -1 -1
141 3182 Pedestrian -1 -1 -10 335.10 176.22 365.22 258.53 -1000 -1000 -1000 -10 -1 -1 -1
141 3183 Car -1 -1 -10 1023.04 132.03 1150.49 204.42 -1000 -1000 -1000 -10 -1 -1 -1
141 3184 Car -1 -1 -10 394.73 176.97 509.64 229.10 -1000 -1000 -1000 -10 -1 -1 -1
141 3185 Pedestrian -1 -1 -10 371.07 180.04 402.96 236.50 -1000 -1000 -1000 -10 -1 -1 -1
142 3187 Pedestrian -1 -1 -10 333.84 175.15 363.66 259.69 -1000 -1000 -1000 -10 -1 -1 -1
142 3188 Pedestrian -1 -1 -10 370.24 180.19 402.23 238.03 -1000 -1000 -1000 -10 -1 -1 -1
142 3189 Car -1 -1 -10 395.87 174.47 492.25 230.40 -1000 -1000 -1000 -10 -1 -1 -1
142 3191 Car -1 -1 -10 999.84 131.52 1153.30 203.19 -1000 -1000 -1000 -10 -1 -1 -1
143 3192 Car -1 -1 -10 976.64 130.47 1154.65 205.28 -1000 -1000 -1000 -10 -1 -1 -1
143 3193 Car -1 -1 -10 660.27 164.98 755.54 212.73 -1000 -1000 -1000 -10 -1 -1 -1
143 3194 Car -1 -1 -10 356.98 176.15 473.58 235.46 -1000 -1000 -1000 -10 -1 -1 -1
143 3195 Pedestrian -1 -1 -10 327.80 175.91 360.70 259.84 -1000 -1000 -1000 -10 -1 -1 -1
144 3196 Car -1 -1 -10 957.06 129.59 1155.27 205.42 -1000 -1000 -1000 -10 -1 -1 -1
144 3197 Pedestrian -1 -1 -10 329.20 172.99 361.87 260.07 -1000 -1000 -1000 -10 -1 -1 -1
144 3198 Car -1 -1 -10 639.77 165.03 740.41 213.29 -1000 -1000 -1000 -10 -1 -1 -1
145 3199 Car -1 -1 -10 932.47 126.83 1170.48 208.05 -1000 -1000 -1000 -10 -1 -1 -1
145 3200 Car -1 -1 -10 622.67 164.94 725.00 213.56 -1000 -1000 -1000 -10 -1 -1 -1
146 3201 Car -1 -1 -10 916.59 125.90 1217.13 217.03 -1000 -1000 -1000 -10 -1 -1 -1
146 3202 Pedestrian -1 -1 -10 327.44 173.68 358.29 261.71 -1000 -1000 -1000 -10 -1 -1 -1
147 3203 Car -1 -1 -10 887.19 126.27 1164.54 214.72 -1000 -1000 -1000 -10 -1 -1 -1
147 3204 Pedestrian -1 -1 -10 325.29 172.49 357.61 261.71 -1000 -1000 -1000 -10 -1 -1 -1
147 3205 Car -1 -1 -10 602.21 165.79 691.34 213.09 -1000 -1000 -1000 -10 -1 -1 -1
148 3206 Car -1 -1 -10 878.64 128.41 1163.36 205.56 -1000 -1000 -1000 -10 -1 -1 -1
148 3207 Pedestrian -1 -1 -10 323.69 172.44 356.15 263.60 -1000 -1000 -1000 -10 -1 -1 -1
148 3208 Car -1 -1 -10 152.87 184.14 333.19 260.10 -1000 -1000 -1000 -10 -1 -1 -1
148 3209 Car -1 -1 -10 572.81 165.80 675.32 215.28 -1000 -1000 -1000 -10 -1 -1 -1
149 3210 Car -1 -1 -10 112.85 186.05 337.38 264.67 -1000 -1000 -1000 -10 -1 -1 -1
149 3211 Car -1 -1 -10 880.86 126.50 1164.45 205.87 -1000 -1000 -1000 -10 -1 -1 -1
149 3212 Pedestrian -1 -1 -10 322.57 174.37 350.12 263.28 -1000 -1000 -1000 -10 -1 -1 -1
150 3213 Car -1 -1 -10 66.07 187.10 317.51 271.24 -1000 -1000 -1000 -10 -1 -1 -1
150 3214 Car -1 -1 -10 837.46 128.92 1150.88 206.80 -1000 -1000 -1000 -10 -1 -1 -1
150 3215 Pedestrian -1 -1 -10 318.42 173.35 349.77 264.24 -1000 -1000 -1000 -10 -1 -1 -1
150 3216 Pedestrian -1 -1 -10 360.11 178.41 390.58 244.18 -1000 -1000 -1000 -10 -1 -1 -1
151 3217 Car -1 -1 -10 12.96 184.99 286.36 277.71 -1000 -1000 -1000 -10 -1 -1 -1
151 3218 Car -1 -1 -10 821.42 133.67 1112.26 207.39 -1000 -1000 -1000 -10 -1 -1 -1
151 3219 Pedestrian -1 -1 -10 316.72 175.96 349.04 264.57 -1000 -1000 -1000 -10 -1 -1 -1
151 3220 Car -1 -1 -10 513.43 166.70 624.52 220.19 -1000 -1000 -1000 -10 -1 -1 -1
152 3221 Car -1 -1 -10 806.21 130.33 1109.37 207.98 -1000 -1000 -1000 -10 -1 -1 -1
152 3222 Car -1 -1 -10 0.00 189.84 253.37 288.50 -1000 -1000 -1000 -10 -1 -1 -1
152 3223 Pedestrian -1 -1 -10 313.71 176.19 348.12 264.84 -1000 -1000 -1000 -10 -1 -1 -1
152 3224 Car -1 -1 -10 495.92 169.86 603.85 222.78 -1000 -1000 -1000 -10 -1 -1 -1
153 3225 Car -1 -1 -10 0.21 191.15 217.92 297.40 -1000 -1000 -1000 -10 -1 -1 -1
153 3226 Car -1 -1 -10 784.33 129.88 1095.09 208.80 -1000 -1000 -1000 -10 -1 -1 -1
153 3227 Pedestrian -1 -1 -10 312.72 176.65 348.06 264.86 -1000 -1000 -1000 -10 -1 -1 -1
153 3228 Car -1 -1 -10 476.66 166.96 585.85 223.54 -1000 -1000 -1000 -10 -1 -1 -1
154 3229 Car -1 -1 -10 771.00 131.17 1075.86 208.73 -1000 -1000 -1000 -10 -1 -1 -1
154 3230 Car -1 -1 -10 0.53 192.41 179.87 291.26 -1000 -1000 -1000 -10 -1 -1 -1
154 3231 Pedestrian -1 -1 -10 312.42 177.20 347.82 265.72 -1000 -1000 -1000 -10 -1 -1 -1
154 3232 Car -1 -1 -10 450.47 165.73 567.03 225.13 -1000 -1000 -1000 -10 -1 -1 -1
155 3233 Car -1 -1 -10 753.68 131.48 1053.11 206.74 -1000 -1000 -1000 -10 -1 -1 -1
155 3234 Car -1 -1 -10 0.14 195.50 136.32 292.65 -1000 -1000 -1000 -10 -1 -1 -1
155 3235 Pedestrian -1 -1 -10 310.73 177.67 344.49 266.23 -1000 -1000 -1000 -10 -1 -1 -1
155 3236 Car -1 -1 -10 429.79 166.07 548.48 227.53 -1000 -1000 -1000 -10 -1 -1 -1
156 3237 Car -1 -1 -10 741.15 132.02 1034.30 207.13 -1000 -1000 -1000 -10 -1 -1 -1
156 3238 Car -1 -1 -10 0.04 191.05 86.64 299.10 -1000 -1000 -1000 -10 -1 -1 -1
156 3239 Pedestrian -1 -1 -10 310.19 177.87 341.50 265.64 -1000 -1000 -1000 -10 -1 -1 -1
156 3240 Car -1 -1 -10 405.84 167.75 528.41 231.31 -1000 -1000 -1000 -10 -1 -1 -1
157 3241 Car -1 -1 -10 722.32 132.96 1016.84 208.58 -1000 -1000 -1000 -10 -1 -1 -1
157 3242 Pedestrian -1 -1 -10 309.87 178.34 341.19 265.87 -1000 -1000 -1000 -10 -1 -1 -1
157 3243 Car -1 -1 -10 383.39 167.81 506.45 231.56 -1000 -1000 -1000 -10 -1 -1 -1
157 3244 Car -1 -1 -10 382.13 168.18 505.79 231.46 -1000 -1000 -1000 -10 -1 -1 -1
158 3245 Car -1 -1 -10 703.56 132.37 998.57 209.40 -1000 -1000 -1000 -10 -1 -1 -1
158 3246 Pedestrian -1 -1 -10 308.47 177.72 339.57 266.40 -1000 -1000 -1000 -10 -1 -1 -1
158 3247 Car -1 -1 -10 354.24 168.28 484.30 238.19 -1000 -1000 -1000 -10 -1 -1 -1
159 3248 Car -1 -1 -10 694.69 132.71 985.99 209.39 -1000 -1000 -1000 -10 -1 -1 -1
159 3249 Pedestrian -1 -1 -10 307.65 178.97 341.24 266.96 -1000 -1000 -1000 -10 -1 -1 -1
159 3250 Car -1 -1 -10 346.99 167.87 463.82 238.34 -1000 -1000 -1000 -10 -1 -1 -1
160 3251 Car -1 -1 -10 676.58 134.34 968.37 209.97 -1000 -1000 -1000 -10 -1 -1 -1
160 3252 Car -1 -1 -10 330.48 167.35 447.42 240.20 -1000 -1000 -1000 -10 -1 -1 -1
160 3253 Pedestrian -1 -1 -10 307.15 179.62 336.80 267.99 -1000 -1000 -1000 -10 -1 -1 -1
161 3254 Car -1 -1 -10 661.90 134.37 953.02 209.12 -1000 -1000 -1000 -10 -1 -1 -1
161 3255 Car -1 -1 -10 255.95 169.38 418.15 244.24 -1000 -1000 -1000 -10 -1 -1 -1
161 3256 Pedestrian -1 -1 -10 305.71 177.12 338.80 268.16 -1000 -1000 -1000 -10 -1 -1 -1
162 3257 Car -1 -1 -10 648.42 135.99 900.92 209.10 -1000 -1000 -1000 -10 -1 -1 -1
162 3258 Pedestrian -1 -1 -10 303.26 175.28 340.74 269.35 -1000 -1000 -1000 -10 -1 -1 -1
163 3259 Car -1 -1 -10 635.00 134.77 900.48 210.22 -1000 -1000 -1000 -10 -1 -1 -1
163 3260 Pedestrian -1 -1 -10 306.88 179.38 336.33 267.42 -1000 -1000 -1000 -10 -1 -1 -1
164 3261 Car -1 -1 -10 619.47 133.35 899.22 211.44 -1000 -1000 -1000 -10 -1 -1 -1
164 3262 Pedestrian -1 -1 -10 302.88 176.24 338.02 269.35 -1000 -1000 -1000 -10 -1 -1 -1
164 3263 Pedestrian -1 -1 -10 350.20 183.78 380.94 248.37 -1000 -1000 -1000 -10 -1 -1 -1
165 3264 Car -1 -1 -10 604.29 134.21 896.91 211.77 -1000 -1000 -1000 -10 -1 -1 -1
165 3265 Pedestrian -1 -1 -10 302.42 176.64 336.07 268.25 -1000 -1000 -1000 -10 -1 -1 -1
165 3266 Car -1 -1 -10 91.53 166.76 305.20 273.76 -1000 -1000 -1000 -10 -1 -1 -1
166 3267 Car -1 -1 -10 595.91 134.44 878.51 211.72 -1000 -1000 -1000 -10 -1 -1 -1
166 3268 Pedestrian -1 -1 -10 300.11 176.72 335.99 267.71 -1000 -1000 -1000 -10 -1 -1 -1
166 3269 Car -1 -1 -10 32.58 166.39 277.02 284.65 -1000 -1000 -1000 -10 -1 -1 -1
167 3270 Car -1 -1 -10 577.31 134.89 863.06 212.18 -1000 -1000 -1000 -10 -1 -1 -1
167 3271 Pedestrian -1 -1 -10 300.32 176.26 335.88 268.07 -1000 -1000 -1000 -10 -1 -1 -1
167 3272 Car -1 -1 -10 0.12 168.47 239.56 292.48 -1000 -1000 -1000 -10 -1 -1 -1
167 3273 Car -1 -1 -10 0.71 168.96 240.80 293.06 -1000 -1000 -1000 -10 -1 -1 -1
168 3274 Car -1 -1 -10 566.42 135.28 849.75 212.12 -1000 -1000 -1000 -10 -1 -1 -1
168 3275 Pedestrian -1 -1 -10 300.57 176.29 335.47 267.69 -1000 -1000 -1000 -10 -1 -1 -1
168 3276 Car -1 -1 -10 0.00 168.75 199.09 306.90 -1000 -1000 -1000 -10 -1 -1 -1
169 3277 Car -1 -1 -10 552.92 135.68 838.05 213.98 -1000 -1000 -1000 -10 -1 -1 -1
169 3278 Pedestrian -1 -1 -10 300.89 176.07 335.75 267.90 -1000 -1000 -1000 -10 -1 -1 -1
169 3279 Car -1 -1 -10 0.13 168.88 150.06 295.57 -1000 -1000 -1000 -10 -1 -1 -1
169 3280 Car -1 -1 -10 0.12 168.73 151.20 295.67 -1000 -1000 -1000 -10 -1 -1 -1
170 3281 Car -1 -1 -10 539.21 137.47 826.40 216.09 -1000 -1000 -1000 -10 -1 -1 -1
170 3282 Car -1 -1 -10 0.16 169.06 94.35 299.91 -1000 -1000 -1000 -10 -1 -1 -1
170 3283 Pedestrian -1 -1 -10 300.05 176.89 335.56 267.99 -1000 -1000 -1000 -10 -1 -1 -1
171 3284 Car -1 -1 -10 524.89 136.98 811.24 216.31 -1000 -1000 -1000 -10 -1 -1 -1
171 3285 Pedestrian -1 -1 -10 300.35 176.80 335.82 268.03 -1000 -1000 -1000 -10 -1 -1 -1
172 3286 Car -1 -1 -10 510.06 135.42 798.84 215.03 -1000 -1000 -1000 -10 -1 -1 -1
172 3287 Pedestrian -1 -1 -10 300.86 176.58 337.27 268.16 -1000 -1000 -1000 -10 -1 -1 -1
173 3288 Car -1 -1 -10 498.95 137.04 787.47 216.93 -1000 -1000 -1000 -10 -1 -1 -1
173 3289 Pedestrian -1 -1 -10 300.28 177.22 336.88 267.77 -1000 -1000 -1000 -10 -1 -1 -1
174 3290 Car -1 -1 -10 486.67 137.32 776.76 216.49 -1000 -1000 -1000 -10 -1 -1 -1
174 3291 Pedestrian -1 -1 -10 299.46 176.43 336.77 267.65 -1000 -1000 -1000 -10 -1 -1 -1
175 3292 Car -1 -1 -10 476.75 137.56 764.94 218.01 -1000 -1000 -1000 -10 -1 -1 -1
175 3293 Pedestrian -1 -1 -10 299.64 177.71 336.17 267.75 -1000 -1000 -1000 -10 -1 -1 -1
176 3294 Car -1 -1 -10 456.80 131.86 751.19 219.82 -1000 -1000 -1000 -10 -1 -1 -1
176 3295 Pedestrian -1 -1 -10 300.11 177.56 335.78 267.82 -1000 -1000 -1000 -10 -1 -1 -1
177 3296 Car -1 -1 -10 448.39 130.46 741.64 221.31 -1000 -1000 -1000 -10 -1 -1 -1
177 3297 Pedestrian -1 -1 -10 301.36 178.34 335.62 267.85 -1000 -1000 -1000 -10 -1 -1 -1
178 3298 Car -1 -1 -10 438.99 137.08 729.61 221.65 -1000 -1000 -1000 -10 -1 -1 -1
178 3299 Pedestrian -1 -1 -10 301.79 178.28 335.89 267.73 -1000 -1000 -1000 -10 -1 -1 -1
179 3300 Car -1 -1 -10 427.70 137.41 718.43 221.58 -1000 -1000 -1000 -10 -1 -1 -1
179 3301 Pedestrian -1 -1 -10 301.58 177.70 335.70 267.79 -1000 -1000 -1000 -10 -1 -1 -1
179 3302 Pedestrian -1 -1 -10 349.00 183.38 379.11 246.04 -1000 -1000 -1000 -10 -1 -1 -1
180 3303 Car -1 -1 -10 410.53 137.59 705.22 222.96 -1000 -1000 -1000 -10 -1 -1 -1
180 3304 Pedestrian -1 -1 -10 301.40 178.03 335.59 267.67 -1000 -1000 -1000 -10 -1 -1 -1
181 3305 Car -1 -1 -10 400.55 137.11 694.25 223.49 -1000 -1000 -1000 -10 -1 -1 -1
181 3306 Pedestrian -1 -1 -10 301.06 178.38 335.73 267.73 -1000 -1000 -1000 -10 -1 -1 -1
182 3307 Car -1 -1 -10 381.89 136.23 681.94 224.58 -1000 -1000 -1000 -10 -1 -1 -1
182 3308 Pedestrian -1 -1 -10 300.57 178.29 335.55 267.48 -1000 -1000 -1000 -10 -1 -1 -1
183 3309 Car -1 -1 -10 372.27 136.31 672.49 227.30 -1000 -1000 -1000 -10 -1 -1 -1
183 3310 Pedestrian -1 -1 -10 300.26 178.09 335.55 267.57 -1000 -1000 -1000 -10 -1 -1 -1
184 3311 Car -1 -1 -10 346.03 135.36 658.29 228.32 -1000 -1000 -1000 -10 -1 -1 -1
184 3312 Pedestrian -1 -1 -10 301.25 177.37 336.87 267.83 -1000 -1000 -1000 -10 -1 -1 -1
185 3313 Car -1 -1 -10 340.31 133.79 648.22 227.51 -1000 -1000 -1000 -10 -1 -1 -1
185 3314 Pedestrian -1 -1 -10 301.34 178.09 338.39 268.28 -1000 -1000 -1000 -10 -1 -1 -1
186 3315 Car -1 -1 -10 330.02 132.07 631.35 225.32 -1000 -1000 -1000 -10 -1 -1 -1
186 3316 Pedestrian -1 -1 -10 301.78 177.74 336.63 268.84 -1000 -1000 -1000 -10 -1 -1 -1
187 3317 Car -1 -1 -10 287.64 131.57 624.13 228.25 -1000 -1000 -1000 -10 -1 -1 -1
187 3318 Pedestrian -1 -1 -10 299.70 178.00 335.78 269.30 -1000 -1000 -1000 -10 -1 -1 -1
188 3319 Car -1 -1 -10 266.98 126.05 609.80 228.26 -1000 -1000 -1000 -10 -1 -1 -1
188 3320 Pedestrian -1 -1 -10 305.22 176.30 335.34 269.57 -1000 -1000 -1000 -10 -1 -1 -1
189 3321 Car -1 -1 -10 246.63 126.06 597.06 227.61 -1000 -1000 -1000 -10 -1 -1 -1
189 3322 Pedestrian -1 -1 -10 305.11 175.24 337.44 267.48 -1000 -1000 -1000 -10 -1 -1 -1
190 3323 Car -1 -1 -10 228.12 126.52 582.47 231.18 -1000 -1000 -1000 -10 -1 -1 -1
190 3324 Pedestrian -1 -1 -10 303.91 174.49 337.77 268.55 -1000 -1000 -1000 -10 -1 -1 -1
191 3325 Car -1 -1 -10 209.74 126.25 567.63 232.42 -1000 -1000 -1000 -10 -1 -1 -1
191 3326 Pedestrian -1 -1 -10 301.21 173.68 338.53 270.87 -1000 -1000 -1000 -10 -1 -1 -1
192 3327 Car -1 -1 -10 180.48 126.33 553.96 233.41 -1000 -1000 -1000 -10 -1 -1 -1
192 3328 Pedestrian -1 -1 -10 303.54 174.37 342.04 271.93 -1000 -1000 -1000 -10 -1 -1 -1
193 3329 Car -1 -1 -10 160.92 126.21 540.71 240.82 -1000 -1000 -1000 -10 -1 -1 -1
193 3330 Pedestrian -1 -1 -10 298.17 178.83 335.38 273.25 -1000 -1000 -1000 -10 -1 -1 -1
194 3331 Car -1 -1 -10 128.95 125.86 526.11 246.51 -1000 -1000 -1000 -10 -1 -1 -1
194 3332 Pedestrian -1 -1 -10 303.32 177.43 335.01 273.38 -1000 -1000 -1000 -10 -1 -1 -1
195 3333 Pedestrian -1 -1 -10 302.13 177.42 334.46 273.23 -1000 -1000 -1000 -10 -1 -1 -1
195 3334 Car -1 -1 -10 108.31 120.33 516.63 252.15 -1000 -1000 -1000 -10 -1 -1 -1
196 3335 Car -1 -1 -10 76.95 120.37 499.12 254.60 -1000 -1000 -1000 -10 -1 -1 -1
196 3336 Pedestrian -1 -1 -10 300.14 175.99 333.48 271.49 -1000 -1000 -1000 -10 -1 -1 -1
197 3337 Car -1 -1 -10 44.45 119.02 482.71 256.55 -1000 -1000 -1000 -10 -1 -1 -1
197 3338 Pedestrian -1 -1 -10 298.64 175.92 333.10 271.65 -1000 -1000 -1000 -10 -1 -1 -1
198 3339 Car -1 -1 -10 11.89 114.43 466.56 259.97 -1000 -1000 -1000 -10 -1 -1 -1
198 3340 Pedestrian -1 -1 -10 296.58 177.10 332.26 271.59 -1000 -1000 -1000 -10 -1 -1 -1
199 3341 Car -1 -1 -10 0.41 111.59 452.79 266.41 -1000 -1000 -1000 -10 -1 -1 -1
199 3342 Pedestrian -1 -1 -10 295.82 178.74 331.20 271.74 -1000 -1000 -1000 -10 -1 -1 -1
200 3343 Car -1 -1 -10 0.00 109.01 437.09 271.79 -1000 -1000 -1000 -10 -1 -1 -1
200 3344 Pedestrian -1 -1 -10 293.90 174.69 329.50 271.61 -1000 -1000 -1000 -10 -1 -1 -1
201 3345 Car -1 -1 -10 0.24 103.89 421.51 276.40 -1000 -1000 -1000 -10 -1 -1 -1
201 3346 Pedestrian -1 -1 -10 294.75 175.69 327.52 272.01 -1000 -1000 -1000 -10 -1 -1 -1
202 3347 Car -1 -1 -10 0.40 101.42 405.46 277.47 -1000 -1000 -1000 -10 -1 -1 -1
202 3348 Pedestrian -1 -1 -10 291.56 173.32 326.79 271.88 -1000 -1000 -1000 -10 -1 -1 -1
203 3349 Car -1 -1 -10 0.63 97.15 387.37 281.04 -1000 -1000 -1000 -10 -1 -1 -1
203 3350 Pedestrian -1 -1 -10 291.55 174.56 328.49 271.93 -1000 -1000 -1000 -10 -1 -1 -1
203 3351 Car -1 -1 -10 1015.61 167.94 1130.50 203.03 -1000 -1000 -1000 -10 -1 -1 -1
204 3352 Car -1 -1 -10 0.54 94.41 374.67 286.48 -1000 -1000 -1000 -10 -1 -1 -1
204 3353 Pedestrian -1 -1 -10 293.72 176.14 328.27 271.66 -1000 -1000 -1000 -10 -1 -1 -1
205 3354 Car -1 -1 -10 0.54 96.42 339.58 286.43 -1000 -1000 -1000 -10 -1 -1 -1
205 3355 Pedestrian -1 -1 -10 293.50 175.83 328.53 271.80 -1000 -1000 -1000 -10 -1 -1 -1
206 3356 Car -1 -1 -10 0.49 97.97 327.30 281.81 -1000 -1000 -1000 -10 -1 -1 -1
206 3357 Pedestrian -1 -1 -10 290.47 176.75 327.36 272.08 -1000 -1000 -1000 -10 -1 -1 -1
206 3358 Car -1 -1 -10 1007.37 169.45 1107.19 202.72 -1000 -1000 -1000 -10 -1 -1 -1
207 3359 Car -1 -1 -10 0.75 101.05 320.34 280.47 -1000 -1000 -1000 -10 -1 -1 -1
207 3360 Pedestrian -1 -1 -10 293.63 182.37 328.49 271.84 -1000 -1000 -1000 -10 -1 -1 -1
208 3361 Car -1 -1 -10 0.64 104.74 296.30 279.68 -1000 -1000 -1000 -10 -1 -1 -1
208 3362 Pedestrian -1 -1 -10 292.32 182.09 327.56 271.91 -1000 -1000 -1000 -10 -1 -1 -1
208 3363 Car -1 -1 -10 998.56 168.65 1117.37 202.99 -1000 -1000 -1000 -10 -1 -1 -1
209 3364 Car -1 -1 -10 0.42 104.49 271.20 280.68 -1000 -1000 -1000 -10 -1 -1 -1
209 3365 Pedestrian -1 -1 -10 290.68 181.10 327.19 271.98 -1000 -1000 -1000 -10 -1 -1 -1
209 3366 Car -1 -1 -10 1004.16 169.85 1115.49 202.65 -1000 -1000 -1000 -10 -1 -1 -1
210 3367 Car -1 -1 -10 0.48 104.76 247.15 278.97 -1000 -1000 -1000 -10 -1 -1 -1
210 3368 Pedestrian -1 -1 -10 290.38 180.93 327.29 271.80 -1000 -1000 -1000 -10 -1 -1 -1
210 3369 Car -1 -1 -10 999.99 171.54 1115.59 202.92 -1000 -1000 -1000 -10 -1 -1 -1
211 3370 Car -1 -1 -10 0.29 102.86 221.39 280.89 -1000 -1000 -1000 -10 -1 -1 -1
211 3371 Pedestrian -1 -1 -10 290.22 180.92 327.83 271.77 -1000 -1000 -1000 -10 -1 -1 -1
211 3372 Car -1 -1 -10 1003.44 170.58 1113.55 202.67 -1000 -1000 -1000 -10 -1 -1 -1
212 3373 Car -1 -1 -10 0.31 102.97 193.65 286.90 -1000 -1000 -1000 -10 -1 -1 -1
212 3374 Pedestrian -1 -1 -10 290.18 181.45 327.80 271.63 -1000 -1000 -1000 -10 -1 -1 -1
213 3375 Car -1 -1 -10 0.04 102.38 166.41 293.44 -1000 -1000 -1000 -10 -1 -1 -1
213 3376 Pedestrian -1 -1 -10 290.51 181.60 327.54 271.60 -1000 -1000 -1000 -10 -1 -1 -1
213 3377 Car -1 -1 -10 1002.97 171.12 1112.94 202.66 -1000 -1000 -1000 -10 -1 -1 -1
214 3378 Car -1 -1 -10 0.16 101.55 131.42 281.34 -1000 -1000 -1000 -10 -1 -1 -1
214 3379 Pedestrian -1 -1 -10 290.67 182.03 327.06 271.69 -1000 -1000 -1000 -10 -1 -1 -1
215 3380 Car -1 -1 -10 0.16 100.86 95.07 281.44 -1000 -1000 -1000 -10 -1 -1 -1
215 3381 Pedestrian -1 -1 -10 290.65 182.45 327.26 271.64 -1000 -1000 -1000 -10 -1 -1 -1
216 3382 Car -1 -1 -10 0.13 99.94 52.66 278.06 -1000 -1000 -1000 -10 -1 -1 -1
216 3383 Pedestrian -1 -1 -10 290.58 182.26 327.41 271.83 -1000 -1000 -1000 -10 -1 -1 -1
217 3384 Pedestrian -1 -1 -10 290.43 182.95 327.71 271.88 -1000 -1000 -1000 -10 -1 -1 -1
218 3385 Pedestrian -1 -1 -10 290.61 183.08 327.40 271.97 -1000 -1000 -1000 -10 -1 -1 -1
219 3386 Pedestrian -1 -1 -10 290.16 182.70 327.97 271.92 -1000 -1000 -1000 -10 -1 -1 -1
220 3387 Pedestrian -1 -1 -10 290.44 182.86 327.35 271.84 -1000 -1000 -1000 -10 -1 -1 -1
221 3388 Pedestrian -1 -1 -10 290.51 183.09 327.38 271.99 -1000 -1000 -1000 -10 -1 -1 -1
222 3389 Pedestrian -1 -1 -10 290.13 182.63 327.93 272.01 -1000 -1000 -1000 -10 -1 -1 -1
223 3390 Pedestrian -1 -1 -10 290.17 182.91 327.94 271.90 -1000 -1000 -1000 -10 -1 -1 -1
224 3391 Pedestrian -1 -1 -10 290.37 182.87 327.93 271.90 -1000 -1000 -1000 -10 -1 -1 -1
225 3392 Pedestrian -1 -1 -10 290.46 183.05 327.32 271.87 -1000 -1000 -1000 -10 -1 -1 -1
226 3393 Pedestrian -1 -1 -10 290.62 183.19 327.17 271.84 -1000 -1000 -1000 -10 -1 -1 -1
227 3394 Pedestrian -1 -1 -10 290.41 182.56 328.04 271.87 -1000 -1000 -1000 -10 -1 -1 -1
228 3395 Pedestrian -1 -1 -10 290.40 181.87 328.21 271.95 -1000 -1000 -1000 -10 -1 -1 -1
229 3396 Pedestrian -1 -1 -10 290.52 182.65 327.94 271.98 -1000 -1000 -1000 -10 -1 -1 -1
230 3397 Pedestrian -1 -1 -10 290.41 182.07 328.03 271.78 -1000 -1000 -1000 -10 -1 -1 -1
231 3398 Pedestrian -1 -1 -10 290.62 181.80 328.16 271.93 -1000 -1000 -1000 -10 -1 -1 -1
232 3399 Pedestrian -1 -1 -10 290.62 181.73 328.23 271.87 -1000 -1000 -1000 -10 -1 -1 -1
