0 3400 Car -1 -1 -10 892.11 205.18 1241.72 369.68 -1000 -1000 -1000 -10 -1 -1 -1
1 3401 Car -1 -1 -10 880.43 204.21 1241.83 369.79 -1000 -1000 -1000 -10 -1 -1 -1
2 3402 Car -1 -1 -10 867.41 201.78 1241.75 372.36 -1000 -1000 -1000 -10 -1 -1 -1
2 3403 Car -1 -1 -10 277.79 164.30 322.90 195.79 -1000 -1000 -1000 -10 -1 -1 -1
3 3404 Car -1 -1 -10 853.66 202.37 1241.61 373.20 -1000 -1000 -1000 -10 -1 -1 -1
4 3405 Car -1 -1 -10 845.19 201.46 1241.56 374.80 -1000 -1000 -1000 -10 -1 -1 -1
4 3406 Car -1 -1 -10 262.42 164.78 327.16 200.02 -1000 -1000 -1000 -10 -1 -1 -1
5 3407 Car -1 -1 -10 834.08 200.93 1241.59 374.99 -1000 -1000 -1000 -10 -1 -1 -1
5 3408 Car -1 -1 -10 256.80 165.99 327.02 201.10 -1000 -1000 -1000 -10 -1 -1 -1
6 3409 Car -1 -1 -10 823.56 199.52 1242.00 375.00 -1000 -1000 -1000 -10 -1 -1 -1
6 3410 Car -1 -1 -10 247.63 170.58 320.45 203.03 -1000 -1000 -1000 -10 -1 -1 -1
7 3411 Car -1 -1 -10 815.10 200.13 1239.64 373.17 -1000 -1000 -1000 -10 -1 -1 -1
7 3412 Car -1 -1 -10 239.58 169.44 313.09 204.36 -1000 -1000 -1000 -10 -1 -1 -1
8 3413 Car -1 -1 -10 807.93 196.41 1200.71 373.69 -1000 -1000 -1000 -10 -1 -1 -1
8 3414 Car -1 -1 -10 228.07 166.33 292.06 203.85 -1000 -1000 -1000 -10 -1 -1 -1
9 3415 Car -1 -1 -10 797.35 194.95 1163.16 370.61 -1000 -1000 -1000 -10 -1 -1 -1
9 3416 Car -1 -1 -10 217.51 163.64 278.12 203.50 -1000 -1000 -1000 -10 -1 -1 -1
10 3417 Car -1 -1 -10 792.57 193.51 1127.39 356.77 -1000 -1000 -1000 -10 -1 -1 -1
11 3418 Car -1 -1 -10 784.73 191.33 1100.56 348.63 -1000 -1000 -1000 -10 -1 -1 -1
12 3419 Car -1 -1 -10 780.71 192.97 1075.28 344.15 -1000 -1000 -1000 -10 -1 -1 -1
13 3420 Car -1 -1 -10 775.68 191.31 1054.94 341.21 -1000 -1000 -1000 -10 -1 -1 -1
13 3421 Car -1 -1 -10 170.20 173.57 249.67 205.79 -1000 -1000 -1000 -10 -1 -1 -1
14 3422 Car -1 -1 -10 769.74 190.24 1035.44 331.08 -1000 -1000 -1000 -10 -1 -1 -1
14 3423 Car -1 -1 -10 159.47 178.34 231.35 211.35 -1000 -1000 -1000 -10 -1 -1 -1
15 3424 Car -1 -1 -10 767.20 191.35 1016.87 326.18 -1000 -1000 -1000 -10 -1 -1 -1
15 3425 Car -1 -1 -10 147.13 179.98 221.79 212.92 -1000 -1000 -1000 -10 -1 -1 -1
16 3426 Car -1 -1 -10 762.59 190.52 999.76 316.50 -1000 -1000 -1000 -10 -1 -1 -1
16 3427 Car -1 -1 -10 131.91 179.47 212.95 215.08 -1000 -1000 -1000 -10 -1 -1 -1
16 3428 Car -1 -1 -10 187.75 171.87 251.72 210.20 -1000 -1000 -1000 -10 -1 -1 -1
17 3429 Car -1 -1 -10 758.07 188.65 983.04 309.81 -1000 -1000 -1000 -10 -1 -1 -1
17 3430 Car -1 -1 -10 115.47 179.29 198.68 215.49 -1000 -1000 -1000 -10 -1 -1 -1
17 3431 Car -1 -1 -10 176.48 168.89 243.88 211.24 -1000 -1000 -1000 -10 -1 -1 -1
18 3432 Car -1 -1 -10 752.30 188.29 967.37 308.18 -1000 -1000 -1000 -10 -1 -1 -1
18 3433 Car -1 -1 -10 96.69 180.89 184.73 218.10 -1000 -1000 -1000 -10 -1 -1 -1
19 3434 Car -1 -1 -10 750.24 187.62 953.61 304.82 -1000 -1000 -1000 -10 -1 -1 -1
19 3435 Car -1 -1 -10 159.09 169.03 224.64 211.68 -1000 -1000 -1000 -10 -1 -1 -1
19 3436 Car -1 -1 -10 76.11 182.71 177.29 219.63 -1000 -1000 -1000 -10 -1 -1 -1
20 3437 Car -1 -1 -10 746.70 187.41 940.38 298.82 -1000 -1000 -1000 -10 -1 -1 -1
20 3438 Car -1 -1 -10 144.70 164.80 209.90 212.79 -1000 -1000 -1000 -10 -1 -1 -1
20 3439 Car -1 -1 -10 55.84 183.54 146.31 221.98 -1000 -1000 -1000 -10 -1 -1 -1
21 3440 Car -1 -1 -10 741.37 187.03 926.73 294.44 -1000 -1000 -1000 -10 -1 -1 -1
21 3441 Car -1 -1 -10 32.18 185.57 132.30 225.12 -1000 -1000 -1000 -10 -1 -1 -1
21 3442 Car -1 -1 -10 128.80 171.93 196.70 216.78 -1000 -1000 -1000 -10 -1 -1 -1
22 3443 Car -1 -1 -10 737.20 188.53 914.78 292.26 -1000 -1000 -1000 -10 -1 -1 -1
22 3444 Car -1 -1 -10 6.62 188.72 119.93 229.01 -1000 -1000 -1000 -10 -1 -1 -1
22 3445 Car -1 -1 -10 111.26 172.34 193.67 219.84 -1000 -1000 -1000 -10 -1 -1 -1
23 3446 Car -1 -1 -10 733.80 189.11 904.16 288.03 -1000 -1000 -1000 -10 -1 -1 -1
23 3447 Car -1 -1 -10 0.43 186.83 94.00 232.33 -1000 -1000 -1000 -10 -1 -1 -1
23 3448 Car -1 -1 -10 1159.92 291.26 1241.58 374.79 -1000 -1000 -1000 -10 -1 -1 -1
23 3449 Car -1 -1 -10 89.59 165.76 163.68 221.06 -1000 -1000 -1000 -10 -1 -1 -1
24 3450 Car -1 -1 -10 728.86 187.52 893.88 281.46 -1000 -1000 -1000 -10 -1 -1 -1
24 3451 Car -1 -1 -10 66.66 185.17 104.88 221.20 -1000 -1000 -1000 -10 -1 -1 -1
24 3452 Car -1 -1 -10 0.04 184.85 70.97 232.75 -1000 -1000 -1000 -10 -1 -1 -1
25 3453 Car -1 -1 -10 725.02 186.46 880.10 277.12 -1000 -1000 -1000 -10 -1 -1 -1
25 3454 Car -1 -1 -10 1093.78 247.17 1241.35 371.41 -1000 -1000 -1000 -10 -1 -1 -1
25 3455 Car -1 -1 -10 73.42 176.09 132.52 220.26 -1000 -1000 -1000 -10 -1 -1 -1
26 3456 Car -1 -1 -10 720.36 187.44 869.73 275.10 -1000 -1000 -1000 -10 -1 -1 -1
26 3457 Car -1 -1 -10 1066.40 214.99 1241.44 370.31 -1000 -1000 -1000 -10 -1 -1 -1
26 3458 Car -1 -1 -10 11.22 178.78 115.41 223.81 -1000 -1000 -1000 -10 -1 -1 -1
27 3459 Car -1 -1 -10 715.27 186.10 860.04 273.61 -1000 -1000 -1000 -10 -1 -1 -1
27 3460 Car -1 -1 -10 1039.71 198.72 1241.21 370.92 -1000 -1000 -1000 -10 -1 -1 -1
27 3461 Car -1 -1 -10 0.25 181.96 92.65 227.08 -1000 -1000 -1000 -10 -1 -1 -1
28 3462 Car -1 -1 -10 712.17 187.73 849.69 271.64 -1000 -1000 -1000 -10 -1 -1 -1
28 3463 Car -1 -1 -10 1015.64 187.72 1241.34 371.69 -1000 -1000 -1000 -10 -1 -1 -1
28 3464 Car -1 -1 -10 0.00 185.51 68.41 228.90 -1000 -1000 -1000 -10 -1 -1 -1
29 3465 Car -1 -1 -10 990.53 185.94 1241.70 370.58 -1000 -1000 -1000 -10 -1 -1 -1
29 3466 Car -1 -1 -10 705.91 189.30 839.61 268.72 -1000 -1000 -1000 -10 -1 -1 -1
30 3467 Car -1 -1 -10 961.08 182.31 1241.67 370.89 -1000 -1000 -1000 -10 -1 -1 -1
30 3468 Car -1 -1 -10 701.99 188.25 828.48 263.26 -1000 -1000 -1000 -10 -1 -1 -1
31 3469 Car -1 -1 -10 938.29 182.44 1241.81 372.00 -1000 -1000 -1000 -10 -1 -1 -1
31 3470 Car -1 -1 -10 695.73 186.24 818.07 260.98 -1000 -1000 -1000 -10 -1 -1 -1
32 3471 Car -1 -1 -10 919.91 180.66 1241.21 371.58 -1000 -1000 -1000 -10 -1 -1 -1
32 3472 Car -1 -1 -10 688.79 185.76 807.21 258.83 -1000 -1000 -1000 -10 -1 -1 -1
33 3473 Car -1 -1 -10 902.80 180.40 1242.00 371.33 -1000 -1000 -1000 -10 -1 -1 -1
33 3474 Car -1 -1 -10 682.03 182.66 795.35 256.77 -1000 -1000 -1000 -10 -1 -1 -1
34 3475 Car -1 -1 -10 881.52 178.73 1241.76 373.04 -1000 -1000 -1000 -10 -1 -1 -1
34 3476 Car -1 -1 -10 677.26 183.05 785.03 253.66 -1000 -1000 -1000 -10 -1 -1 -1
35 3477 Car -1 -1 -10 862.32 177.83 1242.00 374.59 -1000 -1000 -1000 -10 -1 -1 -1
35 3478 Car -1 -1 -10 669.48 183.68 775.61 251.03 -1000 -1000 -1000 -10 -1 -1 -1
36 3479 Car -1 -1 -10 664.19 180.83 763.85 248.88 -1000 -1000 -1000 -10 -1 -1 -1
36 3480 Car -1 -1 -10 844.00 175.87 1241.56 375.00 -1000 -1000 -1000 -10 -1 -1 -1
37 3481 Car -1 -1 -10 826.34 173.60 1242.00 374.80 -1000 -1000 -1000 -10 -1 -1 -1
37 3482 Car -1 -1 -10 656.24 180.90 753.64 245.45 -1000 -1000 -1000 -10 -1 -1 -1
38 3483 Car -1 -1 -10 807.67 174.59 1215.88 374.18 -1000 -1000 -1000 -10 -1 -1 -1
38 3484 Car -1 -1 -10 649.42 181.13 743.89 246.11 -1000 -1000 -1000 -10 -1 -1 -1
39 3485 Car -1 -1 -10 790.90 174.57 1160.84 373.20 -1000 -1000 -1000 -10 -1 -1 -1
39 3486 Car -1 -1 -10 641.37 182.76 733.11 242.69 -1000 -1000 -1000 -10 -1 -1 -1
40 3487 Car -1 -1 -10 772.82 173.89 1112.93 373.12 -1000 -1000 -1000 -10 -1 -1 -1
40 3488 Car -1 -1 -10 636.00 182.50 722.58 242.78 -1000 -1000 -1000 -10 -1 -1 -1
41 3489 Car -1 -1 -10 756.61 178.18 1069.64 364.83 -1000 -1000 -1000 -10 -1 -1 -1
41 3490 Car -1 -1 -10 628.25 182.81 713.48 242.00 -1000 -1000 -1000 -10 -1 -1 -1
42 3491 Car -1 -1 -10 739.67 176.67 1027.31 358.19 -1000 -1000 -1000 -10 -1 -1 -1
42 3492 Car -1 -1 -10 620.29 184.27 705.36 242.03 -1000 -1000 -1000 -10 -1 -1 -1
43 3493 Car -1 -1 -10 724.08 176.58 992.11 349.84 -1000 -1000 -1000 -10 -1 -1 -1
43 3494 Car -1 -1 -10 614.29 183.74 695.41 241.11 -1000 -1000 -1000 -10 -1 -1 -1
44 3495 Car -1 -1 -10 711.07 176.73 956.88 338.79 -1000 -1000 -1000 -10 -1 -1 -1
44 3496 Car -1 -1 -10 607.55 183.80 686.12 239.60 -1000 -1000 -1000 -10 -1 -1 -1
45 3497 Car -1 -1 -10 698.44 177.12 926.13 333.40 -1000 -1000 -1000 -10 -1 -1 -1
45 3498 Car -1 -1 -10 603.02 181.88 680.17 238.47 -1000 -1000 -1000 -10 -1 -1 -1
46 3499 Car -1 -1 -10 685.27 176.55 899.91 326.51 -1000 -1000 -1000 -10 -1 -1 -1
46 3500 Car -1 -1 -10 599.18 183.76 670.53 235.23 -1000 -1000 -1000 -10 -1 -1 -1
47 3501 Car -1 -1 -10 591.18 185.74 664.03 236.47 -1000 -1000 -1000 -10 -1 -1 -1
47 3502 Car -1 -1 -10 675.57 173.25 873.99 320.79 -1000 -1000 -1000 -10 -1 -1 -1
48 3503 Car -1 -1 -10 662.86 179.21 852.48 317.39 -1000 -1000 -1000 -10 -1 -1 -1
48 3504 Car -1 -1 -10 587.28 186.29 655.56 236.48 -1000 -1000 -1000 -10 -1 -1 -1
49 3505 Car -1 -1 -10 652.79 178.15 830.53 309.43 -1000 -1000 -1000 -10 -1 -1 -1
49 3506 Car -1 -1 -10 582.43 183.75 649.82 234.93 -1000 -1000 -1000 -10 -1 -1 -1
50 3507 Car -1 -1 -10 646.39 175.97 812.60 302.11 -1000 -1000 -1000 -10 -1 -1 -1
50 3508 Car -1 -1 -10 578.77 182.68 646.09 230.48 -1000 -1000 -1000 -10 -1 -1 -1
51 3509 Car -1 -1 -10 636.24 173.86 794.64 294.49 -1000 -1000 -1000 -10 -1 -1 -1
51 3510 Car -1 -1 -10 575.04 181.87 640.18 228.58 -1000 -1000 -1000 -10 -1 -1 -1
52 3511 Car -1 -1 -10 628.40 172.53 778.36 289.28 -1000 -1000 -1000 -10 -1 -1 -1
52 3512 Car -1 -1 -10 571.23 179.72 632.47 226.83 -1000 -1000 -1000 -10 -1 -1 -1
53 3513 Car -1 -1 -10 620.97 171.09 763.71 284.08 -1000 -1000 -1000 -10 -1 -1 -1
53 3514 Car -1 -1 -10 570.01 177.37 626.94 226.60 -1000 -1000 -1000 -10 -1 -1 -1
54 3515 Car -1 -1 -10 616.81 177.17 752.72 281.94 -1000 -1000 -1000 -10 -1 -1 -1
54 3516 Car -1 -1 -10 563.42 187.04 623.08 227.49 -1000 -1000 -1000 -10 -1 -1 -1
55 3517 Car -1 -1 -10 609.66 178.07 738.42 279.02 -1000 -1000 -1000 -10 -1 -1 -1
55 3518 Car -1 -1 -10 561.63 176.08 616.97 226.86 -1000 -1000 -1000 -10 -1 -1 -1
55 3519 Car -1 -1 -10 244.39 181.45 281.78 201.88 -1000 -1000 -1000 -10 -1 -1 -1
56 3520 Car -1 -1 -10 239.22 182.92 277.95 202.44 -1000 -1000 -1000 -10 -1 -1 -1
56 3521 Car -1 -1 -10 605.16 179.38 729.57 274.71 -1000 -1000 -1000 -10 -1 -1 -1
56 3522 Car -1 -1 -10 559.24 184.80 610.73 227.15 -1000 -1000 -1000 -10 -1 -1 -1
57 3523 Car -1 -1 -10 600.15 177.83 717.76 277.12 -1000 -1000 -1000 -10 -1 -1 -1
57 3524 Car -1 -1 -10 557.01 184.70 607.99 227.02 -1000 -1000 -1000 -10 -1 -1 -1
57 3525 Car -1 -1 -10 233.47 182.69 269.39 201.97 -1000 -1000 -1000 -10 -1 -1 -1
58 3526 Car -1 -1 -10 597.01 179.06 708.01 270.75 -1000 -1000 -1000 -10 -1 -1 -1
58 3527 Car -1 -1 -10 227.59 181.62 269.83 202.04 -1000 -1000 -1000 -10 -1 -1 -1
58 3528 Car -1 -1 -10 555.37 182.71 606.84 227.03 -1000 -1000 -1000 -10 -1 -1 -1
59 3529 Car -1 -1 -10 598.03 178.83 700.46 267.64 -1000 -1000 -1000 -10 -1 -1 -1
59 3530 Car -1 -1 -10 225.04 181.66 264.28 202.34 -1000 -1000 -1000 -10 -1 -1 -1
60 3531 Car -1 -1 -10 591.52 179.28 695.36 266.30 -1000 -1000 -1000 -10 -1 -1 -1
60 3532 Car -1 -1 -10 221.54 181.04 262.63 200.93 -1000 -1000 -1000 -10 -1 -1 -1
61 3533 Car -1 -1 -10 588.76 179.69 690.41 263.79 -1000 -1000 -1000 -10 -1 -1 -1
61 3534 Car -1 -1 -10 216.20 181.03 261.88 203.27 -1000 -1000 -1000 -10 -1 -1 -1
61 3535 Car -1 -1 -10 554.00 185.14 604.87 225.37 -1000 -1000 -1000 -10 -1 -1 -1
62 3536 Car -1 -1 -10 582.41 179.91 682.93 261.27 -1000 -1000 -1000 -10 -1 -1 -1
63 3537 Car -1 -1 -10 578.02 179.46 673.52 259.95 -1000 -1000 -1000 -10 -1 -1 -1
64 3538 Car -1 -1 -10 575.16 178.06 668.72 257.65 -1000 -1000 -1000 -10 -1 -1 -1
65 3539 Car -1 -1 -10 573.10 179.75 662.05 257.70 -1000 -1000 -1000 -10 -1 -1 -1
66 3540 Car -1 -1 -10 572.00 184.06 654.99 257.98 -1000 -1000 -1000 -10 -1 -1 -1
67 3541 Car -1 -1 -10 567.19 185.61 653.93 259.07 -1000 -1000 -1000 -10 -1 -1 -1
67 3542 Car -1 -1 -10 163.72 188.06 226.66 214.73 -1000 -1000 -1000 -10 -1 -1 -1
68 3543 Car -1 -1 -10 563.20 184.79 645.58 254.88 -1000 -1000 -1000 -10 -1 -1 -1
69 3545 Car -1 -1 -10 559.91 179.12 641.69 248.52 -1000 -1000 -1000 -10 -1 -1 -1
70 3546 Car -1 -1 -10 560.41 178.06 638.60 243.13 -1000 -1000 -1000 -10 -1 -1 -1
71 3547 Car -1 -1 -10 555.68 174.46 636.93 242.46 -1000 -1000 -1000 -10 -1 -1 -1
72 3548 Car -1 -1 -10 552.19 179.34 630.57 243.72 -1000 -1000 -1000 -10 -1 -1 -1
73 3549 Car -1 -1 -10 549.35 180.16 628.14 244.76 -1000 -1000 -1000 -10 -1 -1 -1
74 3550 Car -1 -1 -10 549.03 182.45 626.16 243.77 -1000 -1000 -1000 -10 -1 -1 -1
76 3551 Car -1 -1 -10 53.49 177.74 142.92 212.95 -1000 -1000 -1000 -10 -1 -1 -1
77 3552 Car -1 -1 -10 38.33 177.61 134.04 212.82 -1000 -1000 -1000 -10 -1 -1 -1
77 3553 Car -1 -1 -10 253.09 160.44 311.26 199.00 -1000 -1000 -1000 -10 -1 -1 -1
77 3554 Car -1 -1 -10 549.75 181.40 619.17 230.10 -1000 -1000 -1000 -10 -1 -1 -1
78 3555 Car -1 -1 -10 236.61 160.18 298.54 200.42 -1000 -1000 -1000 -10 -1 -1 -1
78 3556 Car -1 -1 -10 21.61 177.79 121.66 214.08 -1000 -1000 -1000 -10 -1 -1 -1
78 3557 Car -1 -1 -10 547.50 181.61 621.17 240.01 -1000 -1000 -1000 -10 -1 -1 -1
79 3558 Car -1 -1 -10 549.75 180.70 622.91 239.06 -1000 -1000 -1000 -10 -1 -1 -1
79 3559 Car -1 -1 -10 218.97 157.32 287.97 201.63 -1000 -1000 -1000 -10 -1 -1 -1
79 3560 Car -1 -1 -10 2.47 175.64 111.36 214.63 -1000 -1000 -1000 -10 -1 -1 -1
80 3561 Car -1 -1 -10 0.00 175.12 94.41 214.06 -1000 -1000 -1000 -10 -1 -1 -1
80 3562 Car -1 -1 -10 201.29 156.02 274.79 201.70 -1000 -1000 -1000 -10 -1 -1 -1
80 3563 Car -1 -1 -10 548.96 180.19 622.25 237.59 -1000 -1000 -1000 -10 -1 -1 -1
81 3564 Car -1 -1 -10 177.74 153.72 258.74 203.93 -1000 -1000 -1000 -10 -1 -1 -1
81 3565 Car -1 -1 -10 0.00 174.57 80.19 214.18 -1000 -1000 -1000 -10 -1 -1 -1
81 3566 Car -1 -1 -10 551.44 180.41 617.69 235.37 -1000 -1000 -1000 -10 -1 -1 -1
82 3567 Car -1 -1 -10 0.00 175.73 65.91 214.19 -1000 -1000 -1000 -10 -1 -1 -1
82 3568 Car -1 -1 -10 551.25 180.22 617.43 239.20 -1000 -1000 -1000 -10 -1 -1 -1
82 3569 Car -1 -1 -10 150.96 152.19 242.21 205.20 -1000 -1000 -1000 -10 -1 -1 -1
83 3570 Car -1 -1 -10 123.17 152.94 226.77 210.46 -1000 -1000 -1000 -10 -1 -1 -1
83 3571 Car -1 -1 -10 0.00 174.93 50.07 215.28 -1000 -1000 -1000 -10 -1 -1 -1
83 3572 Car -1 -1 -10 554.59 181.15 618.33 235.90 -1000 -1000 -1000 -10 -1 -1 -1
84 3573 Car -1 -1 -10 0.08 174.05 33.10 213.19 -1000 -1000 -1000 -10 -1 -1 -1
84 3574 Car -1 -1 -10 85.97 149.38 200.21 213.25 -1000 -1000 -1000 -10 -1 -1 -1
84 3575 Car -1 -1 -10 558.20 182.38 619.23 234.27 -1000 -1000 -1000 -10 -1 -1 -1
85 3576 Car -1 -1 -10 38.30 145.89 171.21 214.78 -1000 -1000 -1000 -10 -1 -1 -1
85 3577 Car -1 -1 -10 556.05 179.76 620.32 234.43 -1000 -1000 -1000 -10 -1 -1 -1
87 3578 Car -1 -1 -10 0.00 139.08 98.28 216.83 -1000 -1000 -1000 -10 -1 -1 -1
87 3579 Car -1 -1 -10 558.38 175.71 623.28 228.13 -1000 -1000 -1000 -10 -1 -1 -1
88 3580 Car -1 -1 -10 0.01 138.83 50.46 215.60 -1000 -1000 -1000 -10 -1 -1 -1
89 3581 Car -1 -1 -10 319.33 170.97 351.74 188.70 -1000 -1000 -1000 -10 -1 -1 -1
90 3582 Car -1 -1 -10 316.45 171.29 347.58 188.72 -1000 -1000 -1000 -10 -1 -1 -1
96 3583 Car -1 -1 -10 565.65 172.77 615.73 215.92 -1000 -1000 -1000 -10 -1 -1 -1
99 3584 Car -1 -1 -10 566.12 176.98 617.72 219.26 -1000 -1000 -1000 -10 -1 -1 -1
100 3585 Car -1 -1 -10 565.71 180.11 616.72 223.18 -1000 -1000 -1000 -10 -1 -1 -1
101 3586 Car -1 -1 -10 571.62 179.68 614.13 216.85 -1000 -1000 -1000 -10 -1 -1 -1
104 3587 Car -1 -1 -10 568.98 181.10 618.16 217.90 -1000 -1000 -1000 -10 -1 -1 -1
107 3588 Car -1 -1 -10 570.87 176.77 616.24 215.94 -1000 -1000 -1000 -10 -1 -1 -1
114 3589 Car -1 -1 -10 178.90 179.29 244.33 209.03 -1000 -1000 -1000 -10 -1 -1 -1
117 3590 Car -1 -1 -10 41.49 176.88 136.93 209.27 -1000 -1000 -1000 -10 -1 -1 -1
118 3591 Car -1 -1 -10 17.20 176.08 117.35 212.71 -1000 -1000 -1000 -10 -1 -1 -1
118 3592 Car -1 -1 -10 116.00 174.98 199.31 207.87 -1000 -1000 -1000 -10 -1 -1 -1
119 3593 Car -1 -1 -10 99.38 180.29 188.74 211.60 -1000 -1000 -1000 -10 -1 -1 -1
119 3594 Car -1 -1 -10 1.23 176.90 104.25 216.84 -1000 -1000 -1000 -10 -1 -1 -1
120 3595 Car -1 -1 -10 76.26 180.32 153.58 215.35 -1000 -1000 -1000 -10 -1 -1 -1
120 3596 Car -1 -1 -10 0.00 180.87 77.18 220.56 -1000 -1000 -1000 -10 -1 -1 -1
122 3597 Car -1 -1 -10 580.66 181.31 622.40 216.28 -1000 -1000 -1000 -10 -1 -1 -1
123 3598 Car -1 -1 -10 59.01 178.44 119.82 217.83 -1000 -1000 -1000 -10 -1 -1 -1
123 3599 Car -1 -1 -10 114.44 178.22 196.73 211.95 -1000 -1000 -1000 -10 -1 -1 -1
124 3600 Car -1 -1 -10 0.48 180.92 100.28 218.70 -1000 -1000 -1000 -10 -1 -1 -1
124 3601 Car -1 -1 -10 95.36 177.83 183.46 212.16 -1000 -1000 -1000 -10 -1 -1 -1
125 3602 Car -1 -1 -10 0.00 179.47 75.70 220.85 -1000 -1000 -1000 -10 -1 -1 -1
125 3603 Car -1 -1 -10 72.70 180.37 163.62 213.86 -1000 -1000 -1000 -10 -1 -1 -1
126 3604 Car -1 -1 -10 0.00 177.65 51.42 221.47 -1000 -1000 -1000 -10 -1 -1 -1
126 3605 Car -1 -1 -10 51.28 182.68 149.06 218.74 -1000 -1000 -1000 -10 -1 -1 -1
127 3606 Car -1 -1 -10 24.32 182.25 123.92 218.00 -1000 -1000 -1000 -10 -1 -1 -1
127 3607 Car -1 -1 -10 579.33 182.72 619.28 213.07 -1000 -1000 -1000 -10 -1 -1 -1
130 3608 Car -1 -1 -10 0.00 181.15 68.86 216.64 -1000 -1000 -1000 -10 -1 -1 -1
131 3609 Car -1 -1 -10 0.00 179.79 45.12 218.36 -1000 -1000 -1000 -10 -1 -1 -1
134 3610 Car -1 -1 -10 584.74 174.93 627.15 210.55 -1000 -1000 -1000 -10 -1 -1 -1
135 3611 Car -1 -1 -10 306.71 174.51 342.29 195.98 -1000 -1000 -1000 -10 -1 -1 -1
136 3612 Car -1 -1 -10 587.73 173.96 625.24 206.59 -1000 -1000 -1000 -10 -1 -1 -1
136 3613 Car -1 -1 -10 304.83 173.32 338.32 194.94 -1000 -1000 -1000 -10 -1 -1 -1
137 3614 Car -1 -1 -10 293.88 171.87 329.95 193.87 -1000 -1000 -1000 -10 -1 -1 -1
138 3615 Car -1 -1 -10 288.09 171.34 324.73 194.33 -1000 -1000 -1000 -10 -1 -1 -1
138 3616 Car -1 -1 -10 590.54 172.42 627.98 203.05 -1000 -1000 -1000 -10 -1 -1 -1
139 3617 Car -1 -1 -10 589.64 173.61 629.69 206.98 -1000 -1000 -1000 -10 -1 -1 -1
139 3618 Car -1 -1 -10 278.67 173.78 318.44 196.32 -1000 -1000 -1000 -10 -1 -1 -1
140 3619 Car -1 -1 -10 270.14 180.23 308.04 204.11 -1000 -1000 -1000 -10 -1 -1 -1
141 3620 Car -1 -1 -10 260.34 179.64 294.43 204.36 -1000 -1000 -1000 -10 -1 -1 -1
141 3621 Car -1 -1 -10 586.67 181.65 627.85 213.44 -1000 -1000 -1000 -10 -1 -1 -1
142 3622 Car -1 -1 -10 250.47 180.32 280.60 203.66 -1000 -1000 -1000 -10 -1 -1 -1
