0 3623 Car -1 -1 -10 69.89 182.95 270.27 244.97 -1000 -1000 -1000 -10 -1 -1 -1
0 3624 Car -1 -1 -10 429.67 171.24 575.89 218.21 -1000 -1000 -1000 -10 -1 -1 -1
0 3625 Car -1 -1 -10 1129.59 161.68 1242.00 220.66 -1000 -1000 -1000 -10 -1 -1 -1
0 3626 Car -1 -1 -10 806.99 164.81 931.37 248.98 -1000 -1000 -1000 -10 -1 -1 -1
0 3628 Car -1 -1 -10 935.65 147.90 1058.75 201.00 -1000 -1000 -1000 -10 -1 -1 -1
0 3629 Car -1 -1 -10 931.67 148.35 1058.68 200.99 -1000 -1000 -1000 -10 -1 -1 -1
1 3630 Car -1 -1 -10 829.29 164.09 986.08 247.03 -1000 -1000 -1000 -10 -1 -1 -1
1 3631 Car -1 -1 -10 399.03 171.11 554.01 221.37 -1000 -1000 -1000 -10 -1 -1 -1
1 3632 Car -1 -1 -10 0.00 185.94 217.77 256.36 -1000 -1000 -1000 -10 -1 -1 -1
1 3633 Car -1 -1 -10 1177.98 159.68 1241.44 218.88 -1000 -1000 -1000 -10 -1 -1 -1
1 3634 Car -1 -1 -10 954.94 145.95 1058.12 200.52 -1000 -1000 -1000 -10 -1 -1 -1
2 3635 Car -1 -1 -10 0.46 184.01 158.97 258.68 -1000 -1000 -1000 -10 -1 -1 -1
2 3636 Car -1 -1 -10 364.75 170.77 526.89 223.35 -1000 -1000 -1000 -10 -1 -1 -1
2 3638 Car -1 -1 -10 943.98 145.76 1053.86 200.93 -1000 -1000 -1000 -10 -1 -1 -1
2 3639 Car -1 -1 -10 855.75 157.33 1020.08 248.12 -1000 -1000 -1000 -10 -1 -1 -1
3 3641 Car -1 -1 -10 325.77 169.01 498.14 225.95 -1000 -1000 -1000 -10 -1 -1 -1
3 3643 Car -1 -1 -10 883.49 144.29 1056.03 246.48 -1000 -1000 -1000 -10 -1 -1 -1
3 3644 Car -1 -1 -10 0.35 186.19 85.64 256.74 -1000 -1000 -1000 -10 -1 -1 -1
4 3645 Car -1 -1 -10 910.15 145.69 1089.85 245.79 -1000 -1000 -1000 -10 -1 -1 -1
4 3646 Car -1 -1 -10 279.23 165.31 467.86 228.95 -1000 -1000 -1000 -10 -1 -1 -1
4 3647 Car -1 -1 -10 1203.07 159.30 1241.54 194.86 -1000 -1000 -1000 -10 -1 -1 -1
5 3649 Car -1 -1 -10 225.26 165.64 426.63 233.09 -1000 -1000 -1000 -10 -1 -1 -1
5 3650 Car -1 -1 -10 939.13 153.63 1126.28 245.77 -1000 -1000 -1000 -10 -1 -1 -1
5 3651 Car -1 -1 -10 1197.33 156.37 1241.68 198.67 -1000 -1000 -1000 -10 -1 -1 -1
6 3652 Car -1 -1 -10 160.18 166.98 383.03 238.46 -1000 -1000 -1000 -10 -1 -1 -1
6 3653 Car -1 -1 -10 965.56 157.27 1163.54 248.43 -1000 -1000 -1000 -10 -1 -1 -1
6 3654 Car -1 -1 -10 851.62 144.67 1008.54 207.53 -1000 -1000 -1000 -10 -1 -1 -1
6 3655 Car -1 -1 -10 1187.15 157.06 1241.52 200.58 -1000 -1000 -1000 -10 -1 -1 -1
7 3656 Car -1 -1 -10 993.64 157.26 1198.66 250.69 -1000 -1000 -1000 -10 -1 -1 -1
7 3657 Car -1 -1 -10 77.95 168.59 331.64 247.09 -1000 -1000 -1000 -10 -1 -1 -1
7 3658 Car -1 -1 -10 1175.86 155.25 1241.65 202.23 -1000 -1000 -1000 -10 -1 -1 -1
7 3659 Car -1 -1 -10 833.50 145.62 991.77 212.00 -1000 -1000 -1000 -10 -1 -1 -1
8 3660 Car -1 -1 -10 0.00 169.07 272.30 258.49 -1000 -1000 -1000 -10 -1 -1 -1
8 3661 Car -1 -1 -10 1022.64 157.97 1231.70 256.03 -1000 -1000 -1000 -10 -1 -1 -1
8 3663 Car -1 -1 -10 806.78 147.42 968.71 214.85 -1000 -1000 -1000 -10 -1 -1 -1
8 3664 Car -1 -1 -10 805.82 146.24 968.45 214.57 -1000 -1000 -1000 -10 -1 -1 -1
8 3665 Car -1 -1 -10 1180.45 155.33 1241.42 202.87 -1000 -1000 -1000 -10 -1 -1 -1
9 3666 Car -1 -1 -10 0.06 171.02 202.79 259.49 -1000 -1000 -1000 -10 -1 -1 -1
9 3668 Car -1 -1 -10 1048.36 159.04 1241.38 258.76 -1000 -1000 -1000 -10 -1 -1 -1
9 3669 Car -1 -1 -10 777.46 146.74 943.33 218.71 -1000 -1000 -1000 -10 -1 -1 -1
10 3670 Car -1 -1 -10 0.26 172.89 116.47 262.46 -1000 -1000 -1000 -10 -1 -1 -1
10 3671 Car -1 -1 -10 1071.44 156.89 1232.81 258.86 -1000 -1000 -1000 -10 -1 -1 -1
10 3672 Car -1 -1 -10 744.73 146.48 915.18 219.51 -1000 -1000 -1000 -10 -1 -1 -1
11 3673 Car -1 -1 -10 1087.83 158.23 1241.19 259.81 -1000 -1000 -1000 -10 -1 -1 -1
11 3674 Car -1 -1 -10 709.72 146.80 884.86 221.29 -1000 -1000 -1000 -10 -1 -1 -1
12 3675 Car -1 -1 -10 1110.66 162.80 1241.28 263.24 -1000 -1000 -1000 -10 -1 -1 -1
12 3676 Car -1 -1 -10 1054.57 163.24 1159.98 214.73 -1000 -1000 -1000 -10 -1 -1 -1
12 3677 Car -1 -1 -10 665.10 149.32 844.67 229.35 -1000 -1000 -1000 -10 -1 -1 -1
13 3678 Car -1 -1 -10 1122.97 169.62 1241.35 268.51 -1000 -1000 -1000 -10 -1 -1 -1
13 3679 Car -1 -1 -10 621.00 154.77 804.90 235.11 -1000 -1000 -1000 -10 -1 -1 -1
13 3680 Car -1 -1 -10 1019.19 169.92 1143.06 221.38 -1000 -1000 -1000 -10 -1 -1 -1
14 3681 Car -1 -1 -10 1133.30 174.98 1241.38 268.67 -1000 -1000 -1000 -10 -1 -1 -1
14 3682 Car -1 -1 -10 567.09 157.38 760.10 238.84 -1000 -1000 -1000 -10 -1 -1 -1
14 3683 Car -1 -1 -10 981.86 172.24 1119.95 225.89 -1000 -1000 -1000 -10 -1 -1 -1
15 3684 Car -1 -1 -10 1137.80 173.91 1241.33 267.34 -1000 -1000 -1000 -10 -1 -1 -1
15 3685 Car -1 -1 -10 513.29 157.88 712.49 244.96 -1000 -1000 -1000 -10 -1 -1 -1
15 3686 Car -1 -1 -10 513.27 158.23 712.66 243.48 -1000 -1000 -1000 -10 -1 -1 -1
15 3687 Car -1 -1 -10 941.14 173.77 1081.22 226.51 -1000 -1000 -1000 -10 -1 -1 -1
16 3688 Car -1 -1 -10 1139.89 180.03 1241.51 267.50 -1000 -1000 -1000 -10 -1 -1 -1
16 3689 Car -1 -1 -10 900.93 174.55 1034.02 230.03 -1000 -1000 -1000 -10 -1 -1 -1
16 3690 Car -1 -1 -10 442.83 157.77 662.09 252.15 -1000 -1000 -1000 -10 -1 -1 -1
16 3691 Car -1 -1 -10 1104.80 188.20 1162.84 224.25 -1000 -1000 -1000 -10 -1 -1 -1
17 3692 Car -1 -1 -10 1138.12 181.58 1241.36 269.54 -1000 -1000 -1000 -10 -1 -1 -1
17 3693 Car -1 -1 -10 374.02 159.48 605.30 260.84 -1000 -1000 -1000 -10 -1 -1 -1
17 3694 Car -1 -1 -10 856.14 178.78 994.46 234.43 -1000 -1000 -1000 -10 -1 -1 -1
17 3695 Car -1 -1 -10 1065.74 181.59 1156.54 221.96 -1000 -1000 -1000 -10 -1 -1 -1
18 3696 Car -1 -1 -10 1133.94 181.21 1241.35 268.14 -1000 -1000 -1000 -10 -1 -1 -1
18 3697 Car -1 -1 -10 813.18 179.49 949.93 235.72 -1000 -1000 -1000 -10 -1 -1 -1
18 3698 Car -1 -1 -10 295.11 159.42 547.48 268.66 -1000 -1000 -1000 -10 -1 -1 -1
18 3699 Car -1 -1 -10 1027.03 183.04 1130.20 224.62 -1000 -1000 -1000 -10 -1 -1 -1
19 3700 Car -1 -1 -10 1127.48 176.51 1241.35 268.00 -1000 -1000 -1000 -10 -1 -1 -1
19 3701 Car -1 -1 -10 768.60 178.69 910.61 238.28 -1000 -1000 -1000 -10 -1 -1 -1
19 3702 Car -1 -1 -10 197.27 157.33 482.10 279.95 -1000 -1000 -1000 -10 -1 -1 -1
19 3703 Car -1 -1 -10 985.77 182.50 1089.33 225.26 -1000 -1000 -1000 -10 -1 -1 -1
20 3704 Car -1 -1 -10 1118.88 177.07 1242.00 263.40 -1000 -1000 -1000 -10 -1 -1 -1
20 3705 Car -1 -1 -10 723.48 179.33 867.80 239.36 -1000 -1000 -1000 -10 -1 -1 -1
20 3706 Car -1 -1 -10 83.43 157.21 411.13 293.77 -1000 -1000 -1000 -10 -1 -1 -1
20 3707 Car -1 -1 -10 948.65 180.19 1050.76 223.93 -1000 -1000 -1000 -10 -1 -1 -1
20 3708 Car -1 -1 -10 1078.68 184.66 1134.64 216.41 -1000 -1000 -1000 -10 -1 -1 -1
21 3709 Car -1 -1 -10 1108.22 176.19 1242.00 260.99 -1000 -1000 -1000 -10 -1 -1 -1
21 3710 Car -1 -1 -10 0.43 158.67 336.76 312.32 -1000 -1000 -1000 -10 -1 -1 -1
21 3711 Car -1 -1 -10 672.38 178.89 824.64 243.46 -1000 -1000 -1000 -10 -1 -1 -1
21 3712 Car -1 -1 -10 916.08 179.25 1011.77 225.40 -1000 -1000 -1000 -10 -1 -1 -1
21 3713 Car -1 -1 -10 1040.29 179.51 1116.91 215.38 -1000 -1000 -1000 -10 -1 -1 -1
22 3714 Car -1 -1 -10 622.11 179.88 778.73 249.95 -1000 -1000 -1000 -10 -1 -1 -1
22 3715 Car -1 -1 -10 1095.25 178.28 1228.47 258.47 -1000 -1000 -1000 -10 -1 -1 -1
22 3716 Car -1 -1 -10 0.00 159.49 218.58 313.59 -1000 -1000 -1000 -10 -1 -1 -1
22 3717 Car -1 -1 -10 875.40 180.47 975.39 226.03 -1000 -1000 -1000 -10 -1 -1 -1
22 3718 Car -1 -1 -10 1079.58 184.14 1109.99 209.42 -1000 -1000 -1000 -10 -1 -1 -1
23 3719 Car -1 -1 -10 1078.48 184.21 1203.27 258.02 -1000 -1000 -1000 -10 -1 -1 -1
23 3720 Car -1 -1 -10 566.21 181.62 731.94 257.12 -1000 -1000 -1000 -10 -1 -1 -1
23 3721 Car -1 -1 -10 1041.72 184.05 1090.13 213.32 -1000 -1000 -1000 -10 -1 -1 -1
23 3722 Car -1 -1 -10 0.31 158.08 159.47 325.20 -1000 -1000 -1000 -10 -1 -1 -1
23 3723 Car -1 -1 -10 838.20 182.23 934.86 228.47 -1000 -1000 -1000 -10 -1 -1 -1
24 3724 Car -1 -1 -10 797.17 185.50 897.88 234.14 -1000 -1000 -1000 -10 -1 -1 -1
24 3725 Car -1 -1 -10 1058.58 186.51 1175.09 259.32 -1000 -1000 -1000 -10 -1 -1 -1
24 3726 Car -1 -1 -10 499.74 183.37 682.35 265.21 -1000 -1000 -1000 -10 -1 -1 -1
24 3727 Car -1 -1 -10 1190.03 188.56 1241.00 225.12 -1000 -1000 -1000 -10 -1 -1 -1
24 3728 Car -1 -1 -10 1007.29 184.32 1051.83 214.20 -1000 -1000 -1000 -10 -1 -1 -1
25 3729 Car -1 -1 -10 427.02 183.19 628.58 272.98 -1000 -1000 -1000 -10 -1 -1 -1
25 3730 Car -1 -1 -10 1036.40 188.37 1136.96 258.94 -1000 -1000 -1000 -10 -1 -1 -1
25 3731 Car -1 -1 -10 752.33 186.29 856.69 233.67 -1000 -1000 -1000 -10 -1 -1 -1
25 3732 Car -1 -1 -10 1148.00 192.47 1204.17 225.24 -1000 -1000 -1000 -10 -1 -1 -1
25 3733 Car -1 -1 -10 894.68 190.25 938.53 219.93 -1000 -1000 -1000 -10 -1 -1 -1
25 3734 Car -1 -1 -10 964.84 186.73 1009.36 216.08 -1000 -1000 -1000 -10 -1 -1 -1
26 3735 Car -1 -1 -10 337.87 179.33 569.14 281.38 -1000 -1000 -1000 -10 -1 -1 -1
26 3736 Car -1 -1 -10 715.37 183.53 814.66 234.67 -1000 -1000 -1000 -10 -1 -1 -1
26 3737 Car -1 -1 -10 1010.27 186.11 1102.74 255.00 -1000 -1000 -1000 -10 -1 -1 -1
26 3738 Car -1 -1 -10 1106.63 188.03 1155.48 220.82 -1000 -1000 -1000 -10 -1 -1 -1
26 3739 Car -1 -1 -10 927.22 184.76 969.68 211.11 -1000 -1000 -1000 -10 -1 -1 -1
27 3740 Car -1 -1 -10 229.87 179.32 498.53 294.53 -1000 -1000 -1000 -10 -1 -1 -1
27 3741 Car -1 -1 -10 663.58 184.60 775.10 234.56 -1000 -1000 -1000 -10 -1 -1 -1
27 3742 Car -1 -1 -10 979.92 184.81 1071.42 249.25 -1000 -1000 -1000 -10 -1 -1 -1
27 3743 Car -1 -1 -10 883.84 183.63 926.79 210.53 -1000 -1000 -1000 -10 -1 -1 -1
27 3744 Car -1 -1 -10 955.37 185.88 987.04 204.51 -1000 -1000 -1000 -10 -1 -1 -1
27 3745 Car -1 -1 -10 812.27 186.75 884.37 218.56 -1000 -1000 -1000 -10 -1 -1 -1
28 3746 Car -1 -1 -10 86.04 180.89 418.84 314.71 -1000 -1000 -1000 -10 -1 -1 -1
28 3747 Car -1 -1 -10 614.08 186.05 730.22 241.04 -1000 -1000 -1000 -10 -1 -1 -1
28 3748 Car -1 -1 -10 950.18 184.70 1032.04 247.76 -1000 -1000 -1000 -10 -1 -1 -1
28 3749 Car -1 -1 -10 845.62 185.31 883.54 209.75 -1000 -1000 -1000 -10 -1 -1 -1
28 3750 Car -1 -1 -10 1019.89 186.30 1060.27 214.61 -1000 -1000 -1000 -10 -1 -1 -1
29 3751 Car -1 -1 -10 0.09 180.90 322.18 341.38 -1000 -1000 -1000 -10 -1 -1 -1
29 3752 Car -1 -1 -10 918.32 184.07 993.29 245.40 -1000 -1000 -1000 -10 -1 -1 -1
29 3753 Car -1 -1 -10 561.96 184.58 683.76 241.93 -1000 -1000 -1000 -10 -1 -1 -1
29 3754 Car -1 -1 -10 803.34 183.94 845.87 213.68 -1000 -1000 -1000 -10 -1 -1 -1
30 3755 Car -1 -1 -10 0.01 178.82 199.91 329.32 -1000 -1000 -1000 -10 -1 -1 -1
30 3756 Car -1 -1 -10 502.01 184.84 629.66 247.94 -1000 -1000 -1000 -10 -1 -1 -1
30 3757 Car -1 -1 -10 885.41 184.92 954.54 243.02 -1000 -1000 -1000 -10 -1 -1 -1
30 3758 Car -1 -1 -10 762.99 183.78 801.36 210.25 -1000 -1000 -1000 -10 -1 -1 -1
30 3759 Car -1 -1 -10 692.50 185.11 762.44 220.28 -1000 -1000 -1000 -10 -1 -1 -1
31 3760 Car -1 -1 -10 434.28 183.76 583.80 251.47 -1000 -1000 -1000 -10 -1 -1 -1
31 3761 Car -1 -1 -10 852.75 184.58 917.43 240.59 -1000 -1000 -1000 -10 -1 -1 -1
31 3762 Car -1 -1 -10 722.22 182.93 766.60 209.98 -1000 -1000 -1000 -10 -1 -1 -1
32 3763 Car -1 -1 -10 364.24 181.09 529.31 261.67 -1000 -1000 -1000 -10 -1 -1 -1
32 3764 Car -1 -1 -10 817.55 182.95 881.91 238.72 -1000 -1000 -1000 -10 -1 -1 -1
32 3765 Car -1 -1 -10 683.36 183.19 725.27 211.21 -1000 -1000 -1000 -10 -1 -1 -1
32 3766 Car -1 -1 -10 606.65 193.09 657.79 221.74 -1000 -1000 -1000 -10 -1 -1 -1
33 3767 Car -1 -1 -10 273.62 181.57 468.23 269.97 -1000 -1000 -1000 -10 -1 -1 -1
33 3768 Car -1 -1 -10 782.80 180.56 842.14 234.00 -1000 -1000 -1000 -10 -1 -1 -1
33 3769 Car -1 -1 -10 644.64 183.67 685.29 210.13 -1000 -1000 -1000 -10 -1 -1 -1
34 3770 Car -1 -1 -10 160.58 181.42 401.06 283.52 -1000 -1000 -1000 -10 -1 -1 -1
34 3771 Car -1 -1 -10 599.75 182.44 645.66 212.11 -1000 -1000 -1000 -10 -1 -1 -1
34 3772 Car -1 -1 -10 748.81 180.30 805.11 231.69 -1000 -1000 -1000 -10 -1 -1 -1
34 3773 Car -1 -1 -10 515.78 185.63 574.31 224.07 -1000 -1000 -1000 -10 -1 -1 -1
35 3774 Car -1 -1 -10 11.59 183.97 322.88 306.61 -1000 -1000 -1000 -10 -1 -1 -1
35 3775 Car -1 -1 -10 714.88 180.13 769.48 228.19 -1000 -1000 -1000 -10 -1 -1 -1
35 3776 Car -1 -1 -10 558.20 183.54 606.79 212.78 -1000 -1000 -1000 -10 -1 -1 -1
35 3777 Car -1 -1 -10 470.16 180.64 553.93 225.75 -1000 -1000 -1000 -10 -1 -1 -1
36 3778 Car -1 -1 -10 0.71 186.78 229.85 310.76 -1000 -1000 -1000 -10 -1 -1 -1
36 3779 Car -1 -1 -10 685.17 178.36 738.07 226.97 -1000 -1000 -1000 -10 -1 -1 -1
36 3780 Car -1 -1 -10 521.53 183.58 569.65 213.26 -1000 -1000 -1000 -10 -1 -1 -1
36 3781 Car -1 -1 -10 419.85 181.03 517.56 228.70 -1000 -1000 -1000 -10 -1 -1 -1
37 3782 Car -1 -1 -10 0.30 190.61 124.81 324.00 -1000 -1000 -1000 -10 -1 -1 -1
37 3783 Car -1 -1 -10 660.24 178.80 711.70 225.11 -1000 -1000 -1000 -10 -1 -1 -1
37 3784 Car -1 -1 -10 371.45 182.26 478.27 233.61 -1000 -1000 -1000 -10 -1 -1 -1
37 3785 Car -1 -1 -10 482.80 183.22 541.74 215.15 -1000 -1000 -1000 -10 -1 -1 -1
38 3786 Car -1 -1 -10 637.92 178.82 688.80 224.44 -1000 -1000 -1000 -10 -1 -1 -1
38 3787 Car -1 -1 -10 452.72 185.49 511.09 218.50 -1000 -1000 -1000 -10 -1 -1 -1
39 3788 Car -1 -1 -10 618.88 179.82 667.60 224.16 -1000 -1000 -1000 -10 -1 -1 -1
39 3789 Car -1 -1 -10 423.61 184.04 484.44 219.85 -1000 -1000 -1000 -10 -1 -1 -1
40 3790 Car -1 -1 -10 603.64 178.96 651.86 224.93 -1000 -1000 -1000 -10 -1 -1 -1
40 3791 Car -1 -1 -10 397.22 186.84 459.56 224.67 -1000 -1000 -1000 -10 -1 -1 -1
40 3792 Car -1 -1 -10 226.33 189.67 376.27 253.60 -1000 -1000 -1000 -10 -1 -1 -1
41 3793 Car -1 -1 -10 172.67 187.86 342.60 261.50 -1000 -1000 -1000 -10 -1 -1 -1
41 3794 Car -1 -1 -10 369.65 187.48 437.42 225.74 -1000 -1000 -1000 -10 -1 -1 -1
41 3795 Car -1 -1 -10 589.53 179.25 638.16 222.58 -1000 -1000 -1000 -10 -1 -1 -1
42 3796 Car -1 -1 -10 345.69 186.48 419.61 229.53 -1000 -1000 -1000 -10 -1 -1 -1
42 3797 Car -1 -1 -10 578.39 180.12 626.75 223.44 -1000 -1000 -1000 -10 -1 -1 -1
42 3798 Car -1 -1 -10 104.54 188.74 308.72 271.81 -1000 -1000 -1000 -10 -1 -1 -1
43 3799 Car -1 -1 -10 322.02 189.73 403.14 234.14 -1000 -1000 -1000 -10 -1 -1 -1
43 3800 Car -1 -1 -10 574.59 181.05 619.90 223.69 -1000 -1000 -1000 -10 -1 -1 -1
43 3801 Car -1 -1 -10 29.34 193.23 277.54 286.37 -1000 -1000 -1000 -10 -1 -1 -1
43 3802 Car -1 -1 -10 401.41 182.80 440.88 218.29 -1000 -1000 -1000 -10 -1 -1 -1
44 3803 Car -1 -1 -10 0.00 195.87 238.52 300.31 -1000 -1000 -1000 -10 -1 -1 -1
44 3804 Car -1 -1 -10 567.98 183.59 616.03 223.84 -1000 -1000 -1000 -10 -1 -1 -1
44 3805 Car -1 -1 -10 298.16 192.60 388.15 238.96 -1000 -1000 -1000 -10 -1 -1 -1
44 3806 Car -1 -1 -10 388.11 185.79 430.61 220.64 -1000 -1000 -1000 -10 -1 -1 -1
45 3807 Car -1 -1 -10 275.01 191.09 374.74 243.56 -1000 -1000 -1000 -10 -1 -1 -1
45 3808 Car -1 -1 -10 0.00 200.93 192.25 322.15 -1000 -1000 -1000 -10 -1 -1 -1
45 3809 Car -1 -1 -10 567.40 182.37 611.84 222.58 -1000 -1000 -1000 -10 -1 -1 -1
46 3810 Car -1 -1 -10 244.23 192.90 359.79 249.35 -1000 -1000 -1000 -10 -1 -1 -1
46 3811 Car -1 -1 -10 565.24 181.32 610.17 221.83 -1000 -1000 -1000 -10 -1 -1 -1
46 3812 Car -1 -1 -10 0.14 203.30 135.76 313.83 -1000 -1000 -1000 -10 -1 -1 -1
47 3813 Car -1 -1 -10 211.97 188.88 344.54 257.87 -1000 -1000 -1000 -10 -1 -1 -1
47 3814 Car -1 -1 -10 565.06 181.42 610.27 222.18 -1000 -1000 -1000 -10 -1 -1 -1
47 3815 Car -1 -1 -10 0.15 237.67 65.57 321.38 -1000 -1000 -1000 -10 -1 -1 -1
48 3816 Car -1 -1 -10 565.03 180.36 609.64 220.25 -1000 -1000 -1000 -10 -1 -1 -1
48 3817 Car -1 -1 -10 177.71 190.47 321.69 266.66 -1000 -1000 -1000 -10 -1 -1 -1
49 3818 Car -1 -1 -10 134.83 193.97 299.39 270.56 -1000 -1000 -1000 -10 -1 -1 -1
49 3819 Car -1 -1 -10 565.37 180.57 609.27 219.38 -1000 -1000 -1000 -10 -1 -1 -1
50 3820 Car -1 -1 -10 77.43 197.18 273.05 281.69 -1000 -1000 -1000 -10 -1 -1 -1
50 3821 Car -1 -1 -10 564.93 180.79 608.53 220.03 -1000 -1000 -1000 -10 -1 -1 -1
50 3823 Car -1 -1 -10 298.96 185.64 385.25 240.04 -1000 -1000 -1000 -10 -1 -1 -1
51 3824 Car -1 -1 -10 278.10 189.56 373.95 244.26 -1000 -1000 -1000 -10 -1 -1 -1
51 3825 Car -1 -1 -10 2.85 199.41 237.29 299.20 -1000 -1000 -1000 -10 -1 -1 -1
51 3826 Car -1 -1 -10 563.31 181.95 609.45 221.83 -1000 -1000 -1000 -10 -1 -1 -1
51 3827 Car -1 -1 -10 441.18 186.61 473.98 209.76 -1000 -1000 -1000 -10 -1 -1 -1
51 3828 Car -1 -1 -10 388.53 184.85 433.68 222.16 -1000 -1000 -1000 -10 -1 -1 -1
52 3829 Car -1 -1 -10 0.00 203.95 194.86 321.14 -1000 -1000 -1000 -10 -1 -1 -1
52 3830 Car -1 -1 -10 565.99 181.53 609.40 219.74 -1000 -1000 -1000 -10 -1 -1 -1
52 3831 Car -1 -1 -10 255.35 190.53 358.48 249.97 -1000 -1000 -1000 -10 -1 -1 -1
52 3832 Car -1 -1 -10 376.00 185.64 428.08 225.20 -1000 -1000 -1000 -10 -1 -1 -1
53 3833 Car -1 -1 -10 0.25 204.07 140.79 316.71 -1000 -1000 -1000 -10 -1 -1 -1
53 3834 Car -1 -1 -10 565.30 180.01 609.25 215.28 -1000 -1000 -1000 -10 -1 -1 -1
53 3835 Car -1 -1 -10 365.94 184.21 421.70 226.84 -1000 -1000 -1000 -10 -1 -1 -1
53 3836 Car -1 -1 -10 219.27 189.18 343.13 256.96 -1000 -1000 -1000 -10 -1 -1 -1
54 3837 Car -1 -1 -10 0.11 207.05 67.90 321.46 -1000 -1000 -1000 -10 -1 -1 -1
54 3838 Car -1 -1 -10 178.48 189.19 327.01 263.90 -1000 -1000 -1000 -10 -1 -1 -1
54 3839 Car -1 -1 -10 354.17 185.54 413.99 227.20 -1000 -1000 -1000 -10 -1 -1 -1
54 3840 Car -1 -1 -10 565.67 179.72 609.91 214.48 -1000 -1000 -1000 -10 -1 -1 -1
55 3841 Car -1 -1 -10 567.26 180.20 609.75 214.38 -1000 -1000 -1000 -10 -1 -1 -1
55 3842 Car -1 -1 -10 339.27 186.18 408.37 232.05 -1000 -1000 -1000 -10 -1 -1 -1
55 3843 Car -1 -1 -10 423.36 190.22 462.74 214.23 -1000 -1000 -1000 -10 -1 -1 -1
55 3844 Car -1 -1 -10 129.30 189.73 303.49 273.97 -1000 -1000 -1000 -10 -1 -1 -1
56 3845 Car -1 -1 -10 71.66 191.98 273.68 285.64 -1000 -1000 -1000 -10 -1 -1 -1
56 3846 Car -1 -1 -10 569.63 181.20 609.59 218.22 -1000 -1000 -1000 -10 -1 -1 -1
56 3847 Car -1 -1 -10 325.39 186.40 398.74 234.50 -1000 -1000 -1000 -10 -1 -1 -1
57 3848 Car -1 -1 -10 0.15 195.58 237.66 302.73 -1000 -1000 -1000 -10 -1 -1 -1
57 3849 Car -1 -1 -10 570.26 184.95 609.81 220.29 -1000 -1000 -1000 -10 -1 -1 -1
57 3850 Car -1 -1 -10 308.06 183.53 385.11 240.09 -1000 -1000 -1000 -10 -1 -1 -1
57 3851 Car -1 -1 -10 409.51 194.07 456.31 219.03 -1000 -1000 -1000 -10 -1 -1 -1
58 3852 Car -1 -1 -10 0.00 196.62 193.82 323.20 -1000 -1000 -1000 -10 -1 -1 -1
58 3853 Car -1 -1 -10 570.44 185.99 610.38 222.29 -1000 -1000 -1000 -10 -1 -1 -1
58 3854 Car -1 -1 -10 288.21 185.20 379.75 244.90 -1000 -1000 -1000 -10 -1 -1 -1
58 3855 Car -1 -1 -10 401.84 194.23 454.63 222.01 -1000 -1000 -1000 -10 -1 -1 -1
59 3856 Car -1 -1 -10 0.21 195.26 136.42 314.74 -1000 -1000 -1000 -10 -1 -1 -1
59 3857 Car -1 -1 -10 260.88 187.83 363.77 249.12 -1000 -1000 -1000 -10 -1 -1 -1
59 3858 Car -1 -1 -10 573.54 184.47 610.82 218.92 -1000 -1000 -1000 -10 -1 -1 -1
60 3859 Car -1 -1 -10 0.12 198.15 59.37 321.54 -1000 -1000 -1000 -10 -1 -1 -1
60 3860 Car -1 -1 -10 232.12 186.29 344.51 253.54 -1000 -1000 -1000 -10 -1 -1 -1
60 3861 Car -1 -1 -10 574.31 182.54 611.89 217.34 -1000 -1000 -1000 -10 -1 -1 -1
60 3862 Car -1 -1 -10 389.99 194.37 444.06 221.91 -1000 -1000 -1000 -10 -1 -1 -1
61 3863 Car -1 -1 -10 194.83 185.40 326.04 257.06 -1000 -1000 -1000 -10 -1 -1 -1
61 3864 Car -1 -1 -10 573.38 181.53 614.48 215.14 -1000 -1000 -1000 -10 -1 -1 -1
62 3865 Car -1 -1 -10 574.61 181.06 613.53 212.71 -1000 -1000 -1000 -10 -1 -1 -1
62 3866 Car -1 -1 -10 369.49 184.14 434.46 220.68 -1000 -1000 -1000 -10 -1 -1 -1
62 3867 Car -1 -1 -10 154.54 181.62 305.34 264.97 -1000 -1000 -1000 -10 -1 -1 -1
63 3868 Car -1 -1 -10 95.00 181.90 277.10 277.66 -1000 -1000 -1000 -10 -1 -1 -1
63 3869 Car -1 -1 -10 576.91 180.89 615.88 212.62 -1000 -1000 -1000 -10 -1 -1 -1
63 3870 Car -1 -1 -10 358.74 183.34 431.24 223.41 -1000 -1000 -1000 -10 -1 -1 -1
64 3871 Car -1 -1 -10 24.18 186.73 243.79 291.33 -1000 -1000 -1000 -10 -1 -1 -1
64 3872 Car -1 -1 -10 578.69 179.81 616.58 212.96 -1000 -1000 -1000 -10 -1 -1 -1
64 3873 Car -1 -1 -10 349.55 187.07 427.10 226.16 -1000 -1000 -1000 -10 -1 -1 -1
65 3874 Car -1 -1 -10 0.12 190.75 198.85 311.58 -1000 -1000 -1000 -10 -1 -1 -1
65 3875 Car -1 -1 -10 581.56 179.41 621.83 214.36 -1000 -1000 -1000 -10 -1 -1 -1
65 3876 Car -1 -1 -10 333.47 195.33 397.15 232.37 -1000 -1000 -1000 -10 -1 -1 -1
66 3877 Car -1 -1 -10 0.28 194.37 141.10 320.21 -1000 -1000 -1000 -10 -1 -1 -1
66 3878 Car -1 -1 -10 320.05 195.93 409.39 237.31 -1000 -1000 -1000 -10 -1 -1 -1
67 3879 Car -1 -1 -10 295.26 191.32 398.86 239.33 -1000 -1000 -1000 -10 -1 -1 -1
68 3880 Car -1 -1 -10 588.07 172.95 622.94 204.54 -1000 -1000 -1000 -10 -1 -1 -1
69 3881 Car -1 -1 -10 587.90 170.28 622.65 201.10 -1000 -1000 -1000 -10 -1 -1 -1
69 3882 Car -1 -1 -10 242.34 186.97 371.49 245.50 -1000 -1000 -1000 -10 -1 -1 -1
70 3883 Car -1 -1 -10 588.40 171.04 624.33 202.23 -1000 -1000 -1000 -10 -1 -1 -1
70 3884 Car -1 -1 -10 204.72 188.69 352.78 255.85 -1000 -1000 -1000 -10 -1 -1 -1
71 3885 Car -1 -1 -10 592.55 179.27 623.19 205.51 -1000 -1000 -1000 -10 -1 -1 -1
72 3886 Car -1 -1 -10 590.21 182.39 625.02 210.18 -1000 -1000 -1000 -10 -1 -1 -1
73 3887 Car -1 -1 -10 13.86 203.94 268.60 301.28 -1000 -1000 -1000 -10 -1 -1 -1
74 3888 Car -1 -1 -10 0.26 205.23 224.05 326.01 -1000 -1000 -1000 -10 -1 -1 -1
82 3894 Car -1 -1 -10 580.47 172.47 608.02 198.02 -1000 -1000 -1000 -10 -1 -1 -1
86 3895 Car -1 -1 -10 576.26 170.11 603.78 195.80 -1000 -1000 -1000 -10 -1 -1 -1
91 3896 Car -1 -1 -10 574.32 177.98 601.64 203.56 -1000 -1000 -1000 -10 -1 -1 -1
100 3897 Car -1 -1 -10 253.64 153.46 417.00 211.37 -1000 -1000 -1000 -10 -1 -1 -1
100 3898 Car -1 -1 -10 580.04 179.58 608.05 202.76 -1000 -1000 -1000 -10 -1 -1 -1
101 3899 Car -1 -1 -10 232.20 147.70 412.46 212.61 -1000 -1000 -1000 -10 -1 -1 -1
101 3900 Car -1 -1 -10 579.30 175.93 609.80 202.48 -1000 -1000 -1000 -10 -1 -1 -1
103 3901 Car -1 -1 -10 581.12 174.51 608.78 201.82 -1000 -1000 -1000 -10 -1 -1 -1
104 3903 Pedestrian -1 -1 -10 666.05 166.26 681.58 206.13 -1000 -1000 -1000 -10 -1 -1 -1
104 3904 Car -1 -1 -10 580.75 174.52 609.14 200.10 -1000 -1000 -1000 -10 -1 -1 -1
105 3906 Car -1 -1 -10 580.70 173.82 609.37 199.80 -1000 -1000 -1000 -10 -1 -1 -1
105 3908 Pedestrian -1 -1 -10 671.16 164.60 687.26 207.51 -1000 -1000 -1000 -10 -1 -1 -1
106 3910 Pedestrian -1 -1 -10 677.43 162.25 696.64 208.55 -1000 -1000 -1000 -10 -1 -1 -1
106 3911 Car -1 -1 -10 581.82 172.11 610.89 198.92 -1000 -1000 -1000 -10 -1 -1 -1
107 3913 Pedestrian -1 -1 -10 684.15 160.63 703.65 212.09 -1000 -1000 -1000 -10 -1 -1 -1
107 3914 Car -1 -1 -10 581.55 172.33 611.55 198.05 -1000 -1000 -1000 -10 -1 -1 -1
108 3916 Car -1 -1 -10 583.34 171.04 611.00 197.02 -1000 -1000 -1000 -10 -1 -1 -1
108 3917 Pedestrian -1 -1 -10 694.14 157.69 713.97 216.03 -1000 -1000 -1000 -10 -1 -1 -1
109 3919 Car -1 -1 -10 582.48 171.68 610.52 195.16 -1000 -1000 -1000 -10 -1 -1 -1
109 3920 Pedestrian -1 -1 -10 702.15 154.98 725.77 220.11 -1000 -1000 -1000 -10 -1 -1 -1
110 3922 Car -1 -1 -10 583.14 172.20 609.84 194.71 -1000 -1000 -1000 -10 -1 -1 -1
110 3923 Pedestrian -1 -1 -10 713.44 154.39 736.26 216.91 -1000 -1000 -1000 -10 -1 -1 -1
110 3924 Pedestrian -1 -1 -10 712.82 154.39 737.24 220.06 -1000 -1000 -1000 -10 -1 -1 -1
110 3925 Pedestrian -1 -1 -10 713.71 153.24 737.97 219.79 -1000 -1000 -1000 -10 -1 -1 -1
110 3926 Pedestrian -1 -1 -10 713.44 153.28 738.19 219.59 -1000 -1000 -1000 -10 -1 -1 -1
110 3927 Pedestrian -1 -1 -10 713.99 153.93 736.04 218.08 -1000 -1000 -1000 -10 -1 -1 -1
110 3928 Pedestrian -1 -1 -10 713.49 154.07 738.20 221.49 -1000 -1000 -1000 -10 -1 -1 -1
111 3930 Pedestrian -1 -1 -10 725.93 153.88 754.00 230.33 -1000 -1000 -1000 -10 -1 -1 -1
111 3931 Car -1 -1 -10 582.94 172.32 610.73 196.47 -1000 -1000 -1000 -10 -1 -1 -1
112 3933 Pedestrian -1 -1 -10 741.93 153.01 773.85 239.90 -1000 -1000 -1000 -10 -1 -1 -1
113 3935 Car -1 -1 -10 582.57 171.85 610.40 199.07 -1000 -1000 -1000 -10 -1 -1 -1
113 3936 Pedestrian -1 -1 -10 762.40 154.63 803.01 250.12 -1000 -1000 -1000 -10 -1 -1 -1
115 3939 Pedestrian -1 -1 -10 829.55 144.78 880.62 276.89 -1000 -1000 -1000 -10 -1 -1 -1
115 3940 Car -1 -1 -10 582.21 176.52 609.43 199.67 -1000 -1000 -1000 -10 -1 -1 -1
116 3942 Pedestrian -1 -1 -10 889.72 139.55 962.37 291.36 -1000 -1000 -1000 -10 -1 -1 -1
116 3943 Car -1 -1 -10 582.80 180.71 609.03 202.20 -1000 -1000 -1000 -10 -1 -1 -1
116 3948 Car -1 -1 -10 458.36 181.92 493.77 202.32 -1000 -1000 -1000 -10 -1 -1 -1
117 3951 Pedestrian -1 -1 -10 981.07 127.68 1101.82 332.80 -1000 -1000 -1000 -10 -1 -1 -1
117 3952 Car -1 -1 -10 582.41 178.86 608.93 200.26 -1000 -1000 -1000 -10 -1 -1 -1
118 3954 Pedestrian -1 -1 -10 1171.00 124.39 1241.65 374.74 -1000 -1000 -1000 -10 -1 -1 -1
118 3955 Car -1 -1 -10 453.83 182.46 483.41 201.34 -1000 -1000 -1000 -10 -1 -1 -1
118 3956 Car -1 -1 -10 581.02 174.61 608.92 199.97 -1000 -1000 -1000 -10 -1 -1 -1
120 3958 Car -1 -1 -10 582.81 180.21 609.02 201.99 -1000 -1000 -1000 -10 -1 -1 -1
127 3959 Car -1 -1 -10 271.95 175.69 378.26 239.46 -1000 -1000 -1000 -10 -1 -1 -1
127 3960 Car -1 -1 -10 583.70 171.61 613.15 199.86 -1000 -1000 -1000 -10 -1 -1 -1
128 3961 Car -1 -1 -10 215.25 179.40 349.89 251.36 -1000 -1000 -1000 -10 -1 -1 -1
130 3962 Car -1 -1 -10 14.28 182.84 250.99 291.16 -1000 -1000 -1000 -10 -1 -1 -1
130 3963 Car -1 -1 -10 223.75 169.78 317.54 233.92 -1000 -1000 -1000 -10 -1 -1 -1
131 3964 Car -1 -1 -10 0.00 184.00 161.49 305.93 -1000 -1000 -1000 -10 -1 -1 -1
131 3965 Car -1 -1 -10 151.73 170.39 284.71 244.88 -1000 -1000 -1000 -10 -1 -1 -1
132 3966 Car -1 -1 -10 81.06 166.93 246.58 259.63 -1000 -1000 -1000 -10 -1 -1 -1
133 3967 Car -1 -1 -10 0.23 164.89 196.43 274.20 -1000 -1000 -1000 -10 -1 -1 -1
133 3968 Car -1 -1 -10 412.87 163.02 467.92 208.23 -1000 -1000 -1000 -10 -1 -1 -1
134 3969 Car -1 -1 -10 0.13 167.16 130.22 283.35 -1000 -1000 -1000 -10 -1 -1 -1
134 3970 Car -1 -1 -10 395.80 163.39 461.64 216.07 -1000 -1000 -1000 -10 -1 -1 -1
134 3971 Car -1 -1 -10 585.45 173.21 616.76 196.61 -1000 -1000 -1000 -10 -1 -1 -1
136 3972 Car -1 -1 -10 352.58 165.70 435.76 226.50 -1000 -1000 -1000 -10 -1 -1 -1
137 3973 Car -1 -1 -10 319.68 167.93 418.98 233.41 -1000 -1000 -1000 -10 -1 -1 -1
137 3974 Car -1 -1 -10 321.08 168.10 419.14 233.14 -1000 -1000 -1000 -10 -1 -1 -1
138 3975 Car -1 -1 -10 287.25 166.15 400.94 239.47 -1000 -1000 -1000 -10 -1 -1 -1
139 3976 Car -1 -1 -10 238.28 163.79 377.18 253.24 -1000 -1000 -1000 -10 -1 -1 -1
140 3977 Car -1 -1 -10 168.54 159.99 345.33 263.45 -1000 -1000 -1000 -10 -1 -1 -1
141 3978 Car -1 -1 -10 64.37 153.78 300.24 280.34 -1000 -1000 -1000 -10 -1 -1 -1
141 3979 Car -1 -1 -10 66.36 151.03 299.87 278.81 -1000 -1000 -1000 -10 -1 -1 -1
141 3980 Car -1 -1 -10 440.23 184.61 474.37 208.33 -1000 -1000 -1000 -10 -1 -1 -1
141 3981 Car -1 -1 -10 587.97 179.56 617.22 203.29 -1000 -1000 -1000 -10 -1 -1 -1
142 3982 Car -1 -1 -10 0.93 149.72 245.01 308.36 -1000 -1000 -1000 -10 -1 -1 -1
142 3983 Car -1 -1 -10 432.95 182.82 465.18 208.03 -1000 -1000 -1000 -10 -1 -1 -1
142 3984 Car -1 -1 -10 0.10 148.77 246.17 307.36 -1000 -1000 -1000 -10 -1 -1 -1
145 3985 Car -1 -1 -10 392.51 185.95 435.12 208.90 -1000 -1000 -1000 -10 -1 -1 -1
148 3986 Car -1 -1 -10 319.39 186.40 395.58 227.02 -1000 -1000 -1000 -10 -1 -1 -1
148 3987 Car -1 -1 -10 444.25 180.59 473.73 202.92 -1000 -1000 -1000 -10 -1 -1 -1
149 3988 Car -1 -1 -10 282.95 190.68 372.33 234.00 -1000 -1000 -1000 -10 -1 -1 -1
150 3989 Car -1 -1 -10 428.20 185.32 463.11 209.73 -1000 -1000 -1000 -10 -1 -1 -1
150 3990 Car -1 -1 -10 231.64 195.89 346.29 248.83 -1000 -1000 -1000 -10 -1 -1 -1
151 3991 Car -1 -1 -10 169.20 191.25 313.79 260.68 -1000 -1000 -1000 -10 -1 -1 -1
151 3992 Car -1 -1 -10 419.09 184.61 456.01 212.26 -1000 -1000 -1000 -10 -1 -1 -1
152 3993 Car -1 -1 -10 78.73 195.18 268.76 275.14 -1000 -1000 -1000 -10 -1 -1 -1
152 3994 Car -1 -1 -10 394.79 181.93 444.53 212.00 -1000 -1000 -1000 -10 -1 -1 -1
153 3995 Car -1 -1 -10 0.00 198.34 204.15 294.78 -1000 -1000 -1000 -10 -1 -1 -1
153 3996 Car -1 -1 -10 379.38 179.80 434.79 212.60 -1000 -1000 -1000 -10 -1 -1 -1
154 3997 Car -1 -1 -10 0.08 206.98 106.05 305.50 -1000 -1000 -1000 -10 -1 -1 -1
155 3998 Car -1 -1 -10 337.62 185.75 408.13 224.89 -1000 -1000 -1000 -10 -1 -1 -1
156 3999 Car -1 -1 -10 312.57 186.00 390.11 231.10 -1000 -1000 -1000 -10 -1 -1 -1
156 4000 Car -1 -1 -10 441.60 181.34 468.50 203.04 -1000 -1000 -1000 -10 -1 -1 -1
157 4001 Car -1 -1 -10 277.16 189.07 370.13 240.61 -1000 -1000 -1000 -10 -1 -1 -1
158 4002 Car -1 -1 -10 216.59 197.45 340.93 257.43 -1000 -1000 -1000 -10 -1 -1 -1
159 4003 Car -1 -1 -10 153.68 198.26 305.38 266.99 -1000 -1000 -1000 -10 -1 -1 -1
159 4004 Car -1 -1 -10 131.29 195.93 163.10 217.11 -1000 -1000 -1000 -10 -1 -1 -1
160 4005 Car -1 -1 -10 56.54 198.10 256.12 286.98 -1000 -1000 -1000 -10 -1 -1 -1
160 4006 Car -1 -1 -10 403.55 182.87 444.35 213.91 -1000 -1000 -1000 -10 -1 -1 -1
161 4007 Car -1 -1 -10 0.02 199.98 197.27 310.33 -1000 -1000 -1000 -10 -1 -1 -1
162 4008 Car -1 -1 -10 0.09 205.02 93.97 311.74 -1000 -1000 -1000 -10 -1 -1 -1
162 4009 Car -1 -1 -10 375.41 181.06 433.63 218.01 -1000 -1000 -1000 -10 -1 -1 -1
163 4010 Car -1 -1 -10 359.45 182.28 415.96 224.40 -1000 -1000 -1000 -10 -1 -1 -1
164 4011 Car -1 -1 -10 332.05 188.25 393.58 230.21 -1000 -1000 -1000 -10 -1 -1 -1
165 4012 Car -1 -1 -10 69.38 189.90 108.91 214.41 -1000 -1000 -1000 -10 -1 -1 -1
166 4013 Car -1 -1 -10 53.85 190.66 96.97 215.67 -1000 -1000 -1000 -10 -1 -1 -1
166 4014 Car -1 -1 -10 265.42 182.07 362.36 237.00 -1000 -1000 -1000 -10 -1 -1 -1
167 4015 Car -1 -1 -10 218.17 183.83 337.92 249.56 -1000 -1000 -1000 -10 -1 -1 -1
167 4016 Car -1 -1 -10 41.99 188.31 85.11 215.64 -1000 -1000 -1000 -10 -1 -1 -1
168 4017 Car -1 -1 -10 156.40 182.75 303.58 260.42 -1000 -1000 -1000 -10 -1 -1 -1
168 4018 Car -1 -1 -10 27.98 184.50 72.56 214.53 -1000 -1000 -1000 -10 -1 -1 -1
168 4019 Car -1 -1 -10 413.36 172.10 456.20 208.83 -1000 -1000 -1000 -10 -1 -1 -1
169 4020 Car -1 -1 -10 62.72 181.76 255.22 270.83 -1000 -1000 -1000 -10 -1 -1 -1
170 4021 Car -1 -1 -10 0.24 183.20 187.54 293.56 -1000 -1000 -1000 -10 -1 -1 -1
170 4022 Car -1 -1 -10 389.99 168.19 439.83 208.77 -1000 -1000 -1000 -10 -1 -1 -1
171 4023 Car -1 -1 -10 0.18 189.91 91.95 298.80 -1000 -1000 -1000 -10 -1 -1 -1
171 4024 Car -1 -1 -10 373.42 170.06 425.09 211.56 -1000 -1000 -1000 -10 -1 -1 -1
174 4025 Car -1 -1 -10 314.22 172.98 397.77 228.41 -1000 -1000 -1000 -10 -1 -1 -1
174 4026 Car -1 -1 -10 450.08 180.62 479.27 201.75 -1000 -1000 -1000 -10 -1 -1 -1
175 4027 Car -1 -1 -10 444.32 180.27 474.87 202.09 -1000 -1000 -1000 -10 -1 -1 -1
176 4028 Car -1 -1 -10 579.80 170.41 609.78 197.04 -1000 -1000 -1000 -10 -1 -1 -1
177 4029 Car -1 -1 -10 205.90 168.61 334.77 246.57 -1000 -1000 -1000 -10 -1 -1 -1
177 4030 Car -1 -1 -10 427.09 181.25 459.83 204.75 -1000 -1000 -1000 -10 -1 -1 -1
177 4031 Car -1 -1 -10 579.95 170.67 608.66 197.52 -1000 -1000 -1000 -10 -1 -1 -1
178 4032 Car -1 -1 -10 144.31 170.37 306.54 256.36 -1000 -1000 -1000 -10 -1 -1 -1
178 4033 Car -1 -1 -10 416.16 184.15 451.70 206.53 -1000 -1000 -1000 -10 -1 -1 -1
178 4034 Car -1 -1 -10 578.77 170.29 608.76 198.80 -1000 -1000 -1000 -10 -1 -1 -1
179 4035 Car -1 -1 -10 406.41 184.23 448.09 210.99 -1000 -1000 -1000 -10 -1 -1 -1
179 4036 Car -1 -1 -10 515.15 181.91 557.35 214.91 -1000 -1000 -1000 -10 -1 -1 -1
179 4037 Car -1 -1 -10 63.87 171.90 261.20 269.66 -1000 -1000 -1000 -10 -1 -1 -1
180 4038 Car -1 -1 -10 0.53 170.43 211.63 294.04 -1000 -1000 -1000 -10 -1 -1 -1
180 4039 Car -1 -1 -10 0.06 171.37 212.26 293.97 -1000 -1000 -1000 -10 -1 -1 -1
180 4040 Car -1 -1 -10 577.47 177.50 606.63 201.15 -1000 -1000 -1000 -10 -1 -1 -1
181 4041 Car -1 -1 -10 0.13 175.61 137.36 299.92 -1000 -1000 -1000 -10 -1 -1 -1
181 4042 Car -1 -1 -10 508.91 184.38 551.50 220.04 -1000 -1000 -1000 -10 -1 -1 -1
182 4043 Car -1 -1 -10 576.87 181.94 605.23 208.71 -1000 -1000 -1000 -10 -1 -1 -1
182 4044 Car -1 -1 -10 500.47 184.71 551.02 227.99 -1000 -1000 -1000 -10 -1 -1 -1
183 4045 Car -1 -1 -10 498.87 186.75 547.85 228.12 -1000 -1000 -1000 -10 -1 -1 -1
183 4046 Car -1 -1 -10 339.43 194.86 396.94 230.08 -1000 -1000 -1000 -10 -1 -1 -1
184 4047 Car -1 -1 -10 577.13 180.72 609.19 206.49 -1000 -1000 -1000 -10 -1 -1 -1
184 4048 Car -1 -1 -10 494.27 183.16 545.09 227.40 -1000 -1000 -1000 -10 -1 -1 -1
184 4049 Car -1 -1 -10 317.74 191.39 384.64 230.74 -1000 -1000 -1000 -10 -1 -1 -1
185 4050 Car -1 -1 -10 286.47 191.46 371.54 233.19 -1000 -1000 -1000 -10 -1 -1 -1
185 4051 Car -1 -1 -10 488.56 179.51 546.62 228.90 -1000 -1000 -1000 -10 -1 -1 -1
186 4052 Car -1 -1 -10 483.41 177.39 545.26 229.35 -1000 -1000 -1000 -10 -1 -1 -1
186 4053 Car -1 -1 -10 251.85 189.29 350.29 237.66 -1000 -1000 -1000 -10 -1 -1 -1
187 4054 Car -1 -1 -10 475.19 178.92 544.47 233.34 -1000 -1000 -1000 -10 -1 -1 -1
187 4055 Car -1 -1 -10 207.16 191.83 324.34 247.20 -1000 -1000 -1000 -10 -1 -1 -1
188 4056 Car -1 -1 -10 468.75 180.11 542.05 239.40 -1000 -1000 -1000 -10 -1 -1 -1
188 4057 Car -1 -1 -10 149.05 195.68 293.24 263.44 -1000 -1000 -1000 -10 -1 -1 -1
189 4058 Car -1 -1 -10 460.68 180.23 536.78 244.84 -1000 -1000 -1000 -10 -1 -1 -1
189 4059 Car -1 -1 -10 65.28 198.33 251.10 279.37 -1000 -1000 -1000 -10 -1 -1 -1
190 4060 Car -1 -1 -10 0.00 195.96 187.47 298.04 -1000 -1000 -1000 -10 -1 -1 -1
190 4061 Car -1 -1 -10 447.26 179.33 534.13 248.64 -1000 -1000 -1000 -10 -1 -1 -1
190 4062 Car -1 -1 -10 294.74 186.02 362.03 226.05 -1000 -1000 -1000 -10 -1 -1 -1
191 4063 Car -1 -1 -10 0.18 195.62 114.29 296.45 -1000 -1000 -1000 -10 -1 -1 -1
191 4064 Car -1 -1 -10 436.83 177.78 532.70 250.81 -1000 -1000 -1000 -10 -1 -1 -1
191 4065 Car -1 -1 -10 265.25 188.08 330.91 227.45 -1000 -1000 -1000 -10 -1 -1 -1
192 4066 Car -1 -1 -10 420.62 175.98 526.86 257.32 -1000 -1000 -1000 -10 -1 -1 -1
193 4067 Car -1 -1 -10 402.22 176.73 520.19 263.37 -1000 -1000 -1000 -10 -1 -1 -1
193 4068 Car -1 -1 -10 192.52 182.80 290.65 237.23 -1000 -1000 -1000 -10 -1 -1 -1
194 4069 Car -1 -1 -10 380.97 177.83 514.38 278.17 -1000 -1000 -1000 -10 -1 -1 -1
194 4070 Car -1 -1 -10 135.47 189.52 255.59 250.99 -1000 -1000 -1000 -10 -1 -1 -1
195 4072 Car -1 -1 -10 349.83 182.43 505.19 294.29 -1000 -1000 -1000 -10 -1 -1 -1
195 4073 Car -1 -1 -10 59.50 198.64 212.07 264.77 -1000 -1000 -1000 -10 -1 -1 -1
196 4074 Car -1 -1 -10 311.22 183.48 497.81 316.86 -1000 -1000 -1000 -10 -1 -1 -1
196 4075 Car -1 -1 -10 0.61 201.68 161.01 279.60 -1000 -1000 -1000 -10 -1 -1 -1
197 4076 Car -1 -1 -10 257.33 180.87 483.42 337.68 -1000 -1000 -1000 -10 -1 -1 -1
197 4077 Car -1 -1 -10 0.05 199.33 77.57 280.49 -1000 -1000 -1000 -10 -1 -1 -1
198 4078 Car -1 -1 -10 177.15 179.21 468.64 367.56 -1000 -1000 -1000 -10 -1 -1 -1
199 4080 Car -1 -1 -10 45.47 179.72 446.38 373.72 -1000 -1000 -1000 -10 -1 -1 -1
200 4081 Car -1 -1 -10 0.00 180.26 414.55 371.30 -1000 -1000 -1000 -10 -1 -1 -1
200 4082 Pedestrian -1 -1 -10 707.96 175.02 733.24 250.52 -1000 -1000 -1000 -10 -1 -1 -1
200 4083 Pedestrian -1 -1 -10 742.20 153.60 792.06 261.88 -1000 -1000 -1000 -10 -1 -1 -1
201 4084 Car -1 -1 -10 0.33 191.75 362.16 371.33 -1000 -1000 -1000 -10 -1 -1 -1
201 4085 Pedestrian -1 -1 -10 718.61 173.95 749.07 258.94 -1000 -1000 -1000 -10 -1 -1 -1
201 4086 Pedestrian -1 -1 -10 809.56 150.43 870.69 281.06 -1000 -1000 -1000 -10 -1 -1 -1
201 4088 Pedestrian -1 -1 -10 758.93 151.87 815.29 272.94 -1000 -1000 -1000 -10 -1 -1 -1
202 4091 Car -1 -1 -10 0.16 219.46 282.55 369.34 -1000 -1000 -1000 -10 -1 -1 -1
202 4092 Pedestrian -1 -1 -10 735.13 173.74 769.72 268.61 -1000 -1000 -1000 -10 -1 -1 -1
202 4095 Pedestrian -1 -1 -10 844.06 144.40 915.82 300.94 -1000 -1000 -1000 -10 -1 -1 -1
202 4096 Pedestrian -1 -1 -10 780.51 154.58 832.12 282.49 -1000 -1000 -1000 -10 -1 -1 -1
203 4097 Pedestrian -1 -1 -10 753.33 171.17 790.75 279.79 -1000 -1000 -1000 -10 -1 -1 -1
203 4099 Pedestrian -1 -1 -10 899.31 142.22 962.27 337.62 -1000 -1000 -1000 -10 -1 -1 -1
203 4103 Pedestrian -1 -1 -10 809.85 158.71 871.28 294.82 -1000 -1000 -1000 -10 -1 -1 -1
203 4104 Car -1 -1 -10 0.88 206.69 179.48 297.77 -1000 -1000 -1000 -10 -1 -1 -1
204 4106 Pedestrian -1 -1 -10 777.00 173.91 830.99 297.51 -1000 -1000 -1000 -10 -1 -1 -1
204 4107 Pedestrian -1 -1 -10 971.49 134.09 1063.22 375.00 -1000 -1000 -1000 -10 -1 -1 -1
204 4108 Pedestrian -1 -1 -10 856.43 143.95 923.29 328.53 -1000 -1000 -1000 -10 -1 -1 -1
205 4113 Pedestrian -1 -1 -10 1086.83 119.05 1241.17 373.93 -1000 -1000 -1000 -10 -1 -1 -1
205 4114 Pedestrian -1 -1 -10 918.91 143.95 994.53 374.73 -1000 -1000 -1000 -10 -1 -1 -1
205 4115 Pedestrian -1 -1 -10 810.51 178.50 865.34 327.03 -1000 -1000 -1000 -10 -1 -1 -1
206 4118 Pedestrian -1 -1 -10 1023.01 164.37 1121.02 373.35 -1000 -1000 -1000 -10 -1 -1 -1
206 4119 Pedestrian -1 -1 -10 854.73 185.65 937.72 365.71 -1000 -1000 -1000 -10 -1 -1 -1
207 4121 Pedestrian -1 -1 -10 930.54 182.96 1038.81 372.64 -1000 -1000 -1000 -10 -1 -1 -1
207 4123 Car -1 -1 -10 283.47 196.49 372.37 239.77 -1000 -1000 -1000 -10 -1 -1 -1
207 4124 Pedestrian -1 -1 -10 1077.98 122.91 1241.51 338.26 -1000 -1000 -1000 -10 -1 -1 -1
208 4125 Pedestrian -1 -1 -10 1070.39 179.27 1238.76 373.43 -1000 -1000 -1000 -10 -1 -1 -1
208 4126 Car -1 -1 -10 475.43 183.80 503.73 201.69 -1000 -1000 -1000 -10 -1 -1 -1
209 4127 Car -1 -1 -10 468.83 181.60 495.97 201.06 -1000 -1000 -1000 -10 -1 -1 -1
211 4128 Car -1 -1 -10 0.00 199.87 196.65 291.09 -1000 -1000 -1000 -10 -1 -1 -1
211 4129 Car -1 -1 -10 446.92 182.09 480.10 203.29 -1000 -1000 -1000 -10 -1 -1 -1
212 4130 Car -1 -1 -10 93.65 187.53 231.30 250.78 -1000 -1000 -1000 -10 -1 -1 -1
213 4131 Car -1 -1 -10 425.57 181.96 458.35 209.63 -1000 -1000 -1000 -10 -1 -1 -1
213 4132 Car -1 -1 -10 0.20 189.45 168.24 268.46 -1000 -1000 -1000 -10 -1 -1 -1
214 4133 Car -1 -1 -10 0.00 127.37 116.97 273.01 -1000 -1000 -1000 -10 -1 -1 -1
214 4134 Car -1 -1 -10 0.94 188.22 82.00 272.38 -1000 -1000 -1000 -10 -1 -1 -1
214 4135 Car -1 -1 -10 409.70 180.37 450.56 207.74 -1000 -1000 -1000 -10 -1 -1 -1
215 4136 Car -1 -1 -10 392.49 181.77 440.12 209.32 -1000 -1000 -1000 -10 -1 -1 -1
216 4137 Car -1 -1 -10 375.14 184.56 426.96 217.94 -1000 -1000 -1000 -10 -1 -1 -1
217 4138 Car -1 -1 -10 349.89 187.88 408.56 219.99 -1000 -1000 -1000 -10 -1 -1 -1
218 4139 Car -1 -1 -10 319.91 184.67 389.68 224.41 -1000 -1000 -1000 -10 -1 -1 -1
219 4140 Car -1 -1 -10 288.07 187.45 368.25 226.78 -1000 -1000 -1000 -10 -1 -1 -1
220 4141 Car -1 -1 -10 246.11 185.91 342.39 232.04 -1000 -1000 -1000 -10 -1 -1 -1
221 4142 Car -1 -1 -10 192.31 189.37 309.50 239.51 -1000 -1000 -1000 -10 -1 -1 -1
221 4143 Pedestrian -1 -1 -10 69.20 174.60 91.79 235.15 -1000 -1000 -1000 -10 -1 -1 -1
222 4144 Car -1 -1 -10 115.42 193.78 262.43 256.23 -1000 -1000 -1000 -10 -1 -1 -1
222 4145 Pedestrian -1 -1 -10 29.45 187.84 51.50 242.41 -1000 -1000 -1000 -10 -1 -1 -1
222 4146 Pedestrian -1 -1 -10 828.66 158.03 852.02 205.13 -1000 -1000 -1000 -10 -1 -1 -1
223 4147 Car -1 -1 -10 14.00 200.33 204.97 276.59 -1000 -1000 -1000 -10 -1 -1 -1
223 4148 Pedestrian -1 -1 -10 849.94 167.15 875.36 213.13 -1000 -1000 -1000 -10 -1 -1 -1
224 4149 Car -1 -1 -10 0.70 208.09 125.14 286.91 -1000 -1000 -1000 -10 -1 -1 -1
226 4151 Pedestrian -1 -1 -10 928.16 162.00 967.74 229.88 -1000 -1000 -1000 -10 -1 -1 -1
227 4152 Pedestrian -1 -1 -10 967.73 163.99 1018.03 238.40 -1000 -1000 -1000 -10 -1 -1 -1
228 4153 Pedestrian -1 -1 -10 1016.69 164.99 1079.45 252.31 -1000 -1000 -1000 -10 -1 -1 -1
229 4154 Pedestrian -1 -1 -10 1079.08 164.42 1162.55 265.94 -1000 -1000 -1000 -10 -1 -1 -1
230 4155 Pedestrian -1 -1 -10 1177.57 158.84 1241.69 286.37 -1000 -1000 -1000 -10 -1 -1 -1
230 4156 Car -1 -1 -10 410.25 185.96 446.40 209.59 -1000 -1000 -1000 -10 -1 -1 -1
230 4157 Car -1 -1 -10 464.15 181.30 489.94 209.18 -1000 -1000 -1000 -10 -1 -1 -1
232 4158 Car -1 -1 -10 382.16 184.65 421.78 210.63 -1000 -1000 -1000 -10 -1 -1 -1
232 4159 Car -1 -1 -10 443.20 181.16 478.24 209.90 -1000 -1000 -1000 -10 -1 -1 -1
234 4160 Car -1 -1 -10 596.50 173.22 624.45 197.34 -1000 -1000 -1000 -10 -1 -1 -1
234 4161 Car -1 -1 -10 345.00 182.68 396.23 213.40 -1000 -1000 -1000 -10 -1 -1 -1
235 4162 Car -1 -1 -10 323.06 181.77 384.19 219.31 -1000 -1000 -1000 -10 -1 -1 -1
235 4163 Car -1 -1 -10 389.79 181.54 445.41 219.25 -1000 -1000 -1000 -10 -1 -1 -1
236 4164 Car -1 -1 -10 297.22 187.86 366.78 225.13 -1000 -1000 -1000 -10 -1 -1 -1
236 4165 Car -1 -1 -10 365.75 183.42 428.96 225.09 -1000 -1000 -1000 -10 -1 -1 -1
236 4166 Car -1 -1 -10 473.10 180.74 504.07 203.78 -1000 -1000 -1000 -10 -1 -1 -1
237 4167 Pedestrian -1 -1 -10 939.87 155.19 977.61 233.73 -1000 -1000 -1000 -10 -1 -1 -1
237 4168 Car -1 -1 -10 264.26 186.78 350.21 230.68 -1000 -1000 -1000 -10 -1 -1 -1
237 4169 Car -1 -1 -10 469.49 182.97 500.06 205.34 -1000 -1000 -1000 -10 -1 -1 -1
238 4170 Car -1 -1 -10 303.60 187.96 382.04 238.69 -1000 -1000 -1000 -10 -1 -1 -1
238 4171 Car -1 -1 -10 226.93 190.29 310.91 239.49 -1000 -1000 -1000 -10 -1 -1 -1
238 4172 Car -1 -1 -10 458.86 182.70 490.31 207.66 -1000 -1000 -1000 -10 -1 -1 -1
238 4173 Pedestrian -1 -1 -10 979.25 158.93 1009.78 237.91 -1000 -1000 -1000 -10 -1 -1 -1
239 4174 Car -1 -1 -10 236.26 191.43 348.92 251.01 -1000 -1000 -1000 -10 -1 -1 -1
239 4175 Car -1 -1 -10 596.43 175.83 625.77 201.54 -1000 -1000 -1000 -10 -1 -1 -1
240 4176 Car -1 -1 -10 138.27 192.82 301.24 263.11 -1000 -1000 -1000 -10 -1 -1 -1
240 4177 Car -1 -1 -10 433.58 181.46 475.07 211.97 -1000 -1000 -1000 -10 -1 -1 -1
240 4178 Pedestrian -1 -1 -10 1075.70 157.33 1123.61 248.16 -1000 -1000 -1000 -10 -1 -1 -1
241 4179 Car -1 -1 -10 25.03 195.98 235.37 288.15 -1000 -1000 -1000 -10 -1 -1 -1
241 4180 Car -1 -1 -10 423.16 181.98 467.86 213.50 -1000 -1000 -1000 -10 -1 -1 -1
241 4181 Pedestrian -1 -1 -10 1141.73 149.95 1198.68 257.99 -1000 -1000 -1000 -10 -1 -1 -1
242 4182 Car -1 -1 -10 0.27 198.80 134.80 310.06 -1000 -1000 -1000 -10 -1 -1 -1
242 4183 Car -1 -1 -10 407.60 182.44 455.44 216.93 -1000 -1000 -1000 -10 -1 -1 -1
243 4184 Car -1 -1 -10 389.29 185.77 439.81 220.78 -1000 -1000 -1000 -10 -1 -1 -1
243 4185 Car -1 -1 -10 0.00 204.27 26.73 286.35 -1000 -1000 -1000 -10 -1 -1 -1
244 4186 Car -1 -1 -10 362.66 188.01 424.61 228.22 -1000 -1000 -1000 -10 -1 -1 -1
245 4187 Car -1 -1 -10 326.87 186.64 408.77 232.74 -1000 -1000 -1000 -10 -1 -1 -1
246 4188 Car -1 -1 -10 289.43 187.59 382.81 237.95 -1000 -1000 -1000 -10 -1 -1 -1
247 4189 Car -1 -1 -10 239.05 191.29 350.07 250.40 -1000 -1000 -1000 -10 -1 -1 -1
248 4190 Car -1 -1 -10 164.85 195.95 314.99 267.37 -1000 -1000 -1000 -10 -1 -1 -1
249 4191 Car -1 -1 -10 56.82 200.17 253.68 290.49 -1000 -1000 -1000 -10 -1 -1 -1
250 4192 Car -1 -1 -10 0.78 202.04 170.33 298.95 -1000 -1000 -1000 -10 -1 -1 -1
251 4193 Car -1 -1 -10 0.18 223.47 35.60 321.59 -1000 -1000 -1000 -10 -1 -1 -1
259 4195 Car -1 -1 -10 597.34 168.98 628.10 199.01 -1000 -1000 -1000 -10 -1 -1 -1
260 4196 Car -1 -1 -10 596.77 170.12 627.18 200.34 -1000 -1000 -1000 -10 -1 -1 -1
262 4197 Car -1 -1 -10 596.75 176.59 626.65 204.05 -1000 -1000 -1000 -10 -1 -1 -1
263 4198 Car -1 -1 -10 595.29 178.41 627.93 203.85 -1000 -1000 -1000 -10 -1 -1 -1
264 4199 Car -1 -1 -10 594.87 176.28 626.72 202.28 -1000 -1000 -1000 -10 -1 -1 -1
266 4200 Car -1 -1 -10 593.20 172.84 626.96 197.67 -1000 -1000 -1000 -10 -1 -1 -1
267 4201 Car -1 -1 -10 593.38 171.41 625.02 197.26 -1000 -1000 -1000 -10 -1 -1 -1
268 4202 Car -1 -1 -10 593.90 170.13 623.35 197.80 -1000 -1000 -1000 -10 -1 -1 -1
270 4203 Car -1 -1 -10 593.47 179.27 624.80 206.61 -1000 -1000 -1000 -10 -1 -1 -1
285 4204 Car -1 -1 -10 583.50 171.36 618.65 201.48 -1000 -1000 -1000 -10 -1 -1 -1
293 4205 Car -1 -1 -10 0.00 155.20 78.65 218.51 -1000 -1000 -1000 -10 -1 -1 -1
300 4206 Car -1 -1 -10 590.98 173.80 623.29 201.17 -1000 -1000 -1000 -10 -1 -1 -1
303 4207 Car -1 -1 -10 592.19 174.14 623.81 203.44 -1000 -1000 -1000 -10 -1 -1 -1
304 4209 Pedestrian -1 -1 -10 52.63 193.32 81.52 257.16 -1000 -1000 -1000 -10 -1 -1 -1
305 4210 Pedestrian -1 -1 -10 6.11 196.38 30.28 266.75 -1000 -1000 -1000 -10 -1 -1 -1
307 4213 Car -1 -1 -10 591.87 175.62 623.91 203.75 -1000 -1000 -1000 -10 -1 -1 -1
