0 4218 Car -1 -1 -10 255.74 174.31 302.62 201.11 -1000 -1000 -1000 -10 -1 -1 -1
1 4219 Car -1 -1 -10 240.03 174.73 292.07 201.91 -1000 -1000 -1000 -10 -1 -1 -1
2 4220 Car -1 -1 -10 224.54 173.55 282.82 201.52 -1000 -1000 -1000 -10 -1 -1 -1
2 4221 Car -1 -1 -10 305.28 177.19 338.13 196.55 -1000 -1000 -1000 -10 -1 -1 -1
3 4222 Car -1 -1 -10 208.67 172.02 267.34 201.48 -1000 -1000 -1000 -10 -1 -1 -1
4 4223 Car -1 -1 -10 192.65 169.55 252.97 201.53 -1000 -1000 -1000 -10 -1 -1 -1
5 4224 Car -1 -1 -10 170.53 171.17 238.63 202.53 -1000 -1000 -1000 -10 -1 -1 -1
5 4225 Car -1 -1 -10 272.99 174.08 307.68 196.09 -1000 -1000 -1000 -10 -1 -1 -1
6 4226 Car -1 -1 -10 147.75 168.89 222.45 203.24 -1000 -1000 -1000 -10 -1 -1 -1
6 4227 Car -1 -1 -10 260.51 176.36 294.40 196.33 -1000 -1000 -1000 -10 -1 -1 -1
7 4228 Car -1 -1 -10 162.34 169.69 204.65 204.51 -1000 -1000 -1000 -10 -1 -1 -1
7 4229 Car -1 -1 -10 248.08 172.76 291.75 197.41 -1000 -1000 -1000 -10 -1 -1 -1
7 4230 Car -1 -1 -10 572.16 170.11 609.33 207.06 -1000 -1000 -1000 -10 -1 -1 -1
7 4231 Car -1 -1 -10 125.36 168.36 170.09 205.14 -1000 -1000 -1000 -10 -1 -1 -1
8 4232 Car -1 -1 -10 101.68 172.19 183.24 209.63 -1000 -1000 -1000 -10 -1 -1 -1
8 4233 Car -1 -1 -10 201.52 185.27 232.26 201.34 -1000 -1000 -1000 -10 -1 -1 -1
8 4234 Car -1 -1 -10 99.12 169.69 143.60 209.02 -1000 -1000 -1000 -10 -1 -1 -1
9 4235 Car -1 -1 -10 67.55 169.89 163.78 213.08 -1000 -1000 -1000 -10 -1 -1 -1
9 4236 Car -1 -1 -10 571.68 177.10 612.73 209.75 -1000 -1000 -1000 -10 -1 -1 -1
9 4237 Car -1 -1 -10 185.65 187.87 216.09 202.92 -1000 -1000 -1000 -10 -1 -1 -1
9 4238 Car -1 -1 -10 218.01 177.81 267.28 202.58 -1000 -1000 -1000 -10 -1 -1 -1
10 4239 Car -1 -1 -10 31.80 171.37 139.45 216.06 -1000 -1000 -1000 -10 -1 -1 -1
10 4240 Car -1 -1 -10 164.99 189.46 199.46 204.61 -1000 -1000 -1000 -10 -1 -1 -1
10 4241 Car -1 -1 -10 198.86 177.64 260.14 203.91 -1000 -1000 -1000 -10 -1 -1 -1
11 4242 Car -1 -1 -10 0.09 172.82 111.72 220.39 -1000 -1000 -1000 -10 -1 -1 -1
11 4243 Car -1 -1 -10 144.42 189.71 181.27 207.82 -1000 -1000 -1000 -10 -1 -1 -1
11 4244 Car -1 -1 -10 181.36 179.15 246.43 206.72 -1000 -1000 -1000 -10 -1 -1 -1
11 4245 Car -1 -1 -10 573.41 175.67 613.63 212.97 -1000 -1000 -1000 -10 -1 -1 -1
12 4246 Car -1 -1 -10 0.00 173.89 80.01 224.16 -1000 -1000 -1000 -10 -1 -1 -1
12 4247 Car -1 -1 -10 572.86 175.33 614.08 213.70 -1000 -1000 -1000 -10 -1 -1 -1
12 4248 Car -1 -1 -10 161.15 177.47 224.98 209.47 -1000 -1000 -1000 -10 -1 -1 -1
12 4249 Car -1 -1 -10 119.22 190.80 160.63 209.39 -1000 -1000 -1000 -10 -1 -1 -1
13 4250 Car -1 -1 -10 136.44 179.05 200.06 211.23 -1000 -1000 -1000 -10 -1 -1 -1
13 4251 Car -1 -1 -10 574.72 175.23 614.64 212.61 -1000 -1000 -1000 -10 -1 -1 -1
13 4252 Car -1 -1 -10 0.02 175.22 45.04 224.63 -1000 -1000 -1000 -10 -1 -1 -1
14 4253 Car -1 -1 -10 575.41 171.62 614.56 210.76 -1000 -1000 -1000 -10 -1 -1 -1
14 4254 Car -1 -1 -10 110.42 177.06 188.21 211.39 -1000 -1000 -1000 -10 -1 -1 -1
15 4255 Car -1 -1 -10 81.15 176.14 164.52 211.22 -1000 -1000 -1000 -10 -1 -1 -1
15 4256 Car -1 -1 -10 575.80 170.47 614.80 209.76 -1000 -1000 -1000 -10 -1 -1 -1
15 4257 Car -1 -1 -10 31.10 189.14 82.25 210.13 -1000 -1000 -1000 -10 -1 -1 -1
16 4258 Car -1 -1 -10 47.96 173.58 144.12 213.66 -1000 -1000 -1000 -10 -1 -1 -1
16 4259 Car -1 -1 -10 0.22 191.26 48.05 217.52 -1000 -1000 -1000 -10 -1 -1 -1
17 4260 Car -1 -1 -10 6.63 173.90 113.64 216.83 -1000 -1000 -1000 -10 -1 -1 -1
18 4261 Car -1 -1 -10 0.59 174.16 82.65 218.30 -1000 -1000 -1000 -10 -1 -1 -1
19 4262 Car -1 -1 -10 0.00 178.08 44.93 218.66 -1000 -1000 -1000 -10 -1 -1 -1
19 4263 Car -1 -1 -10 572.86 169.74 614.01 209.66 -1000 -1000 -1000 -10 -1 -1 -1
20 4264 Car -1 -1 -10 570.90 172.03 614.67 212.81 -1000 -1000 -1000 -10 -1 -1 -1
21 4265 Car -1 -1 -10 570.87 170.06 614.85 212.90 -1000 -1000 -1000 -10 -1 -1 -1
22 4266 Car -1 -1 -10 570.61 169.74 614.62 212.00 -1000 -1000 -1000 -10 -1 -1 -1
22 4267 Car -1 -1 -10 385.83 169.54 416.43 186.01 -1000 -1000 -1000 -10 -1 -1 -1
23 4268 Car -1 -1 -10 569.29 167.50 614.22 210.57 -1000 -1000 -1000 -10 -1 -1 -1
23 4269 Car -1 -1 -10 259.66 174.20 309.25 196.33 -1000 -1000 -1000 -10 -1 -1 -1
23 4270 Car -1 -1 -10 378.03 168.93 413.85 185.11 -1000 -1000 -1000 -10 -1 -1 -1
24 4271 Car -1 -1 -10 248.62 172.86 299.49 198.64 -1000 -1000 -1000 -10 -1 -1 -1
24 4272 Car -1 -1 -10 569.56 168.53 614.15 210.86 -1000 -1000 -1000 -10 -1 -1 -1
24 4273 Car -1 -1 -10 380.10 169.87 410.88 187.08 -1000 -1000 -1000 -10 -1 -1 -1
25 4274 Car -1 -1 -10 367.69 168.51 404.36 187.06 -1000 -1000 -1000 -10 -1 -1 -1
25 4275 Car -1 -1 -10 234.92 174.74 285.99 200.90 -1000 -1000 -1000 -10 -1 -1 -1
26 4276 Car -1 -1 -10 219.48 174.50 275.87 201.46 -1000 -1000 -1000 -10 -1 -1 -1
26 4277 Car -1 -1 -10 362.81 168.64 399.93 186.74 -1000 -1000 -1000 -10 -1 -1 -1
26 4278 Car -1 -1 -10 568.72 168.15 614.24 211.52 -1000 -1000 -1000 -10 -1 -1 -1
27 4279 Car -1 -1 -10 203.24 174.23 261.91 202.08 -1000 -1000 -1000 -10 -1 -1 -1
27 4280 Car -1 -1 -10 356.64 169.32 395.39 187.79 -1000 -1000 -1000 -10 -1 -1 -1
27 4281 Car -1 -1 -10 568.22 168.58 614.44 211.86 -1000 -1000 -1000 -10 -1 -1 -1
28 4282 Car -1 -1 -10 187.21 172.43 249.68 202.83 -1000 -1000 -1000 -10 -1 -1 -1
28 4283 Car -1 -1 -10 354.46 170.00 395.07 188.33 -1000 -1000 -1000 -10 -1 -1 -1
28 4284 Car -1 -1 -10 568.19 170.25 614.12 212.28 -1000 -1000 -1000 -10 -1 -1 -1
29 4285 Car -1 -1 -10 169.12 172.35 235.00 202.96 -1000 -1000 -1000 -10 -1 -1 -1
29 4286 Car -1 -1 -10 568.82 169.45 614.15 211.22 -1000 -1000 -1000 -10 -1 -1 -1
29 4287 Car -1 -1 -10 347.45 167.87 386.07 186.52 -1000 -1000 -1000 -10 -1 -1 -1
30 4288 Car -1 -1 -10 144.87 172.71 219.99 203.47 -1000 -1000 -1000 -10 -1 -1 -1
30 4289 Car -1 -1 -10 568.81 169.33 614.16 210.11 -1000 -1000 -1000 -10 -1 -1 -1
31 4290 Car -1 -1 -10 570.29 169.64 614.14 209.91 -1000 -1000 -1000 -10 -1 -1 -1
31 4291 Car -1 -1 -10 335.16 164.50 381.21 186.26 -1000 -1000 -1000 -10 -1 -1 -1
31 4292 Car -1 -1 -10 156.65 172.67 204.66 202.36 -1000 -1000 -1000 -10 -1 -1 -1
32 4293 Car -1 -1 -10 104.12 171.58 187.81 207.93 -1000 -1000 -1000 -10 -1 -1 -1
32 4294 Car -1 -1 -10 569.10 168.95 614.46 210.39 -1000 -1000 -1000 -10 -1 -1 -1
32 4295 Car -1 -1 -10 331.82 164.75 377.32 187.25 -1000 -1000 -1000 -10 -1 -1 -1
33 4296 Car -1 -1 -10 78.94 171.69 170.49 210.22 -1000 -1000 -1000 -10 -1 -1 -1
33 4297 Car -1 -1 -10 567.86 168.42 614.31 213.50 -1000 -1000 -1000 -10 -1 -1 -1
33 4298 Car -1 -1 -10 326.27 165.47 375.29 188.09 -1000 -1000 -1000 -10 -1 -1 -1
34 4299 Car -1 -1 -10 566.95 169.52 614.61 213.84 -1000 -1000 -1000 -10 -1 -1 -1
34 4300 Car -1 -1 -10 50.31 174.63 149.26 212.94 -1000 -1000 -1000 -10 -1 -1 -1
34 4301 Car -1 -1 -10 322.29 168.40 355.29 189.40 -1000 -1000 -1000 -10 -1 -1 -1
35 4302 Car -1 -1 -10 566.27 168.93 615.06 214.52 -1000 -1000 -1000 -10 -1 -1 -1
35 4303 Car -1 -1 -10 316.39 168.24 359.43 190.35 -1000 -1000 -1000 -10 -1 -1 -1
36 4304 Car -1 -1 -10 566.79 169.92 615.59 214.59 -1000 -1000 -1000 -10 -1 -1 -1
36 4305 Car -1 -1 -10 312.21 169.00 359.43 190.89 -1000 -1000 -1000 -10 -1 -1 -1
37 4306 Car -1 -1 -10 567.54 167.77 615.90 214.04 -1000 -1000 -1000 -10 -1 -1 -1
38 4307 Car -1 -1 -10 568.01 167.81 615.70 213.74 -1000 -1000 -1000 -10 -1 -1 -1
39 4308 Car -1 -1 -10 567.53 169.15 616.04 214.47 -1000 -1000 -1000 -10 -1 -1 -1
39 4309 Car -1 -1 -10 410.70 169.15 442.87 183.38 -1000 -1000 -1000 -10 -1 -1 -1
39 4310 Car -1 -1 -10 294.11 167.30 347.47 192.84 -1000 -1000 -1000 -10 -1 -1 -1
40 4311 Car -1 -1 -10 566.51 170.75 616.93 215.30 -1000 -1000 -1000 -10 -1 -1 -1
40 4312 Car -1 -1 -10 281.58 166.41 334.67 193.71 -1000 -1000 -1000 -10 -1 -1 -1
41 4313 Car -1 -1 -10 565.68 171.90 617.38 216.33 -1000 -1000 -1000 -10 -1 -1 -1
41 4314 Car -1 -1 -10 275.43 168.22 327.31 194.63 -1000 -1000 -1000 -10 -1 -1 -1
42 4315 Car -1 -1 -10 566.02 172.51 618.39 216.97 -1000 -1000 -1000 -10 -1 -1 -1
43 4316 Car -1 -1 -10 566.58 172.63 619.52 217.22 -1000 -1000 -1000 -10 -1 -1 -1
44 4317 Car -1 -1 -10 566.54 171.48 619.22 217.67 -1000 -1000 -1000 -10 -1 -1 -1
45 4318 Car -1 -1 -10 568.91 171.87 618.95 218.88 -1000 -1000 -1000 -10 -1 -1 -1
46 4319 Car -1 -1 -10 569.04 174.84 620.57 221.11 -1000 -1000 -1000 -10 -1 -1 -1
46 4320 Car -1 -1 -10 398.11 171.81 431.31 188.55 -1000 -1000 -1000 -10 -1 -1 -1
47 4321 Car -1 -1 -10 570.86 175.79 620.11 220.48 -1000 -1000 -1000 -10 -1 -1 -1
47 4322 Car -1 -1 -10 115.70 159.55 185.04 196.09 -1000 -1000 -1000 -10 -1 -1 -1
48 4323 Car -1 -1 -10 571.05 176.09 619.88 220.63 -1000 -1000 -1000 -10 -1 -1 -1
49 4324 Car -1 -1 -10 569.22 175.66 621.38 220.40 -1000 -1000 -1000 -10 -1 -1 -1
50 4325 Car -1 -1 -10 569.31 174.20 621.34 220.85 -1000 -1000 -1000 -10 -1 -1 -1
51 4326 Car -1 -1 -10 570.45 174.92 622.41 220.47 -1000 -1000 -1000 -10 -1 -1 -1
51 4327 Car -1 -1 -10 380.64 170.84 417.90 188.24 -1000 -1000 -1000 -10 -1 -1 -1
51 4328 Car -1 -1 -10 197.01 168.53 262.33 204.08 -1000 -1000 -1000 -10 -1 -1 -1
52 4329 Car -1 -1 -10 572.49 174.71 621.68 220.71 -1000 -1000 -1000 -10 -1 -1 -1
53 4330 Car -1 -1 -10 573.30 175.48 621.95 218.68 -1000 -1000 -1000 -10 -1 -1 -1
53 4331 Car -1 -1 -10 194.36 169.18 244.67 204.10 -1000 -1000 -1000 -10 -1 -1 -1
54 4332 Car -1 -1 -10 573.36 175.33 622.43 221.91 -1000 -1000 -1000 -10 -1 -1 -1
54 4333 Car -1 -1 -10 195.54 169.85 235.51 203.98 -1000 -1000 -1000 -10 -1 -1 -1
55 4334 Car -1 -1 -10 573.85 175.18 623.03 222.42 -1000 -1000 -1000 -10 -1 -1 -1
55 4335 Car -1 -1 -10 182.34 169.48 224.99 206.39 -1000 -1000 -1000 -10 -1 -1 -1
56 4336 Car -1 -1 -10 152.37 170.08 213.35 207.92 -1000 -1000 -1000 -10 -1 -1 -1
56 4337 Car -1 -1 -10 366.64 171.09 405.74 188.56 -1000 -1000 -1000 -10 -1 -1 -1
56 4338 Car -1 -1 -10 573.22 174.80 624.62 221.86 -1000 -1000 -1000 -10 -1 -1 -1
57 4339 Car -1 -1 -10 120.27 170.19 202.17 208.55 -1000 -1000 -1000 -10 -1 -1 -1
57 4340 Car -1 -1 -10 573.72 173.20 627.06 220.67 -1000 -1000 -1000 -10 -1 -1 -1
58 4341 Car -1 -1 -10 574.85 174.52 627.40 222.60 -1000 -1000 -1000 -10 -1 -1 -1
58 4342 Car -1 -1 -10 104.05 170.43 187.99 210.31 -1000 -1000 -1000 -10 -1 -1 -1
59 4343 Car -1 -1 -10 92.41 171.58 172.39 211.70 -1000 -1000 -1000 -10 -1 -1 -1
59 4344 Car -1 -1 -10 0.01 180.71 86.82 218.07 -1000 -1000 -1000 -10 -1 -1 -1
60 4345 Car -1 -1 -10 574.78 170.37 629.25 221.64 -1000 -1000 -1000 -10 -1 -1 -1
60 4346 Car -1 -1 -10 60.72 172.05 154.70 212.91 -1000 -1000 -1000 -10 -1 -1 -1
60 4347 Car -1 -1 -10 0.21 182.28 66.65 218.81 -1000 -1000 -1000 -10 -1 -1 -1
61 4348 Car -1 -1 -10 575.34 170.69 629.76 221.60 -1000 -1000 -1000 -10 -1 -1 -1
61 4349 Car -1 -1 -10 32.56 171.93 139.70 214.68 -1000 -1000 -1000 -10 -1 -1 -1
61 4350 Car -1 -1 -10 0.00 184.80 45.02 220.25 -1000 -1000 -1000 -10 -1 -1 -1
62 4351 Car -1 -1 -10 575.92 170.36 631.52 220.76 -1000 -1000 -1000 -10 -1 -1 -1
62 4352 Car -1 -1 -10 13.71 170.71 120.81 217.05 -1000 -1000 -1000 -10 -1 -1 -1
63 4353 Car -1 -1 -10 0.64 172.13 100.05 217.73 -1000 -1000 -1000 -10 -1 -1 -1
63 4354 Car -1 -1 -10 576.18 170.47 631.51 222.93 -1000 -1000 -1000 -10 -1 -1 -1
64 4355 Car -1 -1 -10 0.43 169.56 79.57 219.53 -1000 -1000 -1000 -10 -1 -1 -1
64 4356 Car -1 -1 -10 576.89 170.67 632.98 223.46 -1000 -1000 -1000 -10 -1 -1 -1
65 4357 Car -1 -1 -10 0.16 171.77 59.66 220.32 -1000 -1000 -1000 -10 -1 -1 -1
65 4358 Car -1 -1 -10 578.31 174.62 633.43 225.40 -1000 -1000 -1000 -10 -1 -1 -1
65 4359 Car -1 -1 -10 51.40 166.95 120.29 199.80 -1000 -1000 -1000 -10 -1 -1 -1
65 4360 Car -1 -1 -10 317.51 171.99 354.83 193.13 -1000 -1000 -1000 -10 -1 -1 -1
66 4361 Car -1 -1 -10 578.59 174.09 633.22 225.96 -1000 -1000 -1000 -10 -1 -1 -1
66 4362 Car -1 -1 -10 0.08 175.38 38.99 221.60 -1000 -1000 -1000 -10 -1 -1 -1
67 4363 Car -1 -1 -10 578.46 174.44 633.56 225.97 -1000 -1000 -1000 -10 -1 -1 -1
68 4364 Car -1 -1 -10 579.11 173.23 634.61 225.94 -1000 -1000 -1000 -10 -1 -1 -1
68 4365 Car -1 -1 -10 301.58 170.85 338.62 193.54 -1000 -1000 -1000 -10 -1 -1 -1
68 4366 Car -1 -1 -10 40.91 166.39 78.21 198.18 -1000 -1000 -1000 -10 -1 -1 -1
69 4367 Car -1 -1 -10 578.68 173.50 634.18 226.32 -1000 -1000 -1000 -10 -1 -1 -1
69 4368 Car -1 -1 -10 13.79 166.16 62.37 201.04 -1000 -1000 -1000 -10 -1 -1 -1
69 4369 Car -1 -1 -10 294.72 170.80 339.02 195.00 -1000 -1000 -1000 -10 -1 -1 -1
70 4370 Car -1 -1 -10 579.18 173.79 633.86 225.99 -1000 -1000 -1000 -10 -1 -1 -1
70 4371 Car -1 -1 -10 288.83 171.12 330.56 195.10 -1000 -1000 -1000 -10 -1 -1 -1
71 4372 Car -1 -1 -10 579.55 174.57 635.88 226.85 -1000 -1000 -1000 -10 -1 -1 -1
71 4373 Car -1 -1 -10 282.90 171.32 326.66 194.94 -1000 -1000 -1000 -10 -1 -1 -1
72 4374 Car -1 -1 -10 580.50 175.90 636.44 226.19 -1000 -1000 -1000 -10 -1 -1 -1
72 4375 Car -1 -1 -10 277.19 171.25 328.40 194.85 -1000 -1000 -1000 -10 -1 -1 -1
73 4376 Car -1 -1 -10 581.39 174.77 637.34 225.99 -1000 -1000 -1000 -10 -1 -1 -1
74 4377 Car -1 -1 -10 581.76 174.32 636.81 225.75 -1000 -1000 -1000 -10 -1 -1 -1
75 4378 Car -1 -1 -10 581.59 174.56 636.53 225.79 -1000 -1000 -1000 -10 -1 -1 -1
76 4379 Car -1 -1 -10 582.35 174.16 636.85 225.74 -1000 -1000 -1000 -10 -1 -1 -1
77 4380 Car -1 -1 -10 582.36 174.46 637.03 225.68 -1000 -1000 -1000 -10 -1 -1 -1
77 4381 Car -1 -1 -10 241.03 172.75 314.79 198.42 -1000 -1000 -1000 -10 -1 -1 -1
78 4382 Car -1 -1 -10 582.36 174.16 637.63 225.47 -1000 -1000 -1000 -10 -1 -1 -1
78 4383 Car -1 -1 -10 231.12 172.58 289.39 199.54 -1000 -1000 -1000 -10 -1 -1 -1
79 4384 Car -1 -1 -10 582.09 175.85 637.41 225.83 -1000 -1000 -1000 -10 -1 -1 -1
79 4385 Car -1 -1 -10 222.86 173.30 282.69 200.24 -1000 -1000 -1000 -10 -1 -1 -1
80 4386 Car -1 -1 -10 582.37 175.48 637.10 225.93 -1000 -1000 -1000 -10 -1 -1 -1
80 4387 Car -1 -1 -10 214.10 173.91 272.65 200.89 -1000 -1000 -1000 -10 -1 -1 -1
81 4388 Car -1 -1 -10 581.67 175.21 637.93 226.03 -1000 -1000 -1000 -10 -1 -1 -1
81 4389 Car -1 -1 -10 203.68 173.84 265.09 201.76 -1000 -1000 -1000 -10 -1 -1 -1
82 4390 Car -1 -1 -10 582.19 174.94 637.63 226.00 -1000 -1000 -1000 -10 -1 -1 -1
82 4391 Car -1 -1 -10 195.39 174.00 258.71 202.16 -1000 -1000 -1000 -10 -1 -1 -1
83 4392 Car -1 -1 -10 582.48 173.54 637.69 225.80 -1000 -1000 -1000 -10 -1 -1 -1
83 4393 Car -1 -1 -10 184.01 175.27 259.67 203.59 -1000 -1000 -1000 -10 -1 -1 -1
84 4394 Car -1 -1 -10 582.15 174.08 638.20 225.29 -1000 -1000 -1000 -10 -1 -1 -1
84 4395 Car -1 -1 -10 171.63 175.67 246.94 203.77 -1000 -1000 -1000 -10 -1 -1 -1
85 4396 Car -1 -1 -10 582.51 174.93 637.97 223.92 -1000 -1000 -1000 -10 -1 -1 -1
85 4397 Car -1 -1 -10 161.75 175.89 233.91 203.98 -1000 -1000 -1000 -10 -1 -1 -1
86 4398 Car -1 -1 -10 581.77 173.91 637.96 223.32 -1000 -1000 -1000 -10 -1 -1 -1
86 4399 Car -1 -1 -10 147.89 173.81 221.27 203.84 -1000 -1000 -1000 -10 -1 -1 -1
87 4400 Car -1 -1 -10 135.70 172.35 213.73 204.54 -1000 -1000 -1000 -10 -1 -1 -1
87 4401 Car -1 -1 -10 581.72 173.57 636.39 220.98 -1000 -1000 -1000 -10 -1 -1 -1
88 4402 Car -1 -1 -10 122.70 173.14 200.85 205.11 -1000 -1000 -1000 -10 -1 -1 -1
88 4403 Car -1 -1 -10 582.09 175.18 636.25 222.21 -1000 -1000 -1000 -10 -1 -1 -1
89 4404 Car -1 -1 -10 108.17 173.06 185.46 206.65 -1000 -1000 -1000 -10 -1 -1 -1
90 4405 Car -1 -1 -10 581.62 172.86 638.61 217.57 -1000 -1000 -1000 -10 -1 -1 -1
90 4406 Car -1 -1 -10 93.24 173.03 169.63 206.44 -1000 -1000 -1000 -10 -1 -1 -1
90 4407 Car -1 -1 -10 190.27 169.30 254.84 202.82 -1000 -1000 -1000 -10 -1 -1 -1
91 4408 Car -1 -1 -10 581.04 172.54 638.70 217.87 -1000 -1000 -1000 -10 -1 -1 -1
91 4409 Car -1 -1 -10 178.34 169.06 246.83 202.90 -1000 -1000 -1000 -10 -1 -1 -1
91 4410 Car -1 -1 -10 76.51 172.07 134.79 207.79 -1000 -1000 -1000 -10 -1 -1 -1
92 4411 Car -1 -1 -10 580.83 172.23 638.19 218.57 -1000 -1000 -1000 -10 -1 -1 -1
92 4412 Car -1 -1 -10 170.33 168.43 238.73 203.21 -1000 -1000 -1000 -10 -1 -1 -1
93 4413 Car -1 -1 -10 578.20 171.89 638.38 219.93 -1000 -1000 -1000 -10 -1 -1 -1
93 4414 Car -1 -1 -10 159.75 168.52 229.98 203.13 -1000 -1000 -1000 -10 -1 -1 -1
93 4415 Car -1 -1 -10 232.36 171.58 266.88 197.41 -1000 -1000 -1000 -10 -1 -1 -1
93 4416 Car -1 -1 -10 34.37 170.89 146.60 213.68 -1000 -1000 -1000 -10 -1 -1 -1
94 4417 Car -1 -1 -10 15.42 170.05 131.54 213.59 -1000 -1000 -1000 -10 -1 -1 -1
94 4418 Car -1 -1 -10 577.57 171.45 636.85 223.25 -1000 -1000 -1000 -10 -1 -1 -1
94 4419 Car -1 -1 -10 145.46 168.82 222.32 203.34 -1000 -1000 -1000 -10 -1 -1 -1
95 4420 Car -1 -1 -10 576.28 171.41 636.42 224.91 -1000 -1000 -1000 -10 -1 -1 -1
95 4421 Car -1 -1 -10 0.00 172.09 112.08 213.73 -1000 -1000 -1000 -10 -1 -1 -1
95 4422 Car -1 -1 -10 131.14 170.63 211.25 203.81 -1000 -1000 -1000 -10 -1 -1 -1
96 4423 Car -1 -1 -10 574.31 171.85 636.95 223.12 -1000 -1000 -1000 -10 -1 -1 -1
96 4424 Car -1 -1 -10 116.37 171.29 200.66 204.86 -1000 -1000 -1000 -10 -1 -1 -1
96 4425 Car -1 -1 -10 0.07 171.65 100.41 214.27 -1000 -1000 -1000 -10 -1 -1 -1
97 4426 Car -1 -1 -10 574.91 172.30 636.81 226.29 -1000 -1000 -1000 -10 -1 -1 -1
97 4427 Car -1 -1 -10 99.66 171.75 188.57 208.07 -1000 -1000 -1000 -10 -1 -1 -1
97 4428 Car -1 -1 -10 200.75 168.83 254.90 200.29 -1000 -1000 -1000 -10 -1 -1 -1
98 4429 Car -1 -1 -10 574.36 171.92 635.70 226.75 -1000 -1000 -1000 -10 -1 -1 -1
98 4430 Car -1 -1 -10 125.63 170.63 179.21 208.68 -1000 -1000 -1000 -10 -1 -1 -1
98 4431 Car -1 -1 -10 189.13 166.47 249.15 202.83 -1000 -1000 -1000 -10 -1 -1 -1
99 4432 Car -1 -1 -10 573.79 171.34 634.30 221.96 -1000 -1000 -1000 -10 -1 -1 -1
99 4433 Car -1 -1 -10 109.46 171.47 168.90 209.50 -1000 -1000 -1000 -10 -1 -1 -1
100 4434 Car -1 -1 -10 92.30 170.77 156.94 210.58 -1000 -1000 -1000 -10 -1 -1 -1
100 4435 Car -1 -1 -10 167.85 169.12 232.85 202.84 -1000 -1000 -1000 -10 -1 -1 -1
100 4436 Car -1 -1 -10 573.67 170.92 633.73 225.30 -1000 -1000 -1000 -10 -1 -1 -1
101 4437 Car -1 -1 -10 35.51 171.80 145.56 214.44 -1000 -1000 -1000 -10 -1 -1 -1
101 4438 Car -1 -1 -10 573.35 173.02 633.43 227.59 -1000 -1000 -1000 -10 -1 -1 -1
102 4439 Car -1 -1 -10 20.04 173.11 129.45 215.79 -1000 -1000 -1000 -10 -1 -1 -1
102 4440 Car -1 -1 -10 571.25 176.02 632.63 228.71 -1000 -1000 -1000 -10 -1 -1 -1
103 4441 Car -1 -1 -10 570.77 175.30 632.40 230.39 -1000 -1000 -1000 -10 -1 -1 -1
103 4442 Car -1 -1 -10 134.37 173.13 205.63 210.76 -1000 -1000 -1000 -10 -1 -1 -1
103 4443 Car -1 -1 -10 2.53 175.30 116.90 217.66 -1000 -1000 -1000 -10 -1 -1 -1
104 4444 Car -1 -1 -10 569.10 176.60 632.09 231.58 -1000 -1000 -1000 -10 -1 -1 -1
104 4445 Car -1 -1 -10 5.24 175.45 103.71 217.97 -1000 -1000 -1000 -10 -1 -1 -1
104 4446 Car -1 -1 -10 0.00 175.04 44.75 221.20 -1000 -1000 -1000 -10 -1 -1 -1
104 4447 Car -1 -1 -10 121.57 177.46 191.61 211.30 -1000 -1000 -1000 -10 -1 -1 -1
105 4448 Car -1 -1 -10 568.40 176.47 630.77 229.98 -1000 -1000 -1000 -10 -1 -1 -1
105 4449 Car -1 -1 -10 0.12 174.61 87.58 222.08 -1000 -1000 -1000 -10 -1 -1 -1
105 4450 Car -1 -1 -10 108.96 176.98 185.17 212.00 -1000 -1000 -1000 -10 -1 -1 -1
106 4451 Car -1 -1 -10 566.46 173.19 629.75 229.43 -1000 -1000 -1000 -10 -1 -1 -1
106 4452 Car -1 -1 -10 0.00 173.33 74.79 220.24 -1000 -1000 -1000 -10 -1 -1 -1
106 4453 Car -1 -1 -10 99.75 176.56 175.19 211.45 -1000 -1000 -1000 -10 -1 -1 -1
107 4454 Car -1 -1 -10 565.25 174.81 628.13 228.67 -1000 -1000 -1000 -10 -1 -1 -1
107 4455 Car -1 -1 -10 0.16 172.94 57.46 217.93 -1000 -1000 -1000 -10 -1 -1 -1
107 4456 Car -1 -1 -10 395.05 171.46 426.87 185.60 -1000 -1000 -1000 -10 -1 -1 -1
107 4457 Car -1 -1 -10 83.60 176.99 165.07 211.94 -1000 -1000 -1000 -10 -1 -1 -1
108 4458 Car -1 -1 -10 566.15 175.59 627.76 229.65 -1000 -1000 -1000 -10 -1 -1 -1
108 4459 Car -1 -1 -10 68.69 176.92 152.91 214.20 -1000 -1000 -1000 -10 -1 -1 -1
108 4460 Car -1 -1 -10 0.02 179.31 40.11 219.97 -1000 -1000 -1000 -10 -1 -1 -1
109 4461 Car -1 -1 -10 563.03 177.49 624.05 230.97 -1000 -1000 -1000 -10 -1 -1 -1
109 4462 Car -1 -1 -10 0.13 189.30 22.42 220.62 -1000 -1000 -1000 -10 -1 -1 -1
109 4463 Car -1 -1 -10 51.03 176.95 140.64 214.53 -1000 -1000 -1000 -10 -1 -1 -1
110 4464 Car -1 -1 -10 562.04 176.73 622.76 230.25 -1000 -1000 -1000 -10 -1 -1 -1
110 4465 Car -1 -1 -10 31.93 176.28 126.61 215.92 -1000 -1000 -1000 -10 -1 -1 -1
110 4466 Car -1 -1 -10 385.82 171.84 419.08 187.85 -1000 -1000 -1000 -10 -1 -1 -1
111 4467 Car -1 -1 -10 560.72 174.61 621.91 230.60 -1000 -1000 -1000 -10 -1 -1 -1
111 4468 Car -1 -1 -10 381.91 170.97 414.50 187.31 -1000 -1000 -1000 -10 -1 -1 -1
112 4469 Car -1 -1 -10 558.58 174.81 620.90 231.31 -1000 -1000 -1000 -10 -1 -1 -1
112 4470 Car -1 -1 -10 0.30 175.66 99.10 215.63 -1000 -1000 -1000 -10 -1 -1 -1
113 4471 Car -1 -1 -10 556.57 175.10 619.52 232.47 -1000 -1000 -1000 -10 -1 -1 -1
113 4472 Car -1 -1 -10 375.41 171.22 406.51 186.68 -1000 -1000 -1000 -10 -1 -1 -1
114 4473 Car -1 -1 -10 555.86 176.73 618.13 232.48 -1000 -1000 -1000 -10 -1 -1 -1
114 4474 Car -1 -1 -10 372.79 173.71 410.26 188.09 -1000 -1000 -1000 -10 -1 -1 -1
115 4475 Car -1 -1 -10 553.04 175.89 617.67 232.69 -1000 -1000 -1000 -10 -1 -1 -1
115 4476 Car -1 -1 -10 369.03 173.39 405.12 188.60 -1000 -1000 -1000 -10 -1 -1 -1
116 4477 Car -1 -1 -10 551.39 175.31 615.75 232.93 -1000 -1000 -1000 -10 -1 -1 -1
116 4478 Car -1 -1 -10 365.49 171.78 402.15 188.43 -1000 -1000 -1000 -10 -1 -1 -1
117 4479 Car -1 -1 -10 550.07 176.03 613.18 233.31 -1000 -1000 -1000 -10 -1 -1 -1
117 4480 Car -1 -1 -10 361.19 172.51 399.25 187.39 -1000 -1000 -1000 -10 -1 -1 -1
118 4481 Car -1 -1 -10 549.14 176.23 610.76 233.12 -1000 -1000 -1000 -10 -1 -1 -1
119 4482 Car -1 -1 -10 548.15 176.13 609.24 232.65 -1000 -1000 -1000 -10 -1 -1 -1
120 4483 Car -1 -1 -10 547.77 175.54 609.22 232.51 -1000 -1000 -1000 -10 -1 -1 -1
121 4484 Car -1 -1 -10 548.71 175.57 608.50 232.78 -1000 -1000 -1000 -10 -1 -1 -1
122 4485 Car -1 -1 -10 549.14 175.13 612.14 232.19 -1000 -1000 -1000 -10 -1 -1 -1
123 4486 Car -1 -1 -10 550.22 174.74 613.49 232.55 -1000 -1000 -1000 -10 -1 -1 -1
124 4487 Car -1 -1 -10 551.83 175.15 615.88 233.07 -1000 -1000 -1000 -10 -1 -1 -1
125 4488 Car -1 -1 -10 551.95 177.00 616.34 233.07 -1000 -1000 -1000 -10 -1 -1 -1
126 4489 Car -1 -1 -10 552.84 176.52 618.23 235.03 -1000 -1000 -1000 -10 -1 -1 -1
127 4490 Car -1 -1 -10 553.61 178.15 618.47 236.20 -1000 -1000 -1000 -10 -1 -1 -1
128 4491 Car -1 -1 -10 553.61 178.11 617.86 237.02 -1000 -1000 -1000 -10 -1 -1 -1
129 4492 Car -1 -1 -10 553.55 177.73 618.39 236.90 -1000 -1000 -1000 -10 -1 -1 -1
130 4493 Car -1 -1 -10 553.68 178.75 618.14 237.16 -1000 -1000 -1000 -10 -1 -1 -1
131 4494 Car -1 -1 -10 553.24 178.41 618.58 236.73 -1000 -1000 -1000 -10 -1 -1 -1
132 4495 Car -1 -1 -10 552.70 178.77 617.63 237.32 -1000 -1000 -1000 -10 -1 -1 -1
133 4496 Car -1 -1 -10 552.16 178.39 617.57 237.09 -1000 -1000 -1000 -10 -1 -1 -1
134 4497 Car -1 -1 -10 551.44 178.19 616.82 237.02 -1000 -1000 -1000 -10 -1 -1 -1
135 4498 Car -1 -1 -10 551.14 178.32 617.90 237.69 -1000 -1000 -1000 -10 -1 -1 -1
135 4499 Car -1 -1 -10 337.20 174.62 369.51 193.92 -1000 -1000 -1000 -10 -1 -1 -1
136 4500 Car -1 -1 -10 551.94 177.90 617.64 237.33 -1000 -1000 -1000 -10 -1 -1 -1
137 4501 Car -1 -1 -10 551.56 177.70 614.47 235.00 -1000 -1000 -1000 -10 -1 -1 -1
138 4502 Car -1 -1 -10 550.62 177.24 615.43 236.22 -1000 -1000 -1000 -10 -1 -1 -1
138 4503 Car -1 -1 -10 326.62 173.04 366.10 194.67 -1000 -1000 -1000 -10 -1 -1 -1
144 4504 Car -1 -1 -10 547.47 178.49 610.30 236.97 -1000 -1000 -1000 -10 -1 -1 -1
145 4505 Car -1 -1 -10 547.70 177.24 609.24 235.52 -1000 -1000 -1000 -10 -1 -1 -1
146 4506 Car -1 -1 -10 547.66 177.83 609.53 233.88 -1000 -1000 -1000 -10 -1 -1 -1
147 4507 Car -1 -1 -10 546.51 177.11 607.76 234.52 -1000 -1000 -1000 -10 -1 -1 -1
148 4508 Car -1 -1 -10 545.93 178.11 608.97 234.91 -1000 -1000 -1000 -10 -1 -1 -1
149 4509 Car -1 -1 -10 545.55 178.63 607.96 235.09 -1000 -1000 -1000 -10 -1 -1 -1
150 4510 Car -1 -1 -10 544.91 178.74 607.96 234.94 -1000 -1000 -1000 -10 -1 -1 -1
151 4511 Car -1 -1 -10 546.15 179.49 606.91 230.98 -1000 -1000 -1000 -10 -1 -1 -1
152 4512 Car -1 -1 -10 546.54 177.96 606.85 233.19 -1000 -1000 -1000 -10 -1 -1 -1
153 4513 Car -1 -1 -10 547.69 178.42 608.42 234.61 -1000 -1000 -1000 -10 -1 -1 -1
154 4514 Car -1 -1 -10 547.90 179.25 607.14 234.87 -1000 -1000 -1000 -10 -1 -1 -1
154 4515 Car -1 -1 -10 490.76 151.94 536.00 202.66 -1000 -1000 -1000 -10 -1 -1 -1
155 4516 Car -1 -1 -10 486.52 150.03 534.95 204.34 -1000 -1000 -1000 -10 -1 -1 -1
155 4517 Car -1 -1 -10 548.78 179.26 606.55 232.20 -1000 -1000 -1000 -10 -1 -1 -1
156 4518 Car -1 -1 -10 480.83 149.50 534.96 209.61 -1000 -1000 -1000 -10 -1 -1 -1
156 4519 Car -1 -1 -10 550.55 179.37 607.90 229.06 -1000 -1000 -1000 -10 -1 -1 -1
157 4520 Car -1 -1 -10 474.94 146.21 533.44 212.89 -1000 -1000 -1000 -10 -1 -1 -1
157 4521 Car -1 -1 -10 550.39 178.55 610.21 231.33 -1000 -1000 -1000 -10 -1 -1 -1
158 4522 Car -1 -1 -10 551.98 178.52 609.89 231.92 -1000 -1000 -1000 -10 -1 -1 -1
158 4523 Car -1 -1 -10 466.91 143.09 529.85 216.60 -1000 -1000 -1000 -10 -1 -1 -1
159 4524 Car -1 -1 -10 551.97 178.13 611.71 230.33 -1000 -1000 -1000 -10 -1 -1 -1
160 4525 Car -1 -1 -10 551.26 177.90 613.10 229.57 -1000 -1000 -1000 -10 -1 -1 -1
160 4526 Car -1 -1 -10 443.58 139.77 526.82 224.35 -1000 -1000 -1000 -10 -1 -1 -1
161 4527 Car -1 -1 -10 552.12 177.84 611.85 229.44 -1000 -1000 -1000 -10 -1 -1 -1
161 4528 Car -1 -1 -10 407.25 133.38 515.95 231.92 -1000 -1000 -1000 -10 -1 -1 -1
162 4529 Car -1 -1 -10 553.75 180.36 612.80 230.44 -1000 -1000 -1000 -10 -1 -1 -1
163 4530 Car -1 -1 -10 554.01 180.92 610.47 229.51 -1000 -1000 -1000 -10 -1 -1 -1
164 4531 Car -1 -1 -10 554.48 180.71 612.51 229.89 -1000 -1000 -1000 -10 -1 -1 -1
164 4532 Car -1 -1 -10 320.29 117.15 503.50 263.45 -1000 -1000 -1000 -10 -1 -1 -1
165 4533 Car -1 -1 -10 555.44 180.46 613.77 231.32 -1000 -1000 -1000 -10 -1 -1 -1
165 4534 Car -1 -1 -10 267.61 105.74 493.77 285.44 -1000 -1000 -1000 -10 -1 -1 -1
166 4535 Car -1 -1 -10 185.70 87.72 472.82 315.09 -1000 -1000 -1000 -10 -1 -1 -1
166 4536 Car -1 -1 -10 556.23 180.92 614.72 231.63 -1000 -1000 -1000 -10 -1 -1 -1
167 4537 Car -1 -1 -10 557.18 181.09 615.03 231.39 -1000 -1000 -1000 -10 -1 -1 -1
167 4538 Car -1 -1 -10 4.25 56.96 449.83 364.69 -1000 -1000 -1000 -10 -1 -1 -1
168 4539 Car -1 -1 -10 0.85 0.60 409.95 369.59 -1000 -1000 -1000 -10 -1 -1 -1
168 4540 Car -1 -1 -10 557.85 180.99 615.27 231.63 -1000 -1000 -1000 -10 -1 -1 -1
168 4541 Car -1 -1 -10 0.76 1.71 411.30 372.15 -1000 -1000 -1000 -10 -1 -1 -1
169 4542 Car -1 -1 -10 0.15 0.58 341.03 369.27 -1000 -1000 -1000 -10 -1 -1 -1
169 4543 Car -1 -1 -10 560.66 180.77 614.25 229.45 -1000 -1000 -1000 -10 -1 -1 -1
170 4544 Car -1 -1 -10 560.96 180.35 615.15 227.89 -1000 -1000 -1000 -10 -1 -1 -1
171 4545 Car -1 -1 -10 561.12 180.42 616.14 229.20 -1000 -1000 -1000 -10 -1 -1 -1
171 4546 Car -1 -1 -10 1082.37 190.48 1135.09 224.46 -1000 -1000 -1000 -10 -1 -1 -1
171 4547 Car -1 -1 -10 285.87 183.33 326.39 203.82 -1000 -1000 -1000 -10 -1 -1 -1
172 4548 Car -1 -1 -10 1097.54 190.56 1157.57 225.50 -1000 -1000 -1000 -10 -1 -1 -1
172 4549 Car -1 -1 -10 562.64 180.59 617.08 228.22 -1000 -1000 -1000 -10 -1 -1 -1
172 4550 Car -1 -1 -10 282.88 180.81 326.15 202.39 -1000 -1000 -1000 -10 -1 -1 -1
173 4551 Car -1 -1 -10 563.06 179.22 617.47 228.58 -1000 -1000 -1000 -10 -1 -1 -1
173 4552 Car -1 -1 -10 530.23 181.93 561.91 200.76 -1000 -1000 -1000 -10 -1 -1 -1
173 4553 Car -1 -1 -10 275.05 182.24 314.65 202.71 -1000 -1000 -1000 -10 -1 -1 -1
173 4554 Car -1 -1 -10 998.95 196.57 1091.57 235.82 -1000 -1000 -1000 -10 -1 -1 -1
174 4555 Car -1 -1 -10 564.29 180.10 618.20 227.44 -1000 -1000 -1000 -10 -1 -1 -1
174 4556 Car -1 -1 -10 1013.91 197.43 1105.29 233.57 -1000 -1000 -1000 -10 -1 -1 -1
174 4557 Car -1 -1 -10 269.67 183.18 303.07 204.87 -1000 -1000 -1000 -10 -1 -1 -1
174 4558 Car -1 -1 -10 535.24 180.58 573.38 200.18 -1000 -1000 -1000 -10 -1 -1 -1
175 4559 Car -1 -1 -10 565.71 179.54 620.05 225.22 -1000 -1000 -1000 -10 -1 -1 -1
175 4560 Car -1 -1 -10 522.93 184.56 550.56 202.11 -1000 -1000 -1000 -10 -1 -1 -1
175 4561 Car -1 -1 -10 127.31 181.57 190.23 214.86 -1000 -1000 -1000 -10 -1 -1 -1
175 4562 Car -1 -1 -10 1142.53 196.76 1205.44 233.17 -1000 -1000 -1000 -10 -1 -1 -1
176 4563 Car -1 -1 -10 567.23 180.62 619.41 225.27 -1000 -1000 -1000 -10 -1 -1 -1
176 4564 Car -1 -1 -10 519.45 183.92 548.52 204.16 -1000 -1000 -1000 -10 -1 -1 -1
177 4565 Car -1 -1 -10 1179.11 202.31 1241.00 234.17 -1000 -1000 -1000 -10 -1 -1 -1
177 4566 Car -1 -1 -10 567.81 179.97 620.16 225.50 -1000 -1000 -1000 -10 -1 -1 -1
177 4567 Car -1 -1 -10 514.23 185.04 545.11 206.65 -1000 -1000 -1000 -10 -1 -1 -1
177 4568 Car -1 -1 -10 542.36 181.77 574.21 200.81 -1000 -1000 -1000 -10 -1 -1 -1
177 4569 Car -1 -1 -10 299.34 183.59 336.08 203.59 -1000 -1000 -1000 -10 -1 -1 -1
178 4570 Car -1 -1 -10 512.41 184.57 542.48 209.12 -1000 -1000 -1000 -10 -1 -1 -1
178 4571 Car -1 -1 -10 568.63 180.43 620.05 224.88 -1000 -1000 -1000 -10 -1 -1 -1
179 4572 Car -1 -1 -10 569.62 180.86 619.71 226.55 -1000 -1000 -1000 -10 -1 -1 -1
179 4573 Car -1 -1 -10 505.41 182.56 539.96 209.94 -1000 -1000 -1000 -10 -1 -1 -1
179 4574 Car -1 -1 -10 537.88 180.64 570.47 199.20 -1000 -1000 -1000 -10 -1 -1 -1
180 4575 Car -1 -1 -10 569.64 180.56 620.84 224.05 -1000 -1000 -1000 -10 -1 -1 -1
180 4576 Car -1 -1 -10 497.36 181.02 535.53 211.03 -1000 -1000 -1000 -10 -1 -1 -1
180 4577 Car -1 -1 -10 224.25 182.12 281.97 203.93 -1000 -1000 -1000 -10 -1 -1 -1
180 4578 Car -1 -1 -10 537.24 180.01 571.29 198.42 -1000 -1000 -1000 -10 -1 -1 -1
180 4579 Car -1 -1 -10 156.10 175.88 230.07 208.34 -1000 -1000 -1000 -10 -1 -1 -1
180 4580 Car -1 -1 -10 156.58 175.99 229.19 208.72 -1000 -1000 -1000 -10 -1 -1 -1
181 4581 Car -1 -1 -10 570.74 177.98 620.90 224.88 -1000 -1000 -1000 -10 -1 -1 -1
181 4582 Car -1 -1 -10 491.27 180.00 532.39 212.99 -1000 -1000 -1000 -10 -1 -1 -1
181 4583 Car -1 -1 -10 1111.65 200.00 1224.55 236.82 -1000 -1000 -1000 -10 -1 -1 -1
181 4584 Car -1 -1 -10 534.37 179.71 571.39 199.01 -1000 -1000 -1000 -10 -1 -1 -1
181 4585 Car -1 -1 -10 139.58 175.87 215.61 208.43 -1000 -1000 -1000 -10 -1 -1 -1
182 4586 Car -1 -1 -10 573.12 179.49 621.02 224.74 -1000 -1000 -1000 -10 -1 -1 -1
182 4587 Car -1 -1 -10 482.38 180.59 525.61 214.56 -1000 -1000 -1000 -10 -1 -1 -1
182 4588 Car -1 -1 -10 123.75 175.47 207.71 212.06 -1000 -1000 -1000 -10 -1 -1 -1
182 4589 Car -1 -1 -10 1132.70 202.51 1238.78 238.91 -1000 -1000 -1000 -10 -1 -1 -1
182 4590 Car -1 -1 -10 534.50 179.88 568.74 199.20 -1000 -1000 -1000 -10 -1 -1 -1
183 4591 Car -1 -1 -10 573.81 179.87 621.30 224.52 -1000 -1000 -1000 -10 -1 -1 -1
183 4592 Car -1 -1 -10 473.48 179.50 521.95 220.95 -1000 -1000 -1000 -10 -1 -1 -1
183 4593 Car -1 -1 -10 533.35 180.26 562.75 200.19 -1000 -1000 -1000 -10 -1 -1 -1
183 4594 Car -1 -1 -10 106.45 175.25 188.02 212.99 -1000 -1000 -1000 -10 -1 -1 -1
183 4595 Car -1 -1 -10 1153.25 203.82 1241.47 241.56 -1000 -1000 -1000 -10 -1 -1 -1
184 4596 Car -1 -1 -10 460.75 180.48 513.83 225.24 -1000 -1000 -1000 -10 -1 -1 -1
184 4597 Car -1 -1 -10 575.12 180.08 621.14 224.63 -1000 -1000 -1000 -10 -1 -1 -1
184 4598 Car -1 -1 -10 530.11 180.22 560.68 200.97 -1000 -1000 -1000 -10 -1 -1 -1
184 4599 Car -1 -1 -10 1176.60 210.28 1241.44 243.04 -1000 -1000 -1000 -10 -1 -1 -1
184 4600 Car -1 -1 -10 247.48 182.81 299.28 206.67 -1000 -1000 -1000 -10 -1 -1 -1
185 4601 Car -1 -1 -10 575.47 179.19 622.52 224.21 -1000 -1000 -1000 -10 -1 -1 -1
185 4602 Car -1 -1 -10 527.30 180.03 560.32 201.26 -1000 -1000 -1000 -10 -1 -1 -1
185 4603 Car -1 -1 -10 0.16 180.30 62.05 226.04 -1000 -1000 -1000 -10 -1 -1 -1
185 4605 Car -1 -1 -10 444.09 180.97 506.86 229.40 -1000 -1000 -1000 -10 -1 -1 -1
185 4606 Car -1 -1 -10 161.51 182.61 238.52 210.23 -1000 -1000 -1000 -10 -1 -1 -1
185 4607 Car -1 -1 -10 69.98 175.63 138.74 215.81 -1000 -1000 -1000 -10 -1 -1 -1
186 4608 Car -1 -1 -10 522.70 180.43 557.08 202.39 -1000 -1000 -1000 -10 -1 -1 -1
186 4610 Car -1 -1 -10 576.10 179.37 624.06 224.21 -1000 -1000 -1000 -10 -1 -1 -1
186 4611 Car -1 -1 -10 425.52 181.44 500.00 235.80 -1000 -1000 -1000 -10 -1 -1 -1
186 4612 Car -1 -1 -10 157.72 181.21 230.71 209.99 -1000 -1000 -1000 -10 -1 -1 -1
186 4613 Car -1 -1 -10 224.70 180.51 287.49 207.56 -1000 -1000 -1000 -10 -1 -1 -1
186 4614 Car -1 -1 -10 0.12 182.61 37.14 225.85 -1000 -1000 -1000 -10 -1 -1 -1
186 4615 Car -1 -1 -10 50.21 180.63 105.22 216.05 -1000 -1000 -1000 -10 -1 -1 -1
187 4616 Car -1 -1 -10 519.29 182.18 556.43 204.97 -1000 -1000 -1000 -10 -1 -1 -1
187 4617 Car -1 -1 -10 397.83 181.87 482.99 246.40 -1000 -1000 -1000 -10 -1 -1 -1
187 4618 Car -1 -1 -10 576.20 178.93 626.51 224.90 -1000 -1000 -1000 -10 -1 -1 -1
187 4619 Car -1 -1 -10 212.24 182.87 277.43 209.80 -1000 -1000 -1000 -10 -1 -1 -1
188 4621 Car -1 -1 -10 512.41 182.79 551.83 209.44 -1000 -1000 -1000 -10 -1 -1 -1
188 4622 Car -1 -1 -10 358.15 183.83 470.14 259.89 -1000 -1000 -1000 -10 -1 -1 -1
188 4623 Car -1 -1 -10 49.46 178.31 125.79 222.42 -1000 -1000 -1000 -10 -1 -1 -1
188 4624 Car -1 -1 -10 205.97 183.40 271.61 210.62 -1000 -1000 -1000 -10 -1 -1 -1
188 4625 Car -1 -1 -10 577.01 180.53 626.11 224.56 -1000 -1000 -1000 -10 -1 -1 -1
188 4627 Car -1 -1 -10 124.15 180.79 208.53 216.20 -1000 -1000 -1000 -10 -1 -1 -1
189 4629 Car -1 -1 -10 308.32 186.39 444.58 281.76 -1000 -1000 -1000 -10 -1 -1 -1
189 4631 Car -1 -1 -10 3.21 179.53 107.45 226.91 -1000 -1000 -1000 -10 -1 -1 -1
189 4632 Car -1 -1 -10 507.35 183.46 550.33 211.11 -1000 -1000 -1000 -10 -1 -1 -1
189 4633 Car -1 -1 -10 577.55 181.93 626.73 225.19 -1000 -1000 -1000 -10 -1 -1 -1
189 4634 Car -1 -1 -10 108.51 186.28 196.39 217.34 -1000 -1000 -1000 -10 -1 -1 -1
189 4635 Car -1 -1 -10 195.97 184.05 263.04 210.87 -1000 -1000 -1000 -10 -1 -1 -1
190 4636 Car -1 -1 -10 226.39 189.67 413.86 311.86 -1000 -1000 -1000 -10 -1 -1 -1
190 4637 Car -1 -1 -10 0.04 182.09 85.82 231.06 -1000 -1000 -1000 -10 -1 -1 -1
190 4638 Car -1 -1 -10 89.64 187.14 182.90 220.82 -1000 -1000 -1000 -10 -1 -1 -1
190 4640 Car -1 -1 -10 578.55 180.47 627.31 225.06 -1000 -1000 -1000 -10 -1 -1 -1
190 4641 Car -1 -1 -10 496.97 184.10 545.17 216.77 -1000 -1000 -1000 -10 -1 -1 -1
190 4642 Car -1 -1 -10 189.21 185.28 254.54 214.27 -1000 -1000 -1000 -10 -1 -1 -1
191 4643 Car -1 -1 -10 78.97 194.82 361.15 362.90 -1000 -1000 -1000 -10 -1 -1 -1
191 4644 Car -1 -1 -10 488.56 183.16 540.72 220.87 -1000 -1000 -1000 -10 -1 -1 -1
191 4645 Car -1 -1 -10 0.02 183.56 65.75 232.60 -1000 -1000 -1000 -10 -1 -1 -1
191 4646 Car -1 -1 -10 69.79 189.73 172.98 223.62 -1000 -1000 -1000 -10 -1 -1 -1
191 4647 Car -1 -1 -10 579.51 181.20 628.29 224.15 -1000 -1000 -1000 -10 -1 -1 -1
192 4648 Car -1 -1 -10 0.00 195.05 269.80 372.22 -1000 -1000 -1000 -10 -1 -1 -1
192 4649 Car -1 -1 -10 580.33 180.24 629.66 224.54 -1000 -1000 -1000 -10 -1 -1 -1
192 4650 Car -1 -1 -10 480.56 182.78 537.69 224.61 -1000 -1000 -1000 -10 -1 -1 -1
193 4651 Car -1 -1 -10 23.87 188.13 140.99 226.62 -1000 -1000 -1000 -10 -1 -1 -1
193 4652 Car -1 -1 -10 144.03 188.00 222.13 217.83 -1000 -1000 -1000 -10 -1 -1 -1
193 4653 Car -1 -1 -10 582.61 181.24 630.31 224.02 -1000 -1000 -1000 -10 -1 -1 -1
193 4654 Car -1 -1 -10 466.51 183.86 530.96 227.89 -1000 -1000 -1000 -10 -1 -1 -1
193 4655 Car -1 -1 -10 0.10 235.50 65.03 371.21 -1000 -1000 -1000 -10 -1 -1 -1
194 4656 Car -1 -1 -10 128.29 188.31 212.50 219.75 -1000 -1000 -1000 -10 -1 -1 -1
194 4657 Car -1 -1 -10 0.66 186.87 122.64 227.24 -1000 -1000 -1000 -10 -1 -1 -1
194 4658 Car -1 -1 -10 584.53 180.10 630.49 223.41 -1000 -1000 -1000 -10 -1 -1 -1
194 4659 Car -1 -1 -10 453.39 183.89 524.41 233.11 -1000 -1000 -1000 -10 -1 -1 -1
195 4660 Car -1 -1 -10 0.00 186.30 100.12 229.02 -1000 -1000 -1000 -10 -1 -1 -1
195 4661 Car -1 -1 -10 107.64 187.35 198.68 220.95 -1000 -1000 -1000 -10 -1 -1 -1
195 4662 Car -1 -1 -10 585.16 180.79 631.59 223.77 -1000 -1000 -1000 -10 -1 -1 -1
195 4663 Car -1 -1 -10 543.04 180.66 569.89 200.46 -1000 -1000 -1000 -10 -1 -1 -1
195 4664 Car -1 -1 -10 431.61 186.61 514.11 241.30 -1000 -1000 -1000 -10 -1 -1 -1
196 4665 Car -1 -1 -10 586.30 180.64 632.91 222.88 -1000 -1000 -1000 -10 -1 -1 -1
196 4666 Car -1 -1 -10 93.01 186.57 183.75 220.80 -1000 -1000 -1000 -10 -1 -1 -1
196 4667 Car -1 -1 -10 0.07 185.08 78.68 229.43 -1000 -1000 -1000 -10 -1 -1 -1
196 4668 Car -1 -1 -10 401.33 186.31 503.06 250.18 -1000 -1000 -1000 -10 -1 -1 -1
196 4669 Car -1 -1 -10 539.14 179.50 569.08 200.01 -1000 -1000 -1000 -10 -1 -1 -1
197 4670 Car -1 -1 -10 362.00 187.35 488.57 264.66 -1000 -1000 -1000 -10 -1 -1 -1
197 4671 Car -1 -1 -10 586.43 180.87 633.24 222.51 -1000 -1000 -1000 -10 -1 -1 -1
197 4672 Car -1 -1 -10 69.68 184.28 167.50 221.55 -1000 -1000 -1000 -10 -1 -1 -1
197 4673 Car -1 -1 -10 537.15 180.06 567.08 200.23 -1000 -1000 -1000 -10 -1 -1 -1
197 4674 Car -1 -1 -10 0.14 182.51 57.23 228.20 -1000 -1000 -1000 -10 -1 -1 -1
198 4675 Car -1 -1 -10 305.24 188.04 468.74 284.73 -1000 -1000 -1000 -10 -1 -1 -1
198 4676 Car -1 -1 -10 587.77 181.06 632.86 222.34 -1000 -1000 -1000 -10 -1 -1 -1
198 4677 Car -1 -1 -10 535.31 180.18 565.84 200.12 -1000 -1000 -1000 -10 -1 -1 -1
198 4678 Car -1 -1 -10 41.44 183.17 150.35 223.11 -1000 -1000 -1000 -10 -1 -1 -1
198 4679 Car -1 -1 -10 0.10 191.22 29.94 227.46 -1000 -1000 -1000 -10 -1 -1 -1
199 4680 Car -1 -1 -10 205.39 193.86 437.08 318.02 -1000 -1000 -1000 -10 -1 -1 -1
199 4681 Car -1 -1 -10 588.47 180.70 633.18 222.82 -1000 -1000 -1000 -10 -1 -1 -1
199 4682 Car -1 -1 -10 12.44 183.58 130.83 225.86 -1000 -1000 -1000 -10 -1 -1 -1
199 4683 Car -1 -1 -10 530.25 180.40 561.49 202.49 -1000 -1000 -1000 -10 -1 -1 -1
200 4685 Car -1 -1 -10 13.41 198.40 392.41 373.91 -1000 -1000 -1000 -10 -1 -1 -1
200 4686 Car -1 -1 -10 525.38 180.87 558.98 205.47 -1000 -1000 -1000 -10 -1 -1 -1
200 4687 Car -1 -1 -10 587.79 180.17 633.19 222.45 -1000 -1000 -1000 -10 -1 -1 -1
200 4688 Car -1 -1 -10 0.21 187.26 108.73 231.81 -1000 -1000 -1000 -10 -1 -1 -1
201 4689 Car -1 -1 -10 0.12 206.90 316.13 375.00 -1000 -1000 -1000 -10 -1 -1 -1
201 4690 Car -1 -1 -10 519.04 180.47 556.56 208.52 -1000 -1000 -1000 -10 -1 -1 -1
201 4691 Car -1 -1 -10 586.02 180.58 631.86 221.02 -1000 -1000 -1000 -10 -1 -1 -1
202 4692 Car -1 -1 -10 512.24 180.35 551.67 208.77 -1000 -1000 -1000 -10 -1 -1 -1
202 4693 Car -1 -1 -10 459.13 175.54 484.86 196.05 -1000 -1000 -1000 -10 -1 -1 -1
202 4694 Car -1 -1 -10 587.59 179.53 631.91 218.54 -1000 -1000 -1000 -10 -1 -1 -1
202 4695 Car -1 -1 -10 0.18 184.94 58.81 231.22 -1000 -1000 -1000 -10 -1 -1 -1
203 4696 Car -1 -1 -10 503.14 179.24 549.89 209.15 -1000 -1000 -1000 -10 -1 -1 -1
203 4697 Car -1 -1 -10 587.45 177.73 630.02 215.29 -1000 -1000 -1000 -10 -1 -1 -1
204 4698 Car -1 -1 -10 494.50 178.10 543.82 214.12 -1000 -1000 -1000 -10 -1 -1 -1
204 4699 Car -1 -1 -10 587.46 177.56 630.19 214.19 -1000 -1000 -1000 -10 -1 -1 -1
204 4700 Car -1 -1 -10 548.07 179.30 572.71 198.51 -1000 -1000 -1000 -10 -1 -1 -1
205 4701 Car -1 -1 -10 484.08 177.80 539.05 217.15 -1000 -1000 -1000 -10 -1 -1 -1
205 4702 Car -1 -1 -10 587.10 177.40 629.40 215.14 -1000 -1000 -1000 -10 -1 -1 -1
206 4703 Car -1 -1 -10 471.74 176.05 532.76 221.70 -1000 -1000 -1000 -10 -1 -1 -1
206 4704 Car -1 -1 -10 586.80 174.21 632.22 215.52 -1000 -1000 -1000 -10 -1 -1 -1
206 4705 Car -1 -1 -10 539.08 179.01 568.52 199.05 -1000 -1000 -1000 -10 -1 -1 -1
207 4706 Car -1 -1 -10 452.43 175.48 526.97 225.48 -1000 -1000 -1000 -10 -1 -1 -1
207 4707 Car -1 -1 -10 587.88 171.16 631.33 212.25 -1000 -1000 -1000 -10 -1 -1 -1
207 4708 Car -1 -1 -10 534.93 174.63 565.56 199.08 -1000 -1000 -1000 -10 -1 -1 -1
208 4709 Car -1 -1 -10 435.53 177.04 515.29 232.68 -1000 -1000 -1000 -10 -1 -1 -1
208 4710 Car -1 -1 -10 589.38 174.25 632.66 212.90 -1000 -1000 -1000 -10 -1 -1 -1
208 4711 Car -1 -1 -10 530.76 177.97 560.88 200.79 -1000 -1000 -1000 -10 -1 -1 -1
209 4712 Car -1 -1 -10 402.50 179.63 504.20 246.15 -1000 -1000 -1000 -10 -1 -1 -1
209 4713 Car -1 -1 -10 524.09 183.75 557.72 207.63 -1000 -1000 -1000 -10 -1 -1 -1
209 4714 Car -1 -1 -10 587.37 180.03 631.35 217.93 -1000 -1000 -1000 -10 -1 -1 -1
210 4715 Car -1 -1 -10 366.12 180.89 487.00 260.52 -1000 -1000 -1000 -10 -1 -1 -1
210 4716 Car -1 -1 -10 588.96 180.19 633.31 219.73 -1000 -1000 -1000 -10 -1 -1 -1
210 4717 Car -1 -1 -10 519.64 182.54 554.67 210.49 -1000 -1000 -1000 -10 -1 -1 -1
211 4718 Car -1 -1 -10 309.90 180.52 463.37 284.16 -1000 -1000 -1000 -10 -1 -1 -1
211 4719 Car -1 -1 -10 509.80 182.26 551.24 212.10 -1000 -1000 -1000 -10 -1 -1 -1
211 4720 Car -1 -1 -10 587.84 180.93 633.02 218.86 -1000 -1000 -1000 -10 -1 -1 -1
212 4722 Car -1 -1 -10 211.96 178.98 434.55 317.37 -1000 -1000 -1000 -10 -1 -1 -1
212 4723 Car -1 -1 -10 501.22 181.08 546.50 215.82 -1000 -1000 -1000 -10 -1 -1 -1
212 4724 Car -1 -1 -10 588.72 179.83 631.36 217.63 -1000 -1000 -1000 -10 -1 -1 -1
213 4725 Car -1 -1 -10 19.24 182.73 377.71 373.09 -1000 -1000 -1000 -10 -1 -1 -1
213 4726 Car -1 -1 -10 589.80 177.83 632.53 216.43 -1000 -1000 -1000 -10 -1 -1 -1
213 4727 Car -1 -1 -10 490.35 179.93 541.05 218.00 -1000 -1000 -1000 -10 -1 -1 -1
214 4729 Car -1 -1 -10 0.16 188.13 275.46 373.16 -1000 -1000 -1000 -10 -1 -1 -1
214 4730 Car -1 -1 -10 477.16 177.49 534.98 224.80 -1000 -1000 -1000 -10 -1 -1 -1
214 4731 Car -1 -1 -10 588.76 177.18 633.31 215.47 -1000 -1000 -1000 -10 -1 -1 -1
215 4732 Car -1 -1 -10 457.66 178.10 524.49 230.86 -1000 -1000 -1000 -10 -1 -1 -1
215 4733 Car -1 -1 -10 381.05 173.14 411.42 194.02 -1000 -1000 -1000 -10 -1 -1 -1
215 4734 Car -1 -1 -10 587.67 177.33 631.74 215.93 -1000 -1000 -1000 -10 -1 -1 -1
216 4735 Car -1 -1 -10 588.98 178.87 630.95 217.31 -1000 -1000 -1000 -10 -1 -1 -1
216 4736 Car -1 -1 -10 377.77 172.97 408.60 194.59 -1000 -1000 -1000 -10 -1 -1 -1
216 4737 Car -1 -1 -10 436.90 177.90 515.04 239.32 -1000 -1000 -1000 -10 -1 -1 -1
216 4738 Car -1 -1 -10 538.02 179.42 566.74 201.03 -1000 -1000 -1000 -10 -1 -1 -1
217 4739 Car -1 -1 -10 589.22 179.63 630.29 216.68 -1000 -1000 -1000 -10 -1 -1 -1
217 4740 Car -1 -1 -10 536.55 181.77 564.32 203.80 -1000 -1000 -1000 -10 -1 -1 -1
217 4741 Car -1 -1 -10 374.16 173.97 404.07 194.43 -1000 -1000 -1000 -10 -1 -1 -1
217 4742 Car -1 -1 -10 405.68 181.01 500.74 250.26 -1000 -1000 -1000 -10 -1 -1 -1
218 4743 Car -1 -1 -10 365.86 183.21 488.41 266.58 -1000 -1000 -1000 -10 -1 -1 -1
218 4744 Car -1 -1 -10 589.18 181.39 631.13 217.59 -1000 -1000 -1000 -10 -1 -1 -1
218 4745 Car -1 -1 -10 530.95 182.22 563.47 207.46 -1000 -1000 -1000 -10 -1 -1 -1
218 4746 Car -1 -1 -10 370.05 174.75 401.90 196.52 -1000 -1000 -1000 -10 -1 -1 -1
219 4747 Car -1 -1 -10 302.61 182.96 463.98 294.05 -1000 -1000 -1000 -10 -1 -1 -1
219 4748 Car -1 -1 -10 525.15 183.34 559.15 209.99 -1000 -1000 -1000 -10 -1 -1 -1
219 4749 Car -1 -1 -10 589.41 181.72 632.70 220.43 -1000 -1000 -1000 -10 -1 -1 -1
220 4750 Car -1 -1 -10 187.76 189.35 424.36 336.12 -1000 -1000 -1000 -10 -1 -1 -1
220 4751 Car -1 -1 -10 519.11 182.03 558.34 214.50 -1000 -1000 -1000 -10 -1 -1 -1
220 4752 Car -1 -1 -10 589.32 182.84 632.41 221.72 -1000 -1000 -1000 -10 -1 -1 -1
221 4753 Car -1 -1 -10 0.34 193.02 358.28 375.00 -1000 -1000 -1000 -10 -1 -1 -1
221 4754 Car -1 -1 -10 354.02 178.53 389.18 199.97 -1000 -1000 -1000 -10 -1 -1 -1
221 4755 Car -1 -1 -10 511.82 184.28 554.07 217.82 -1000 -1000 -1000 -10 -1 -1 -1
221 4756 Car -1 -1 -10 589.85 181.56 632.29 221.02 -1000 -1000 -1000 -10 -1 -1 -1
222 4757 Car -1 -1 -10 0.28 197.68 220.74 370.92 -1000 -1000 -1000 -10 -1 -1 -1
222 4758 Car -1 -1 -10 349.47 178.26 384.89 199.50 -1000 -1000 -1000 -10 -1 -1 -1
222 4759 Car -1 -1 -10 503.65 184.82 549.38 219.81 -1000 -1000 -1000 -10 -1 -1 -1
222 4760 Car -1 -1 -10 588.63 181.89 631.05 220.46 -1000 -1000 -1000 -10 -1 -1 -1
223 4761 Car -1 -1 -10 491.51 184.39 544.74 225.37 -1000 -1000 -1000 -10 -1 -1 -1
223 4762 Car -1 -1 -10 589.74 182.34 630.69 218.57 -1000 -1000 -1000 -10 -1 -1 -1
224 4764 Car -1 -1 -10 335.63 175.91 376.14 199.71 -1000 -1000 -1000 -10 -1 -1 -1
224 4765 Car -1 -1 -10 482.02 183.57 540.73 228.79 -1000 -1000 -1000 -10 -1 -1 -1
224 4766 Car -1 -1 -10 589.85 181.83 632.56 218.68 -1000 -1000 -1000 -10 -1 -1 -1
225 4767 Car -1 -1 -10 464.42 185.74 531.86 236.38 -1000 -1000 -1000 -10 -1 -1 -1
225 4768 Car -1 -1 -10 330.98 174.59 370.07 199.82 -1000 -1000 -1000 -10 -1 -1 -1
225 4769 Car -1 -1 -10 590.06 179.88 632.33 215.83 -1000 -1000 -1000 -10 -1 -1 -1
225 4770 Car -1 -1 -10 551.47 179.56 576.65 199.00 -1000 -1000 -1000 -10 -1 -1 -1
226 4771 Car -1 -1 -10 323.45 174.57 363.70 200.20 -1000 -1000 -1000 -10 -1 -1 -1
226 4772 Car -1 -1 -10 590.29 178.41 632.94 216.11 -1000 -1000 -1000 -10 -1 -1 -1
226 4773 Car -1 -1 -10 549.17 179.25 575.43 199.06 -1000 -1000 -1000 -10 -1 -1 -1
226 4774 Car -1 -1 -10 441.81 185.51 523.18 243.98 -1000 -1000 -1000 -10 -1 -1 -1
227 4775 Car -1 -1 -10 315.52 174.35 359.56 200.37 -1000 -1000 -1000 -10 -1 -1 -1
227 4776 Car -1 -1 -10 415.75 182.95 511.84 254.54 -1000 -1000 -1000 -10 -1 -1 -1
227 4777 Car -1 -1 -10 543.79 179.88 575.02 200.25 -1000 -1000 -1000 -10 -1 -1 -1
227 4778 Car -1 -1 -10 589.56 178.39 632.22 214.87 -1000 -1000 -1000 -10 -1 -1 -1
228 4779 Car -1 -1 -10 371.71 187.77 493.94 271.78 -1000 -1000 -1000 -10 -1 -1 -1
228 4780 Car -1 -1 -10 541.48 179.77 572.83 201.31 -1000 -1000 -1000 -10 -1 -1 -1
228 4781 Car -1 -1 -10 308.11 174.47 351.18 200.54 -1000 -1000 -1000 -10 -1 -1 -1
228 4782 Car -1 -1 -10 589.85 178.18 633.05 214.72 -1000 -1000 -1000 -10 -1 -1 -1
229 4783 Car -1 -1 -10 304.53 193.34 470.30 302.01 -1000 -1000 -1000 -10 -1 -1 -1
229 4784 Car -1 -1 -10 298.13 174.41 344.52 202.92 -1000 -1000 -1000 -10 -1 -1 -1
229 4785 Car -1 -1 -10 535.33 182.06 568.77 204.04 -1000 -1000 -1000 -10 -1 -1 -1
229 4786 Car -1 -1 -10 589.41 180.39 630.42 216.06 -1000 -1000 -1000 -10 -1 -1 -1
230 4787 Car -1 -1 -10 182.45 194.31 433.63 349.14 -1000 -1000 -1000 -10 -1 -1 -1
230 4788 Car -1 -1 -10 528.59 179.51 564.76 204.94 -1000 -1000 -1000 -10 -1 -1 -1
230 4789 Car -1 -1 -10 588.46 177.92 632.04 214.07 -1000 -1000 -1000 -10 -1 -1 -1
231 4790 Car -1 -1 -10 0.33 203.65 365.88 374.11 -1000 -1000 -1000 -10 -1 -1 -1
231 4791 Car -1 -1 -10 587.94 178.88 630.88 213.71 -1000 -1000 -1000 -10 -1 -1 -1
231 4792 Car -1 -1 -10 277.52 173.24 327.68 203.48 -1000 -1000 -1000 -10 -1 -1 -1
231 4793 Car -1 -1 -10 519.56 179.87 560.42 208.82 -1000 -1000 -1000 -10 -1 -1 -1
232 4794 Car -1 -1 -10 0.34 228.13 219.43 370.26 -1000 -1000 -1000 -10 -1 -1 -1
232 4795 Car -1 -1 -10 265.82 174.60 317.63 206.91 -1000 -1000 -1000 -10 -1 -1 -1
232 4796 Car -1 -1 -10 515.27 181.05 555.68 211.24 -1000 -1000 -1000 -10 -1 -1 -1
232 4797 Car -1 -1 -10 586.58 179.78 627.08 215.22 -1000 -1000 -1000 -10 -1 -1 -1
233 4798 Car -1 -1 -10 506.84 181.54 549.79 215.55 -1000 -1000 -1000 -10 -1 -1 -1
233 4799 Car -1 -1 -10 585.91 181.45 626.18 216.45 -1000 -1000 -1000 -10 -1 -1 -1
233 4800 Car -1 -1 -10 253.03 174.97 308.32 207.61 -1000 -1000 -1000 -10 -1 -1 -1
234 4801 Car -1 -1 -10 496.25 179.12 545.69 216.91 -1000 -1000 -1000 -10 -1 -1 -1
234 4802 Car -1 -1 -10 241.89 172.96 295.67 206.25 -1000 -1000 -1000 -10 -1 -1 -1
234 4803 Car -1 -1 -10 583.69 176.54 625.38 213.76 -1000 -1000 -1000 -10 -1 -1 -1
235 4804 Car -1 -1 -10 481.89 179.95 539.59 221.15 -1000 -1000 -1000 -10 -1 -1 -1
235 4805 Car -1 -1 -10 225.95 171.54 285.40 205.86 -1000 -1000 -1000 -10 -1 -1 -1
235 4806 Car -1 -1 -10 581.91 174.84 623.90 212.98 -1000 -1000 -1000 -10 -1 -1 -1
236 4807 Car -1 -1 -10 467.34 180.19 530.80 226.97 -1000 -1000 -1000 -10 -1 -1 -1
236 4808 Car -1 -1 -10 210.93 172.09 273.07 208.52 -1000 -1000 -1000 -10 -1 -1 -1
236 4809 Car -1 -1 -10 582.36 174.79 623.25 213.37 -1000 -1000 -1000 -10 -1 -1 -1
237 4810 Car -1 -1 -10 448.88 181.28 520.58 232.16 -1000 -1000 -1000 -10 -1 -1 -1
237 4811 Car -1 -1 -10 193.61 173.13 261.67 210.63 -1000 -1000 -1000 -10 -1 -1 -1
238 4812 Car -1 -1 -10 417.85 181.19 510.15 241.35 -1000 -1000 -1000 -10 -1 -1 -1
238 4813 Car -1 -1 -10 176.69 172.63 248.96 212.70 -1000 -1000 -1000 -10 -1 -1 -1
238 4814 Car -1 -1 -10 582.12 174.66 622.45 213.30 -1000 -1000 -1000 -10 -1 -1 -1
239 4815 Car -1 -1 -10 387.69 180.34 495.60 256.71 -1000 -1000 -1000 -10 -1 -1 -1
239 4816 Car -1 -1 -10 156.78 173.03 235.66 213.82 -1000 -1000 -1000 -10 -1 -1 -1
239 4817 Car -1 -1 -10 528.15 152.52 572.31 199.65 -1000 -1000 -1000 -10 -1 -1 -1
240 4818 Car -1 -1 -10 332.34 182.19 473.22 274.35 -1000 -1000 -1000 -10 -1 -1 -1
240 4819 Car -1 -1 -10 138.30 173.30 221.05 216.49 -1000 -1000 -1000 -10 -1 -1 -1
241 4820 Car -1 -1 -10 242.14 183.59 443.99 310.54 -1000 -1000 -1000 -10 -1 -1 -1
241 4821 Car -1 -1 -10 115.93 173.41 204.00 218.25 -1000 -1000 -1000 -10 -1 -1 -1
241 4822 Car -1 -1 -10 519.19 154.99 567.55 202.05 -1000 -1000 -1000 -10 -1 -1 -1
242 4823 Car -1 -1 -10 81.66 188.70 396.74 368.07 -1000 -1000 -1000 -10 -1 -1 -1
242 4824 Car -1 -1 -10 91.33 174.69 187.71 222.23 -1000 -1000 -1000 -10 -1 -1 -1
242 4825 Car -1 -1 -10 512.50 153.30 566.04 203.28 -1000 -1000 -1000 -10 -1 -1 -1
243 4826 Car -1 -1 -10 0.06 193.16 304.90 373.23 -1000 -1000 -1000 -10 -1 -1 -1
243 4827 Car -1 -1 -10 507.08 149.75 562.37 207.26 -1000 -1000 -1000 -10 -1 -1 -1
244 4828 Car -1 -1 -10 34.32 174.63 144.31 226.80 -1000 -1000 -1000 -10 -1 -1 -1
244 4829 Car -1 -1 -10 500.54 148.67 559.35 208.73 -1000 -1000 -1000 -10 -1 -1 -1
244 4830 Car -1 -1 -10 0.12 252.32 81.44 373.62 -1000 -1000 -1000 -10 -1 -1 -1
244 4831 Car -1 -1 -10 382.46 180.68 410.95 197.32 -1000 -1000 -1000 -10 -1 -1 -1
244 4832 Car -1 -1 -10 585.31 174.59 620.92 212.43 -1000 -1000 -1000 -10 -1 -1 -1
245 4833 Car -1 -1 -10 493.99 145.12 556.53 212.51 -1000 -1000 -1000 -10 -1 -1 -1
245 4834 Car -1 -1 -10 586.51 175.09 620.54 212.69 -1000 -1000 -1000 -10 -1 -1 -1
245 4835 Car -1 -1 -10 376.22 180.81 406.86 197.44 -1000 -1000 -1000 -10 -1 -1 -1
246 4836 Car -1 -1 -10 480.34 147.22 553.49 216.49 -1000 -1000 -1000 -10 -1 -1 -1
246 4838 Car -1 -1 -10 582.80 175.88 621.08 212.61 -1000 -1000 -1000 -10 -1 -1 -1
246 4839 Car -1 -1 -10 371.61 179.89 402.31 197.10 -1000 -1000 -1000 -10 -1 -1 -1
247 4840 Car -1 -1 -10 466.33 137.08 548.33 219.73 -1000 -1000 -1000 -10 -1 -1 -1
247 4841 Car -1 -1 -10 367.06 180.60 396.14 197.41 -1000 -1000 -1000 -10 -1 -1 -1
247 4843 Car -1 -1 -10 580.12 177.46 621.18 213.55 -1000 -1000 -1000 -10 -1 -1 -1
248 4844 Car -1 -1 -10 360.47 181.46 392.48 198.83 -1000 -1000 -1000 -10 -1 -1 -1
248 4845 Car -1 -1 -10 451.06 131.70 548.55 225.75 -1000 -1000 -1000 -10 -1 -1 -1
248 4846 Car -1 -1 -10 581.68 181.69 621.25 214.35 -1000 -1000 -1000 -10 -1 -1 -1
249 4847 Car -1 -1 -10 355.35 182.78 386.55 199.78 -1000 -1000 -1000 -10 -1 -1 -1
249 4848 Car -1 -1 -10 582.99 180.60 620.72 216.04 -1000 -1000 -1000 -10 -1 -1 -1
249 4849 Car -1 -1 -10 544.57 180.80 576.32 200.67 -1000 -1000 -1000 -10 -1 -1 -1
249 4850 Car -1 -1 -10 418.00 128.25 539.53 234.54 -1000 -1000 -1000 -10 -1 -1 -1
250 4851 Car -1 -1 -10 400.88 120.49 526.49 242.45 -1000 -1000 -1000 -10 -1 -1 -1
250 4852 Car -1 -1 -10 581.41 180.90 620.59 214.93 -1000 -1000 -1000 -10 -1 -1 -1
250 4853 Car -1 -1 -10 542.66 182.58 572.41 202.77 -1000 -1000 -1000 -10 -1 -1 -1
250 4854 Car -1 -1 -10 348.81 182.50 380.44 200.91 -1000 -1000 -1000 -10 -1 -1 -1
251 4855 Car -1 -1 -10 363.39 111.26 526.67 253.69 -1000 -1000 -1000 -10 -1 -1 -1
251 4856 Car -1 -1 -10 581.29 180.82 620.67 213.85 -1000 -1000 -1000 -10 -1 -1 -1
251 4857 Car -1 -1 -10 538.17 182.27 569.12 201.12 -1000 -1000 -1000 -10 -1 -1 -1
251 4858 Car -1 -1 -10 342.03 181.80 370.29 201.07 -1000 -1000 -1000 -10 -1 -1 -1
252 4859 Car -1 -1 -10 535.10 182.11 564.88 201.72 -1000 -1000 -1000 -10 -1 -1 -1
252 4860 Car -1 -1 -10 303.71 94.03 516.33 273.32 -1000 -1000 -1000 -10 -1 -1 -1
252 4862 Car -1 -1 -10 581.23 180.23 620.49 214.04 -1000 -1000 -1000 -10 -1 -1 -1
253 4863 Car -1 -1 -10 210.68 71.96 498.64 298.20 -1000 -1000 -1000 -10 -1 -1 -1
253 4864 Car -1 -1 -10 530.99 182.30 565.89 202.68 -1000 -1000 -1000 -10 -1 -1 -1
253 4865 Car -1 -1 -10 582.92 178.15 620.93 212.69 -1000 -1000 -1000 -10 -1 -1 -1
254 4866 Car -1 -1 -10 34.53 34.70 479.94 343.23 -1000 -1000 -1000 -10 -1 -1 -1
254 4867 Car -1 -1 -10 526.55 182.80 561.18 204.91 -1000 -1000 -1000 -10 -1 -1 -1
254 4868 Car -1 -1 -10 581.00 179.11 620.45 212.59 -1000 -1000 -1000 -10 -1 -1 -1
255 4869 Car -1 -1 -10 0.00 0.57 448.45 373.98 -1000 -1000 -1000 -10 -1 -1 -1
255 4870 Car -1 -1 -10 520.45 181.49 561.90 208.88 -1000 -1000 -1000 -10 -1 -1 -1
255 4871 Car -1 -1 -10 579.70 178.03 621.44 213.16 -1000 -1000 -1000 -10 -1 -1 -1
256 4872 Car -1 -1 -10 0.51 1.80 394.56 372.64 -1000 -1000 -1000 -10 -1 -1 -1
256 4873 Car -1 -1 -10 514.37 183.44 554.68 210.24 -1000 -1000 -1000 -10 -1 -1 -1
256 4874 Car -1 -1 -10 582.59 179.77 620.59 213.85 -1000 -1000 -1000 -10 -1 -1 -1
257 4875 Car -1 -1 -10 293.95 184.89 332.48 208.37 -1000 -1000 -1000 -10 -1 -1 -1
257 4876 Car -1 -1 -10 508.64 181.62 547.99 212.45 -1000 -1000 -1000 -10 -1 -1 -1
257 4877 Car -1 -1 -10 582.43 179.30 621.49 213.61 -1000 -1000 -1000 -10 -1 -1 -1
258 4878 Car -1 -1 -10 283.96 180.75 327.12 204.68 -1000 -1000 -1000 -10 -1 -1 -1
258 4879 Car -1 -1 -10 585.56 173.29 620.93 208.04 -1000 -1000 -1000 -10 -1 -1 -1
258 4880 Car -1 -1 -10 499.28 180.29 545.40 211.39 -1000 -1000 -1000 -10 -1 -1 -1
259 4881 Car -1 -1 -10 271.91 179.25 320.22 203.89 -1000 -1000 -1000 -10 -1 -1 -1
259 4882 Car -1 -1 -10 583.91 172.11 620.64 207.94 -1000 -1000 -1000 -10 -1 -1 -1
259 4883 Car -1 -1 -10 489.75 178.12 542.42 214.64 -1000 -1000 -1000 -10 -1 -1 -1
260 4884 Car -1 -1 -10 481.10 180.73 535.29 221.56 -1000 -1000 -1000 -10 -1 -1 -1
260 4885 Car -1 -1 -10 261.05 180.36 311.12 209.52 -1000 -1000 -1000 -10 -1 -1 -1
260 4886 Car -1 -1 -10 586.12 173.56 620.39 210.07 -1000 -1000 -1000 -10 -1 -1 -1
261 4887 Car -1 -1 -10 464.49 180.06 529.58 228.65 -1000 -1000 -1000 -10 -1 -1 -1
261 4888 Car -1 -1 -10 524.94 183.56 556.24 204.52 -1000 -1000 -1000 -10 -1 -1 -1
261 4889 Car -1 -1 -10 248.40 180.55 299.23 209.99 -1000 -1000 -1000 -10 -1 -1 -1
261 4890 Car -1 -1 -10 586.52 175.63 621.72 212.04 -1000 -1000 -1000 -10 -1 -1 -1
262 4891 Car -1 -1 -10 520.98 183.80 553.42 204.90 -1000 -1000 -1000 -10 -1 -1 -1
262 4892 Car -1 -1 -10 234.53 179.85 288.53 208.87 -1000 -1000 -1000 -10 -1 -1 -1
262 4893 Car -1 -1 -10 446.63 180.71 520.11 233.45 -1000 -1000 -1000 -10 -1 -1 -1
262 4894 Car -1 -1 -10 586.96 174.94 621.21 210.06 -1000 -1000 -1000 -10 -1 -1 -1
263 4895 Car -1 -1 -10 511.35 180.70 551.98 205.78 -1000 -1000 -1000 -10 -1 -1 -1
263 4896 Car -1 -1 -10 219.85 178.53 276.72 207.40 -1000 -1000 -1000 -10 -1 -1 -1
263 4897 Car -1 -1 -10 419.67 178.49 509.95 242.55 -1000 -1000 -1000 -10 -1 -1 -1
263 4898 Car -1 -1 -10 586.19 173.43 621.60 208.71 -1000 -1000 -1000 -10 -1 -1 -1
264 4899 Car -1 -1 -10 384.05 178.61 496.01 253.90 -1000 -1000 -1000 -10 -1 -1 -1
264 4900 Car -1 -1 -10 506.57 178.50 546.74 206.25 -1000 -1000 -1000 -10 -1 -1 -1
264 4901 Car -1 -1 -10 202.30 177.29 264.26 205.91 -1000 -1000 -1000 -10 -1 -1 -1
264 4902 Car -1 -1 -10 584.50 172.06 621.14 208.46 -1000 -1000 -1000 -10 -1 -1 -1
265 4903 Car -1 -1 -10 326.32 178.73 476.24 272.94 -1000 -1000 -1000 -10 -1 -1 -1
265 4904 Car -1 -1 -10 496.67 179.91 541.87 210.68 -1000 -1000 -1000 -10 -1 -1 -1
265 4905 Car -1 -1 -10 185.74 177.83 251.04 208.28 -1000 -1000 -1000 -10 -1 -1 -1
265 4906 Car -1 -1 -10 582.47 173.54 620.85 209.09 -1000 -1000 -1000 -10 -1 -1 -1
265 4907 Car -1 -1 -10 539.30 174.46 565.56 195.09 -1000 -1000 -1000 -10 -1 -1 -1
266 4908 Car -1 -1 -10 242.02 179.98 448.10 305.08 -1000 -1000 -1000 -10 -1 -1 -1
266 4909 Car -1 -1 -10 482.70 179.44 536.04 215.18 -1000 -1000 -1000 -10 -1 -1 -1
266 4910 Car -1 -1 -10 582.42 173.23 620.67 209.23 -1000 -1000 -1000 -10 -1 -1 -1
266 4911 Car -1 -1 -10 164.50 178.65 234.40 211.71 -1000 -1000 -1000 -10 -1 -1 -1
266 4912 Car -1 -1 -10 532.07 173.35 566.43 197.77 -1000 -1000 -1000 -10 -1 -1 -1
267 4913 Car -1 -1 -10 79.64 179.07 404.40 368.75 -1000 -1000 -1000 -10 -1 -1 -1
267 4914 Car -1 -1 -10 474.32 179.78 529.74 218.53 -1000 -1000 -1000 -10 -1 -1 -1
267 4915 Car -1 -1 -10 579.99 174.35 619.96 209.42 -1000 -1000 -1000 -10 -1 -1 -1
267 4916 Car -1 -1 -10 142.52 181.19 218.45 215.46 -1000 -1000 -1000 -10 -1 -1 -1
267 4917 Car -1 -1 -10 527.09 171.00 558.92 199.26 -1000 -1000 -1000 -10 -1 -1 -1
267 4918 Car -1 -1 -10 556.62 174.04 576.74 190.30 -1000 -1000 -1000 -10 -1 -1 -1
268 4919 Car -1 -1 -10 0.66 196.57 332.22 374.24 -1000 -1000 -1000 -10 -1 -1 -1
268 4920 Car -1 -1 -10 455.13 180.57 519.07 225.02 -1000 -1000 -1000 -10 -1 -1 -1
268 4921 Car -1 -1 -10 579.80 174.56 620.28 209.60 -1000 -1000 -1000 -10 -1 -1 -1
268 4922 Car -1 -1 -10 522.44 176.35 557.19 200.33 -1000 -1000 -1000 -10 -1 -1 -1
269 4923 Car -1 -1 -10 0.36 213.56 176.08 373.85 -1000 -1000 -1000 -10 -1 -1 -1
269 4924 Car -1 -1 -10 580.12 175.32 619.47 209.05 -1000 -1000 -1000 -10 -1 -1 -1
269 4925 Car -1 -1 -10 93.59 180.13 178.47 217.32 -1000 -1000 -1000 -10 -1 -1 -1
269 4926 Car -1 -1 -10 438.96 179.42 508.81 229.17 -1000 -1000 -1000 -10 -1 -1 -1
269 4927 Car -1 -1 -10 287.43 178.94 327.63 198.51 -1000 -1000 -1000 -10 -1 -1 -1
270 4928 Car -1 -1 -10 511.43 171.76 550.59 205.07 -1000 -1000 -1000 -10 -1 -1 -1
270 4929 Car -1 -1 -10 412.02 181.50 501.31 239.21 -1000 -1000 -1000 -10 -1 -1 -1
270 4930 Car -1 -1 -10 68.44 180.68 159.00 219.29 -1000 -1000 -1000 -10 -1 -1 -1
270 4931 Car -1 -1 -10 278.89 178.80 311.56 198.85 -1000 -1000 -1000 -10 -1 -1 -1
270 4932 Car -1 -1 -10 582.51 174.39 622.22 208.96 -1000 -1000 -1000 -10 -1 -1 -1
271 4933 Car -1 -1 -10 380.33 183.19 489.09 250.40 -1000 -1000 -1000 -10 -1 -1 -1
271 4934 Car -1 -1 -10 36.22 183.10 137.23 223.63 -1000 -1000 -1000 -10 -1 -1 -1
271 4935 Car -1 -1 -10 583.67 174.51 621.54 209.14 -1000 -1000 -1000 -10 -1 -1 -1
271 4936 Car -1 -1 -10 268.41 179.30 305.30 199.57 -1000 -1000 -1000 -10 -1 -1 -1
272 4937 Car -1 -1 -10 333.99 185.07 469.94 265.64 -1000 -1000 -1000 -10 -1 -1 -1
272 4938 Car -1 -1 -10 3.67 185.12 112.99 226.92 -1000 -1000 -1000 -10 -1 -1 -1
272 4939 Car -1 -1 -10 496.65 171.39 542.80 211.07 -1000 -1000 -1000 -10 -1 -1 -1
272 4940 Car -1 -1 -10 255.77 179.04 293.69 201.79 -1000 -1000 -1000 -10 -1 -1 -1
272 4941 Car -1 -1 -10 584.41 172.76 623.32 209.49 -1000 -1000 -1000 -10 -1 -1 -1
272 4942 Pedestrian -1 -1 -10 670.58 183.04 682.34 211.05 -1000 -1000 -1000 -10 -1 -1 -1
272 4943 Car -1 -1 -10 542.94 175.62 569.77 195.38 -1000 -1000 -1000 -10 -1 -1 -1
273 4944 Car -1 -1 -10 257.85 187.23 444.35 295.70 -1000 -1000 -1000 -10 -1 -1 -1
273 4945 Car -1 -1 -10 0.03 185.31 83.92 229.34 -1000 -1000 -1000 -10 -1 -1 -1
273 4946 Car -1 -1 -10 585.25 172.10 624.02 209.66 -1000 -1000 -1000 -10 -1 -1 -1
273 4947 Car -1 -1 -10 487.68 171.26 538.98 214.42 -1000 -1000 -1000 -10 -1 -1 -1
273 4948 Car -1 -1 -10 540.69 176.97 569.31 196.75 -1000 -1000 -1000 -10 -1 -1 -1
273 4949 Car -1 -1 -10 243.92 178.84 290.25 202.11 -1000 -1000 -1000 -10 -1 -1 -1
274 4950 Car -1 -1 -10 126.12 185.34 404.67 345.20 -1000 -1000 -1000 -10 -1 -1 -1
274 4951 Car -1 -1 -10 0.00 185.60 52.14 229.69 -1000 -1000 -1000 -10 -1 -1 -1
274 4952 Car -1 -1 -10 474.02 171.87 532.96 219.23 -1000 -1000 -1000 -10 -1 -1 -1
274 4953 Car -1 -1 -10 536.91 179.68 567.94 199.22 -1000 -1000 -1000 -10 -1 -1 -1
274 4954 Car -1 -1 -10 585.28 172.21 624.74 209.46 -1000 -1000 -1000 -10 -1 -1 -1
275 4955 Car -1 -1 -10 0.30 193.72 338.81 375.00 -1000 -1000 -1000 -10 -1 -1 -1
275 4956 Car -1 -1 -10 533.63 179.68 565.30 201.83 -1000 -1000 -1000 -10 -1 -1 -1
275 4957 Car -1 -1 -10 460.50 173.68 526.65 225.33 -1000 -1000 -1000 -10 -1 -1 -1
275 4958 Car -1 -1 -10 585.49 173.91 624.77 209.92 -1000 -1000 -1000 -10 -1 -1 -1
276 4959 Car -1 -1 -10 0.26 208.85 211.26 374.91 -1000 -1000 -1000 -10 -1 -1 -1
276 4960 Car -1 -1 -10 528.60 179.53 560.95 200.04 -1000 -1000 -1000 -10 -1 -1 -1
276 4961 Car -1 -1 -10 199.91 180.22 259.37 210.21 -1000 -1000 -1000 -10 -1 -1 -1
276 4962 Car -1 -1 -10 439.34 172.76 516.04 230.70 -1000 -1000 -1000 -10 -1 -1 -1
276 4963 Car -1 -1 -10 585.66 174.87 627.59 210.57 -1000 -1000 -1000 -10 -1 -1 -1
277 4964 Car -1 -1 -10 524.40 179.39 559.07 201.88 -1000 -1000 -1000 -10 -1 -1 -1
277 4965 Car -1 -1 -10 416.60 171.80 508.24 241.08 -1000 -1000 -1000 -10 -1 -1 -1
277 4966 Car -1 -1 -10 182.72 180.16 220.19 209.88 -1000 -1000 -1000 -10 -1 -1 -1
277 4967 Car -1 -1 -10 586.55 174.52 625.64 210.09 -1000 -1000 -1000 -10 -1 -1 -1
278 4968 Car -1 -1 -10 517.14 179.73 555.67 205.21 -1000 -1000 -1000 -10 -1 -1 -1
278 4969 Car -1 -1 -10 382.94 170.90 495.38 254.43 -1000 -1000 -1000 -10 -1 -1 -1
278 4970 Car -1 -1 -10 586.99 173.42 625.35 210.40 -1000 -1000 -1000 -10 -1 -1 -1
278 4971 Car -1 -1 -10 161.64 180.53 228.05 211.44 -1000 -1000 -1000 -10 -1 -1 -1
279 4972 Car -1 -1 -10 511.85 180.26 551.66 207.28 -1000 -1000 -1000 -10 -1 -1 -1
279 4973 Car -1 -1 -10 140.99 179.89 216.48 213.55 -1000 -1000 -1000 -10 -1 -1 -1
279 4974 Car -1 -1 -10 331.57 168.00 475.77 271.37 -1000 -1000 -1000 -10 -1 -1 -1
279 4975 Car -1 -1 -10 211.53 185.00 241.09 206.95 -1000 -1000 -1000 -10 -1 -1 -1
279 4976 Car -1 -1 -10 587.67 172.36 625.74 210.16 -1000 -1000 -1000 -10 -1 -1 -1
280 4977 Car -1 -1 -10 253.87 168.06 449.04 300.34 -1000 -1000 -1000 -10 -1 -1 -1
280 4978 Car -1 -1 -10 504.99 180.12 547.57 209.08 -1000 -1000 -1000 -10 -1 -1 -1
280 4979 Car -1 -1 -10 194.13 186.40 227.18 209.10 -1000 -1000 -1000 -10 -1 -1 -1
280 4980 Car -1 -1 -10 116.76 180.70 185.06 215.78 -1000 -1000 -1000 -10 -1 -1 -1
280 4981 Car -1 -1 -10 587.42 173.71 625.12 209.96 -1000 -1000 -1000 -10 -1 -1 -1
281 4982 Car -1 -1 -10 107.95 167.64 406.49 346.88 -1000 -1000 -1000 -10 -1 -1 -1
281 4983 Car -1 -1 -10 91.24 180.60 181.93 219.01 -1000 -1000 -1000 -10 -1 -1 -1
281 4984 Car -1 -1 -10 493.95 180.16 543.46 213.84 -1000 -1000 -1000 -10 -1 -1 -1
281 4985 Car -1 -1 -10 587.19 174.92 625.02 208.96 -1000 -1000 -1000 -10 -1 -1 -1
282 4986 Car -1 -1 -10 0.06 161.08 334.54 374.06 -1000 -1000 -1000 -10 -1 -1 -1
282 4987 Car -1 -1 -10 484.27 181.47 537.85 218.49 -1000 -1000 -1000 -10 -1 -1 -1
282 4988 Car -1 -1 -10 588.28 173.67 625.94 208.99 -1000 -1000 -1000 -10 -1 -1 -1
283 4989 Car -1 -1 -10 0.49 153.22 178.78 371.63 -1000 -1000 -1000 -10 -1 -1 -1
283 4990 Car -1 -1 -10 466.99 180.55 532.78 225.12 -1000 -1000 -1000 -10 -1 -1 -1
284 4991 Car -1 -1 -10 451.47 183.08 523.42 227.87 -1000 -1000 -1000 -10 -1 -1 -1
284 4992 Car -1 -1 -10 0.58 182.01 102.92 224.68 -1000 -1000 -1000 -10 -1 -1 -1
284 4993 Car -1 -1 -10 589.37 175.28 627.05 209.37 -1000 -1000 -1000 -10 -1 -1 -1
285 4994 Car -1 -1 -10 0.04 184.43 69.69 227.75 -1000 -1000 -1000 -10 -1 -1 -1
285 4995 Car -1 -1 -10 427.09 183.83 509.12 239.04 -1000 -1000 -1000 -10 -1 -1 -1
286 4996 Car -1 -1 -10 398.41 185.30 500.91 249.72 -1000 -1000 -1000 -10 -1 -1 -1
286 4997 Car -1 -1 -10 0.00 189.37 38.81 228.15 -1000 -1000 -1000 -10 -1 -1 -1
286 4998 Car -1 -1 -10 87.00 180.74 150.66 219.58 -1000 -1000 -1000 -10 -1 -1 -1
286 4999 Car -1 -1 -10 589.43 174.28 628.39 209.05 -1000 -1000 -1000 -10 -1 -1 -1
287 5000 Car -1 -1 -10 354.78 185.86 483.42 265.10 -1000 -1000 -1000 -10 -1 -1 -1
287 5001 Car -1 -1 -10 4.19 180.37 118.30 224.03 -1000 -1000 -1000 -10 -1 -1 -1
287 5002 Car -1 -1 -10 590.14 171.39 628.67 208.96 -1000 -1000 -1000 -10 -1 -1 -1
288 5003 Car -1 -1 -10 289.42 185.29 459.84 289.12 -1000 -1000 -1000 -10 -1 -1 -1
288 5004 Car -1 -1 -10 0.48 181.06 78.38 227.42 -1000 -1000 -1000 -10 -1 -1 -1
288 5005 Car -1 -1 -10 590.40 171.34 631.00 208.78 -1000 -1000 -1000 -10 -1 -1 -1
289 5006 Car -1 -1 -10 176.20 189.88 425.16 326.97 -1000 -1000 -1000 -10 -1 -1 -1
289 5007 Car -1 -1 -10 590.00 171.83 629.64 208.60 -1000 -1000 -1000 -10 -1 -1 -1
290 5008 Car -1 -1 -10 0.70 193.94 368.60 375.00 -1000 -1000 -1000 -10 -1 -1 -1
290 5009 Car -1 -1 -10 590.24 171.42 629.68 209.07 -1000 -1000 -1000 -10 -1 -1 -1
290 5010 Car -1 -1 -10 5.45 180.67 47.68 230.20 -1000 -1000 -1000 -10 -1 -1 -1
291 5011 Car -1 -1 -10 0.00 207.38 268.46 375.00 -1000 -1000 -1000 -10 -1 -1 -1
291 5012 Car -1 -1 -10 589.91 171.19 629.93 208.67 -1000 -1000 -1000 -10 -1 -1 -1
292 5013 Car -1 -1 -10 589.96 171.34 630.11 208.73 -1000 -1000 -1000 -10 -1 -1 -1
293 5014 Car -1 -1 -10 590.76 171.40 630.81 209.29 -1000 -1000 -1000 -10 -1 -1 -1
294 5015 Car -1 -1 -10 590.89 172.75 633.34 211.50 -1000 -1000 -1000 -10 -1 -1 -1
295 5016 Car -1 -1 -10 591.11 172.50 633.46 211.72 -1000 -1000 -1000 -10 -1 -1 -1
296 5017 Car -1 -1 -10 590.64 172.43 631.12 211.29 -1000 -1000 -1000 -10 -1 -1 -1
