0 5018 Car -1 -1 -10 288.16 217.41 383.18 288.36 -1000 -1000 -1000 -10 -1 -1 -1
0 5020 Car -1 -1 -10 290.62 186.92 522.34 279.07 -1000 -1000 -1000 -10 -1 -1 -1
1 5022 Car -1 -1 -10 219.43 189.12 478.04 297.16 -1000 -1000 -1000 -10 -1 -1 -1
2 5025 Car -1 -1 -10 138.41 188.49 429.27 309.86 -1000 -1000 -1000 -10 -1 -1 -1
3 5028 Car -1 -1 -10 42.50 190.26 340.33 325.58 -1000 -1000 -1000 -10 -1 -1 -1
4 5031 Car -1 -1 -10 0.24 190.97 308.31 343.30 -1000 -1000 -1000 -10 -1 -1 -1
5 5034 Car -1 -1 -10 0.22 195.66 236.52 342.41 -1000 -1000 -1000 -10 -1 -1 -1
6 5037 Car -1 -1 -10 0.24 200.13 147.18 339.37 -1000 -1000 -1000 -10 -1 -1 -1
27 5082 Car -1 -1 -10 733.37 174.58 785.26 198.88 -1000 -1000 -1000 -10 -1 -1 -1
32 5092 Car -1 -1 -10 699.72 175.25 738.36 195.12 -1000 -1000 -1000 -10 -1 -1 -1
33 5094 Car -1 -1 -10 694.55 174.61 731.35 193.79 -1000 -1000 -1000 -10 -1 -1 -1
36 5101 Pedestrian -1 -1 -10 1128.41 180.01 1149.70 235.60 -1000 -1000 -1000 -10 -1 -1 -1
37 5102 Car -1 -1 -10 1082.44 244.25 1241.22 373.74 -1000 -1000 -1000 -10 -1 -1 -1
38 5105 Car -1 -1 -10 1017.06 213.92 1241.42 370.64 -1000 -1000 -1000 -10 -1 -1 -1
39 5107 Car -1 -1 -10 964.61 205.86 1241.61 370.03 -1000 -1000 -1000 -10 -1 -1 -1
40 5109 Car -1 -1 -10 921.73 201.84 1241.65 374.17 -1000 -1000 -1000 -10 -1 -1 -1
41 5111 Car -1 -1 -10 888.02 199.13 1241.57 375.00 -1000 -1000 -1000 -10 -1 -1 -1
42 5113 Car -1 -1 -10 858.68 193.11 1175.29 362.92 -1000 -1000 -1000 -10 -1 -1 -1
42 5115 Car -1 -1 -10 1183.52 230.17 1241.68 320.80 -1000 -1000 -1000 -10 -1 -1 -1
43 5116 Car -1 -1 -10 835.64 190.76 1102.18 341.12 -1000 -1000 -1000 -10 -1 -1 -1
43 5117 Car -1 -1 -10 1139.68 205.54 1241.37 310.06 -1000 -1000 -1000 -10 -1 -1 -1
44 5119 Car -1 -1 -10 815.49 190.55 1044.92 325.53 -1000 -1000 -1000 -10 -1 -1 -1
44 5120 Car -1 -1 -10 1098.46 194.84 1241.78 301.95 -1000 -1000 -1000 -10 -1 -1 -1
45 5122 Car -1 -1 -10 799.17 188.87 1000.52 308.93 -1000 -1000 -1000 -10 -1 -1 -1
45 5123 Car -1 -1 -10 1063.60 190.28 1241.20 314.50 -1000 -1000 -1000 -10 -1 -1 -1
46 5125 Car -1 -1 -10 1032.12 188.52 1242.00 300.99 -1000 -1000 -1000 -10 -1 -1 -1
46 5126 Car -1 -1 -10 786.07 188.37 962.06 297.46 -1000 -1000 -1000 -10 -1 -1 -1
47 5128 Car -1 -1 -10 1001.04 186.80 1240.44 292.23 -1000 -1000 -1000 -10 -1 -1 -1
47 5129 Car -1 -1 -10 773.82 187.80 929.88 286.59 -1000 -1000 -1000 -10 -1 -1 -1
48 5131 Car -1 -1 -10 976.26 185.67 1190.00 281.22 -1000 -1000 -1000 -10 -1 -1 -1
48 5132 Car -1 -1 -10 758.79 187.63 903.38 277.41 -1000 -1000 -1000 -10 -1 -1 -1
49 5134 Car -1 -1 -10 950.95 184.62 1142.07 272.16 -1000 -1000 -1000 -10 -1 -1 -1
49 5135 Car -1 -1 -10 749.77 186.60 877.95 269.82 -1000 -1000 -1000 -10 -1 -1 -1
50 5137 Car -1 -1 -10 930.88 182.13 1102.08 264.06 -1000 -1000 -1000 -10 -1 -1 -1
50 5138 Car -1 -1 -10 742.13 184.03 857.47 261.80 -1000 -1000 -1000 -10 -1 -1 -1
50 5140 Car -1 -1 -10 646.23 175.18 668.13 189.13 -1000 -1000 -1000 -10 -1 -1 -1
50 5142 Pedestrian -1 -1 -10 1128.25 180.39 1149.56 236.14 -1000 -1000 -1000 -10 -1 -1 -1
51 5143 Car -1 -1 -10 911.00 181.82 1067.04 258.71 -1000 -1000 -1000 -10 -1 -1 -1
51 5144 Car -1 -1 -10 728.45 183.49 840.07 255.96 -1000 -1000 -1000 -10 -1 -1 -1
52 5147 Car -1 -1 -10 721.46 182.65 822.56 250.44 -1000 -1000 -1000 -10 -1 -1 -1
52 5148 Car -1 -1 -10 893.89 180.49 1036.50 252.06 -1000 -1000 -1000 -10 -1 -1 -1
53 5151 Car -1 -1 -10 715.16 181.03 807.51 245.31 -1000 -1000 -1000 -10 -1 -1 -1
53 5155 Car -1 -1 -10 875.71 179.79 1008.72 248.52 -1000 -1000 -1000 -10 -1 -1 -1
53 5157 Car -1 -1 -10 876.05 180.31 1008.71 248.44 -1000 -1000 -1000 -10 -1 -1 -1
53 5158 Car -1 -1 -10 875.93 180.82 1009.02 248.18 -1000 -1000 -1000 -10 -1 -1 -1
53 5160 Car -1 -1 -10 876.44 181.05 1009.17 248.29 -1000 -1000 -1000 -10 -1 -1 -1
53 5161 Car -1 -1 -10 875.67 180.96 1008.92 247.73 -1000 -1000 -1000 -10 -1 -1 -1
53 5162 Car -1 -1 -10 876.33 180.88 1009.20 247.57 -1000 -1000 -1000 -10 -1 -1 -1
53 5163 Car -1 -1 -10 872.68 179.85 1008.76 248.43 -1000 -1000 -1000 -10 -1 -1 -1
53 5164 Car -1 -1 -10 875.06 179.54 1008.71 248.72 -1000 -1000 -1000 -10 -1 -1 -1
54 5169 Car -1 -1 -10 862.49 182.19 983.10 243.20 -1000 -1000 -1000 -10 -1 -1 -1
54 5170 Car -1 -1 -10 708.59 180.69 793.31 241.15 -1000 -1000 -1000 -10 -1 -1 -1
54 5172 Car -1 -1 -10 1159.51 230.81 1241.34 313.90 -1000 -1000 -1000 -10 -1 -1 -1
55 5174 Car -1 -1 -10 851.33 180.46 962.45 240.11 -1000 -1000 -1000 -10 -1 -1 -1
55 5175 Car -1 -1 -10 702.98 179.92 784.30 237.05 -1000 -1000 -1000 -10 -1 -1 -1
55 5176 Car -1 -1 -10 1117.87 204.28 1241.37 311.26 -1000 -1000 -1000 -10 -1 -1 -1
56 5179 Car -1 -1 -10 1077.87 191.78 1241.46 314.39 -1000 -1000 -1000 -10 -1 -1 -1
56 5180 Car -1 -1 -10 698.84 179.45 772.56 233.63 -1000 -1000 -1000 -10 -1 -1 -1
56 5181 Car -1 -1 -10 837.14 179.78 938.43 235.14 -1000 -1000 -1000 -10 -1 -1 -1
57 5183 Car -1 -1 -10 1045.93 190.63 1240.89 302.83 -1000 -1000 -1000 -10 -1 -1 -1
57 5184 Car -1 -1 -10 827.37 179.46 926.96 233.30 -1000 -1000 -1000 -10 -1 -1 -1
57 5186 Car -1 -1 -10 689.56 179.18 762.45 229.13 -1000 -1000 -1000 -10 -1 -1 -1
57 5187 Car -1 -1 -10 1024.06 274.75 1241.35 373.08 -1000 -1000 -1000 -10 -1 -1 -1
58 5188 Car -1 -1 -10 1014.09 186.15 1241.64 280.96 -1000 -1000 -1000 -10 -1 -1 -1
58 5189 Car -1 -1 -10 971.62 237.08 1241.73 371.84 -1000 -1000 -1000 -10 -1 -1 -1
58 5190 Car -1 -1 -10 816.29 178.09 910.68 230.21 -1000 -1000 -1000 -10 -1 -1 -1
58 5191 Car -1 -1 -10 685.32 178.95 753.45 226.93 -1000 -1000 -1000 -10 -1 -1 -1
59 5193 Car -1 -1 -10 925.33 219.64 1241.25 374.28 -1000 -1000 -1000 -10 -1 -1 -1
59 5194 Car -1 -1 -10 807.42 178.20 892.13 226.81 -1000 -1000 -1000 -10 -1 -1 -1
59 5195 Car -1 -1 -10 681.99 179.51 743.52 224.02 -1000 -1000 -1000 -10 -1 -1 -1
59 5197 Car -1 -1 -10 990.67 185.13 1241.24 258.52 -1000 -1000 -1000 -10 -1 -1 -1
60 5198 Car -1 -1 -10 888.85 210.21 1241.70 371.37 -1000 -1000 -1000 -10 -1 -1 -1
60 5199 Car -1 -1 -10 798.05 177.09 878.82 225.38 -1000 -1000 -1000 -10 -1 -1 -1
60 5201 Car -1 -1 -10 677.50 180.48 736.35 221.58 -1000 -1000 -1000 -10 -1 -1 -1
60 5202 Car -1 -1 -10 965.71 185.27 1230.60 232.17 -1000 -1000 -1000 -10 -1 -1 -1
61 5203 Car -1 -1 -10 858.48 206.13 1241.89 374.13 -1000 -1000 -1000 -10 -1 -1 -1
61 5204 Car -1 -1 -10 675.54 179.79 729.48 219.42 -1000 -1000 -1000 -10 -1 -1 -1
61 5205 Car -1 -1 -10 791.99 178.40 864.37 221.61 -1000 -1000 -1000 -10 -1 -1 -1
61 5207 Car -1 -1 -10 982.92 184.72 1166.37 221.84 -1000 -1000 -1000 -10 -1 -1 -1
62 5208 Car -1 -1 -10 833.26 204.28 1230.40 374.24 -1000 -1000 -1000 -10 -1 -1 -1
62 5210 Car -1 -1 -10 782.79 179.51 853.09 218.77 -1000 -1000 -1000 -10 -1 -1 -1
62 5211 Car -1 -1 -10 670.65 179.41 722.19 216.77 -1000 -1000 -1000 -10 -1 -1 -1
63 5212 Car -1 -1 -10 812.75 199.56 1139.03 369.81 -1000 -1000 -1000 -10 -1 -1 -1
63 5213 Car -1 -1 -10 669.20 180.75 716.78 215.27 -1000 -1000 -1000 -10 -1 -1 -1
63 5214 Car -1 -1 -10 775.38 178.75 839.92 217.88 -1000 -1000 -1000 -10 -1 -1 -1
64 5225 Car -1 -1 -10 792.89 199.64 1070.41 347.75 -1000 -1000 -1000 -10 -1 -1 -1
64 5226 Car -1 -1 -10 667.95 181.22 710.00 214.13 -1000 -1000 -1000 -10 -1 -1 -1
64 5229 Car -1 -1 -10 767.41 178.37 829.03 216.15 -1000 -1000 -1000 -10 -1 -1 -1
64 5230 Car -1 -1 -10 768.06 178.83 828.47 215.77 -1000 -1000 -1000 -10 -1 -1 -1
64 5231 Car -1 -1 -10 767.86 178.51 828.71 215.44 -1000 -1000 -1000 -10 -1 -1 -1
64 5232 Car -1 -1 -10 768.32 178.60 827.93 215.75 -1000 -1000 -1000 -10 -1 -1 -1
65 5233 Car -1 -1 -10 777.21 196.13 1014.16 329.10 -1000 -1000 -1000 -10 -1 -1 -1
65 5234 Car -1 -1 -10 663.68 181.31 704.57 210.75 -1000 -1000 -1000 -10 -1 -1 -1
65 5237 Car -1 -1 -10 759.67 176.97 819.78 213.31 -1000 -1000 -1000 -10 -1 -1 -1
65 5238 Car -1 -1 -10 760.45 177.27 820.97 213.67 -1000 -1000 -1000 -10 -1 -1 -1
65 5239 Car -1 -1 -10 903.41 181.21 1022.58 243.84 -1000 -1000 -1000 -10 -1 -1 -1
65 5240 Car -1 -1 -10 759.69 177.91 820.01 213.40 -1000 -1000 -1000 -10 -1 -1 -1
66 5241 Car -1 -1 -10 764.15 194.62 970.62 312.31 -1000 -1000 -1000 -10 -1 -1 -1
66 5246 Car -1 -1 -10 663.68 180.95 700.71 210.89 -1000 -1000 -1000 -10 -1 -1 -1
66 5248 Car -1 -1 -10 663.71 181.86 700.42 210.49 -1000 -1000 -1000 -10 -1 -1 -1
66 5250 Car -1 -1 -10 663.05 181.64 702.29 211.18 -1000 -1000 -1000 -10 -1 -1 -1
66 5251 Car -1 -1 -10 755.05 177.14 805.29 212.18 -1000 -1000 -1000 -10 -1 -1 -1
66 5255 Car -1 -1 -10 756.22 177.14 805.28 211.27 -1000 -1000 -1000 -10 -1 -1 -1
66 5256 Car -1 -1 -10 754.07 177.30 806.33 212.18 -1000 -1000 -1000 -10 -1 -1 -1
67 5257 Car -1 -1 -10 747.21 193.45 932.52 299.45 -1000 -1000 -1000 -10 -1 -1 -1
67 5259 Car -1 -1 -10 856.14 180.15 969.98 239.95 -1000 -1000 -1000 -10 -1 -1 -1
67 5260 Car -1 -1 -10 657.14 182.58 695.79 209.10 -1000 -1000 -1000 -10 -1 -1 -1
67 5262 Pedestrian -1 -1 -10 1128.11 179.99 1149.40 236.32 -1000 -1000 -1000 -10 -1 -1 -1
68 5263 Car -1 -1 -10 739.86 194.01 901.15 288.98 -1000 -1000 -1000 -10 -1 -1 -1
68 5264 Car -1 -1 -10 882.32 181.38 945.15 236.04 -1000 -1000 -1000 -10 -1 -1 -1
68 5265 Car -1 -1 -10 657.48 181.03 690.50 207.30 -1000 -1000 -1000 -10 -1 -1 -1
69 5268 Car -1 -1 -10 731.00 190.93 876.68 278.74 -1000 -1000 -1000 -10 -1 -1 -1
69 5269 Car -1 -1 -10 656.38 182.20 686.35 204.84 -1000 -1000 -1000 -10 -1 -1 -1
69 5270 Car -1 -1 -10 832.35 178.72 924.21 233.19 -1000 -1000 -1000 -10 -1 -1 -1
69 5273 Car -1 -1 -10 1192.59 79.35 1241.71 290.02 -1000 -1000 -1000 -10 -1 -1 -1
69 5274 Car -1 -1 -10 1191.96 80.77 1241.68 290.59 -1000 -1000 -1000 -10 -1 -1 -1
69 5275 Car -1 -1 -10 1194.15 77.66 1241.72 291.99 -1000 -1000 -1000 -10 -1 -1 -1
69 5276 Car -1 -1 -10 1190.77 78.87 1241.74 293.45 -1000 -1000 -1000 -10 -1 -1 -1
70 5277 Car -1 -1 -10 720.16 189.75 852.92 270.12 -1000 -1000 -1000 -10 -1 -1 -1
70 5278 Car -1 -1 -10 1067.55 286.38 1241.37 373.55 -1000 -1000 -1000 -10 -1 -1 -1
70 5279 Car -1 -1 -10 649.55 179.31 683.63 203.64 -1000 -1000 -1000 -10 -1 -1 -1
70 5280 Car -1 -1 -10 820.49 178.06 903.33 232.17 -1000 -1000 -1000 -10 -1 -1 -1
70 5282 Car -1 -1 -10 1133.57 46.05 1241.42 289.87 -1000 -1000 -1000 -10 -1 -1 -1
71 5283 Car -1 -1 -10 712.85 188.90 832.29 263.86 -1000 -1000 -1000 -10 -1 -1 -1
71 5284 Car -1 -1 -10 1000.71 222.82 1241.34 371.47 -1000 -1000 -1000 -10 -1 -1 -1
71 5285 Car -1 -1 -10 1087.81 1.20 1241.25 273.39 -1000 -1000 -1000 -10 -1 -1 -1
71 5286 Car -1 -1 -10 645.64 178.78 679.86 203.41 -1000 -1000 -1000 -10 -1 -1 -1
71 5287 Car -1 -1 -10 808.01 181.34 888.78 225.84 -1000 -1000 -1000 -10 -1 -1 -1
72 5289 Car -1 -1 -10 952.64 198.10 1241.05 372.38 -1000 -1000 -1000 -10 -1 -1 -1
72 5290 Car -1 -1 -10 703.98 187.63 816.34 256.86 -1000 -1000 -1000 -10 -1 -1 -1
72 5291 Car -1 -1 -10 643.83 178.90 675.84 202.39 -1000 -1000 -1000 -10 -1 -1 -1
72 5292 Car -1 -1 -10 797.45 179.01 871.19 224.58 -1000 -1000 -1000 -10 -1 -1 -1
72 5294 Car -1 -1 -10 1046.73 0.52 1241.49 249.90 -1000 -1000 -1000 -10 -1 -1 -1
73 5295 Car -1 -1 -10 914.70 198.85 1241.44 372.53 -1000 -1000 -1000 -10 -1 -1 -1
73 5296 Car -1 -1 -10 700.16 184.71 800.66 251.67 -1000 -1000 -1000 -10 -1 -1 -1
73 5297 Car -1 -1 -10 641.95 179.63 671.21 200.37 -1000 -1000 -1000 -10 -1 -1 -1
73 5299 Car -1 -1 -10 787.15 179.16 856.47 221.59 -1000 -1000 -1000 -10 -1 -1 -1
74 5300 Car -1 -1 -10 880.85 192.99 1241.61 375.00 -1000 -1000 -1000 -10 -1 -1 -1
74 5301 Car -1 -1 -10 692.89 181.34 788.41 248.35 -1000 -1000 -1000 -10 -1 -1 -1
74 5302 Car -1 -1 -10 639.81 179.53 670.21 200.39 -1000 -1000 -1000 -10 -1 -1 -1
74 5303 Car -1 -1 -10 774.41 179.52 840.89 218.49 -1000 -1000 -1000 -10 -1 -1 -1
75 5305 Car -1 -1 -10 851.82 189.46 1241.44 375.00 -1000 -1000 -1000 -10 -1 -1 -1
75 5306 Car -1 -1 -10 686.16 179.65 775.80 242.23 -1000 -1000 -1000 -10 -1 -1 -1
75 5307 Car -1 -1 -10 763.31 178.82 829.03 217.12 -1000 -1000 -1000 -10 -1 -1 -1
75 5309 Car -1 -1 -10 638.75 179.14 667.45 199.15 -1000 -1000 -1000 -10 -1 -1 -1
76 5310 Car -1 -1 -10 829.11 187.38 1226.73 369.39 -1000 -1000 -1000 -10 -1 -1 -1
76 5311 Car -1 -1 -10 681.90 178.53 763.89 238.91 -1000 -1000 -1000 -10 -1 -1 -1
76 5313 Car -1 -1 -10 636.84 179.64 663.80 198.70 -1000 -1000 -1000 -10 -1 -1 -1
76 5314 Car -1 -1 -10 751.93 177.92 819.36 214.62 -1000 -1000 -1000 -10 -1 -1 -1
77 5315 Car -1 -1 -10 809.46 186.01 1139.05 345.11 -1000 -1000 -1000 -10 -1 -1 -1
77 5316 Car -1 -1 -10 677.82 178.54 754.93 234.35 -1000 -1000 -1000 -10 -1 -1 -1
78 5318 Car -1 -1 -10 791.30 185.70 1069.64 326.38 -1000 -1000 -1000 -10 -1 -1 -1
78 5319 Car -1 -1 -10 675.06 177.76 744.16 231.33 -1000 -1000 -1000 -10 -1 -1 -1
78 5321 Car -1 -1 -10 938.18 4.02 1241.31 289.40 -1000 -1000 -1000 -10 -1 -1 -1
78 5322 Car -1 -1 -10 742.67 176.01 798.53 210.67 -1000 -1000 -1000 -10 -1 -1 -1
79 5323 Car -1 -1 -10 775.90 185.03 1013.85 313.18 -1000 -1000 -1000 -10 -1 -1 -1
79 5324 Car -1 -1 -10 903.90 17.60 1241.51 278.01 -1000 -1000 -1000 -10 -1 -1 -1
79 5325 Car -1 -1 -10 668.88 177.83 737.78 228.11 -1000 -1000 -1000 -10 -1 -1 -1
79 5327 Car -1 -1 -10 755.49 179.49 789.88 208.45 -1000 -1000 -1000 -10 -1 -1 -1
80 5328 Car -1 -1 -10 764.15 183.12 969.85 297.10 -1000 -1000 -1000 -10 -1 -1 -1
80 5329 Car -1 -1 -10 906.71 31.52 1241.12 269.79 -1000 -1000 -1000 -10 -1 -1 -1
80 5330 Car -1 -1 -10 668.16 178.11 729.43 226.61 -1000 -1000 -1000 -10 -1 -1 -1
80 5332 Car -1 -1 -10 730.46 174.21 782.38 209.07 -1000 -1000 -1000 -10 -1 -1 -1
81 5333 Car -1 -1 -10 858.84 41.76 1205.13 261.94 -1000 -1000 -1000 -10 -1 -1 -1
81 5334 Car -1 -1 -10 749.24 182.35 933.74 288.96 -1000 -1000 -1000 -10 -1 -1 -1
81 5335 Car -1 -1 -10 667.08 176.71 722.44 223.63 -1000 -1000 -1000 -10 -1 -1 -1
81 5337 Car -1 -1 -10 724.61 176.21 774.98 207.69 -1000 -1000 -1000 -10 -1 -1 -1
82 5338 Car -1 -1 -10 849.94 56.37 1153.53 259.01 -1000 -1000 -1000 -10 -1 -1 -1
82 5339 Car -1 -1 -10 737.20 181.77 901.63 278.71 -1000 -1000 -1000 -10 -1 -1 -1
82 5340 Car -1 -1 -10 663.34 176.83 715.84 221.36 -1000 -1000 -1000 -10 -1 -1 -1
83 5342 Car -1 -1 -10 730.35 182.14 877.22 269.13 -1000 -1000 -1000 -10 -1 -1 -1
83 5343 Car -1 -1 -10 839.91 63.46 1110.98 251.07 -1000 -1000 -1000 -10 -1 -1 -1
83 5345 Car -1 -1 -10 660.74 178.90 711.59 217.78 -1000 -1000 -1000 -10 -1 -1 -1
84 5346 Car -1 -1 -10 720.13 182.01 852.61 260.79 -1000 -1000 -1000 -10 -1 -1 -1
84 5348 Car -1 -1 -10 824.99 73.06 1078.13 249.16 -1000 -1000 -1000 -10 -1 -1 -1
84 5349 Car -1 -1 -10 657.75 180.41 704.53 216.72 -1000 -1000 -1000 -10 -1 -1 -1
85 5350 Car -1 -1 -10 807.98 80.81 1037.47 243.69 -1000 -1000 -1000 -10 -1 -1 -1
85 5351 Car -1 -1 -10 712.33 181.83 833.07 254.85 -1000 -1000 -1000 -10 -1 -1 -1
85 5353 Car -1 -1 -10 655.04 182.50 698.94 214.63 -1000 -1000 -1000 -10 -1 -1 -1
86 5355 Car -1 -1 -10 797.93 87.59 1009.51 237.33 -1000 -1000 -1000 -10 -1 -1 -1
86 5356 Car -1 -1 -10 704.93 180.61 816.20 249.89 -1000 -1000 -1000 -10 -1 -1 -1
86 5357 Car -1 -1 -10 1086.25 276.53 1241.34 373.98 -1000 -1000 -1000 -10 -1 -1 -1
86 5359 Car -1 -1 -10 653.75 182.50 694.48 212.89 -1000 -1000 -1000 -10 -1 -1 -1
86 5360 Pedestrian -1 -1 -10 1127.79 179.54 1149.48 236.85 -1000 -1000 -1000 -10 -1 -1 -1
87 5361 Car -1 -1 -10 790.26 91.40 984.39 235.29 -1000 -1000 -1000 -10 -1 -1 -1
87 5362 Car -1 -1 -10 1017.35 206.04 1241.29 370.54 -1000 -1000 -1000 -10 -1 -1 -1
87 5364 Car -1 -1 -10 647.23 180.95 693.16 212.56 -1000 -1000 -1000 -10 -1 -1 -1
87 5365 Car -1 -1 -10 699.31 180.01 800.54 244.63 -1000 -1000 -1000 -10 -1 -1 -1
88 5366 Car -1 -1 -10 963.76 176.94 1241.31 372.94 -1000 -1000 -1000 -10 -1 -1 -1
88 5367 Car -1 -1 -10 777.50 96.65 959.09 233.50 -1000 -1000 -1000 -10 -1 -1 -1
88 5369 Car -1 -1 -10 644.89 181.23 686.47 210.38 -1000 -1000 -1000 -10 -1 -1 -1
88 5370 Car -1 -1 -10 692.78 178.64 788.41 240.10 -1000 -1000 -1000 -10 -1 -1 -1
89 5371 Car -1 -1 -10 923.16 170.69 1241.14 369.85 -1000 -1000 -1000 -10 -1 -1 -1
89 5372 Car -1 -1 -10 769.98 99.68 938.27 229.84 -1000 -1000 -1000 -10 -1 -1 -1
89 5374 Car -1 -1 -10 640.44 178.16 684.04 210.16 -1000 -1000 -1000 -10 -1 -1 -1
89 5375 Car -1 -1 -10 685.92 177.79 775.81 236.11 -1000 -1000 -1000 -10 -1 -1 -1
90 5376 Car -1 -1 -10 761.65 104.62 921.24 226.58 -1000 -1000 -1000 -10 -1 -1 -1
90 5377 Car -1 -1 -10 887.42 170.62 1241.79 373.04 -1000 -1000 -1000 -10 -1 -1 -1
90 5378 Car -1 -1 -10 682.73 177.44 763.72 232.39 -1000 -1000 -1000 -10 -1 -1 -1
90 5380 Car -1 -1 -10 640.74 178.51 681.80 207.12 -1000 -1000 -1000 -10 -1 -1 -1
91 5381 Car -1 -1 -10 856.18 168.54 1241.21 374.05 -1000 -1000 -1000 -10 -1 -1 -1
91 5382 Car -1 -1 -10 757.16 108.95 898.19 224.71 -1000 -1000 -1000 -10 -1 -1 -1
91 5383 Car -1 -1 -10 678.48 177.04 756.43 228.03 -1000 -1000 -1000 -10 -1 -1 -1
91 5384 Car -1 -1 -10 640.31 177.65 677.73 204.74 -1000 -1000 -1000 -10 -1 -1 -1
92 5386 Car -1 -1 -10 835.39 172.25 1236.36 369.74 -1000 -1000 -1000 -10 -1 -1 -1
92 5387 Car -1 -1 -10 754.18 110.46 884.15 217.47 -1000 -1000 -1000 -10 -1 -1 -1
92 5388 Car -1 -1 -10 639.72 180.74 673.11 204.13 -1000 -1000 -1000 -10 -1 -1 -1
92 5389 Car -1 -1 -10 674.25 177.15 745.57 224.58 -1000 -1000 -1000 -10 -1 -1 -1
93 5391 Car -1 -1 -10 751.44 114.70 869.19 213.99 -1000 -1000 -1000 -10 -1 -1 -1
93 5392 Car -1 -1 -10 637.01 179.07 670.73 202.49 -1000 -1000 -1000 -10 -1 -1 -1
93 5393 Car -1 -1 -10 669.49 176.50 736.84 222.75 -1000 -1000 -1000 -10 -1 -1 -1
93 5395 Car -1 -1 -10 813.74 169.64 1148.19 347.85 -1000 -1000 -1000 -10 -1 -1 -1
94 5396 Car -1 -1 -10 796.97 171.68 1079.04 331.65 -1000 -1000 -1000 -10 -1 -1 -1
94 5397 Car -1 -1 -10 736.83 117.34 860.15 215.21 -1000 -1000 -1000 -10 -1 -1 -1
94 5398 Car -1 -1 -10 667.82 176.62 729.94 219.06 -1000 -1000 -1000 -10 -1 -1 -1
94 5405 Car -1 -1 -10 633.50 180.70 666.89 200.46 -1000 -1000 -1000 -10 -1 -1 -1
94 5408 Car -1 -1 -10 633.97 180.25 668.94 200.54 -1000 -1000 -1000 -10 -1 -1 -1
95 5411 Car -1 -1 -10 782.28 172.08 1024.93 315.57 -1000 -1000 -1000 -10 -1 -1 -1
95 5413 Car -1 -1 -10 662.80 176.61 722.36 216.02 -1000 -1000 -1000 -10 -1 -1 -1
95 5415 Car -1 -1 -10 631.32 181.10 665.33 199.86 -1000 -1000 -1000 -10 -1 -1 -1
95 5416 Car -1 -1 -10 732.66 119.09 845.60 212.93 -1000 -1000 -1000 -10 -1 -1 -1
95 5417 Car -1 -1 -10 733.03 119.73 845.96 211.84 -1000 -1000 -1000 -10 -1 -1 -1
95 5418 Car -1 -1 -10 732.28 118.73 846.54 213.15 -1000 -1000 -1000 -10 -1 -1 -1
95 5419 Car -1 -1 -10 731.46 118.76 846.77 213.79 -1000 -1000 -1000 -10 -1 -1 -1
95 5420 Car -1 -1 -10 732.97 119.28 845.68 211.59 -1000 -1000 -1000 -10 -1 -1 -1
95 5421 Car -1 -1 -10 732.87 118.76 846.75 212.94 -1000 -1000 -1000 -10 -1 -1 -1
95 5422 Car -1 -1 -10 731.31 117.88 846.63 213.22 -1000 -1000 -1000 -10 -1 -1 -1
95 5423 Pedestrian -1 -1 -10 1128.43 180.14 1149.71 234.56 -1000 -1000 -1000 -10 -1 -1 -1
96 5424 Car -1 -1 -10 767.97 170.79 979.46 301.83 -1000 -1000 -1000 -10 -1 -1 -1
96 5426 Car -1 -1 -10 661.79 175.59 717.20 213.29 -1000 -1000 -1000 -10 -1 -1 -1
96 5428 Car -1 -1 -10 630.98 179.69 660.88 200.68 -1000 -1000 -1000 -10 -1 -1 -1
96 5429 Pedestrian -1 -1 -10 1128.17 179.90 1149.48 235.19 -1000 -1000 -1000 -10 -1 -1 -1
97 5430 Car -1 -1 -10 757.32 172.03 942.22 289.05 -1000 -1000 -1000 -10 -1 -1 -1
97 5431 Car -1 -1 -10 1056.16 267.34 1241.39 370.71 -1000 -1000 -1000 -10 -1 -1 -1
97 5433 Car -1 -1 -10 658.79 176.51 708.73 212.62 -1000 -1000 -1000 -10 -1 -1 -1
97 5434 Car -1 -1 -10 630.18 179.90 659.49 200.06 -1000 -1000 -1000 -10 -1 -1 -1
97 5435 Pedestrian -1 -1 -10 1128.26 179.85 1149.41 237.79 -1000 -1000 -1000 -10 -1 -1 -1
97 5436 Car -1 -1 -10 726.06 122.86 821.24 209.64 -1000 -1000 -1000 -10 -1 -1 -1
98 5437 Car -1 -1 -10 986.73 221.60 1241.52 371.73 -1000 -1000 -1000 -10 -1 -1 -1
98 5438 Car -1 -1 -10 744.44 171.08 912.13 279.98 -1000 -1000 -1000 -10 -1 -1 -1
98 5439 Car -1 -1 -10 718.35 124.74 816.85 210.82 -1000 -1000 -1000 -10 -1 -1 -1
98 5440 Car -1 -1 -10 657.99 175.49 703.60 210.75 -1000 -1000 -1000 -10 -1 -1 -1
99 5450 Car -1 -1 -10 935.90 206.82 1241.59 371.56 -1000 -1000 -1000 -10 -1 -1 -1
99 5451 Car -1 -1 -10 735.87 171.21 884.94 271.65 -1000 -1000 -1000 -10 -1 -1 -1
99 5453 Car -1 -1 -10 655.53 177.42 697.75 209.16 -1000 -1000 -1000 -10 -1 -1 -1
100 5454 Car -1 -1 -10 894.15 203.43 1241.87 374.00 -1000 -1000 -1000 -10 -1 -1 -1
100 5455 Car -1 -1 -10 728.25 171.32 861.98 263.26 -1000 -1000 -1000 -10 -1 -1 -1
100 5457 Car -1 -1 -10 652.49 177.50 693.14 207.22 -1000 -1000 -1000 -10 -1 -1 -1
101 5458 Car -1 -1 -10 861.84 199.23 1241.37 375.00 -1000 -1000 -1000 -10 -1 -1 -1
101 5459 Car -1 -1 -10 719.83 171.10 844.44 258.04 -1000 -1000 -1000 -10 -1 -1 -1
101 5461 Car -1 -1 -10 650.93 175.00 687.75 204.00 -1000 -1000 -1000 -10 -1 -1 -1
102 5462 Car -1 -1 -10 836.61 195.43 1145.05 361.25 -1000 -1000 -1000 -10 -1 -1 -1
102 5463 Car -1 -1 -10 1135.41 218.08 1241.42 311.42 -1000 -1000 -1000 -10 -1 -1 -1
102 5464 Car -1 -1 -10 711.52 171.55 825.51 250.80 -1000 -1000 -1000 -10 -1 -1 -1
102 5466 Car -1 -1 -10 650.42 177.91 684.78 201.81 -1000 -1000 -1000 -10 -1 -1 -1
103 5467 Car -1 -1 -10 813.16 192.62 1072.80 338.15 -1000 -1000 -1000 -10 -1 -1 -1
103 5468 Car -1 -1 -10 1084.50 192.57 1241.45 304.23 -1000 -1000 -1000 -10 -1 -1 -1
103 5469 Car -1 -1 -10 705.38 172.39 808.54 245.61 -1000 -1000 -1000 -10 -1 -1 -1
103 5471 Car -1 -1 -10 646.16 175.52 679.86 200.87 -1000 -1000 -1000 -10 -1 -1 -1
104 5472 Car -1 -1 -10 795.43 189.64 1012.85 319.21 -1000 -1000 -1000 -10 -1 -1 -1
104 5473 Car -1 -1 -10 1041.20 189.16 1240.33 320.04 -1000 -1000 -1000 -10 -1 -1 -1
104 5474 Car -1 -1 -10 644.78 175.29 676.43 200.63 -1000 -1000 -1000 -10 -1 -1 -1
104 5476 Car -1 -1 -10 700.21 173.65 797.02 241.19 -1000 -1000 -1000 -10 -1 -1 -1
105 5477 Car -1 -1 -10 1004.91 186.78 1242.00 304.16 -1000 -1000 -1000 -10 -1 -1 -1
105 5478 Car -1 -1 -10 778.80 186.68 969.10 302.84 -1000 -1000 -1000 -10 -1 -1 -1
105 5479 Car -1 -1 -10 641.05 174.77 672.49 201.53 -1000 -1000 -1000 -10 -1 -1 -1
105 5480 Car -1 -1 -10 712.34 173.32 784.27 236.69 -1000 -1000 -1000 -10 -1 -1 -1
106 5482 Car -1 -1 -10 975.27 184.63 1242.00 295.16 -1000 -1000 -1000 -10 -1 -1 -1
106 5483 Car -1 -1 -10 768.05 186.57 930.19 291.84 -1000 -1000 -1000 -10 -1 -1 -1
106 5484 Car -1 -1 -10 638.53 175.59 669.71 200.50 -1000 -1000 -1000 -10 -1 -1 -1
107 5486 Car -1 -1 -10 946.54 184.05 1201.24 282.09 -1000 -1000 -1000 -10 -1 -1 -1
107 5487 Car -1 -1 -10 752.31 187.12 900.03 278.00 -1000 -1000 -1000 -10 -1 -1 -1
107 5489 Car -1 -1 -10 637.02 176.06 667.24 198.00 -1000 -1000 -1000 -10 -1 -1 -1
108 5490 Car -1 -1 -10 924.93 181.35 1147.86 273.35 -1000 -1000 -1000 -10 -1 -1 -1
108 5491 Car -1 -1 -10 743.35 187.75 875.00 269.26 -1000 -1000 -1000 -10 -1 -1 -1
108 5493 Car -1 -1 -10 634.97 176.37 663.44 197.76 -1000 -1000 -1000 -10 -1 -1 -1
109 5494 Car -1 -1 -10 905.15 181.24 1101.17 264.58 -1000 -1000 -1000 -10 -1 -1 -1
109 5495 Car -1 -1 -10 732.74 185.54 852.66 260.17 -1000 -1000 -1000 -10 -1 -1 -1
109 5496 Car -1 -1 -10 630.85 175.16 661.94 196.25 -1000 -1000 -1000 -10 -1 -1 -1
109 5499 Car -1 -1 -10 673.82 139.83 742.25 224.11 -1000 -1000 -1000 -10 -1 -1 -1
110 5500 Car -1 -1 -10 886.58 181.29 1062.20 260.13 -1000 -1000 -1000 -10 -1 -1 -1
110 5501 Car -1 -1 -10 723.94 183.29 833.50 255.80 -1000 -1000 -1000 -10 -1 -1 -1
110 5504 Car -1 -1 -10 627.27 174.39 659.73 194.91 -1000 -1000 -1000 -10 -1 -1 -1
111 5505 Car -1 -1 -10 716.23 182.32 818.47 249.48 -1000 -1000 -1000 -10 -1 -1 -1
111 5506 Car -1 -1 -10 869.52 180.71 1026.52 252.88 -1000 -1000 -1000 -10 -1 -1 -1
111 5508 Car -1 -1 -10 628.14 174.67 656.56 194.02 -1000 -1000 -1000 -10 -1 -1 -1
112 5510 Car -1 -1 -10 855.38 180.44 998.98 247.68 -1000 -1000 -1000 -10 -1 -1 -1
112 5511 Car -1 -1 -10 708.11 181.52 803.08 243.15 -1000 -1000 -1000 -10 -1 -1 -1
112 5517 Car -1 -1 -10 667.40 172.70 723.05 215.86 -1000 -1000 -1000 -10 -1 -1 -1
112 5522 Car -1 -1 -10 667.93 171.82 724.84 216.05 -1000 -1000 -1000 -10 -1 -1 -1
112 5523 Car -1 -1 -10 667.58 171.49 725.26 216.05 -1000 -1000 -1000 -10 -1 -1 -1
113 5525 Car -1 -1 -10 839.04 180.35 971.88 241.34 -1000 -1000 -1000 -10 -1 -1 -1
113 5526 Car -1 -1 -10 702.87 179.43 790.80 239.82 -1000 -1000 -1000 -10 -1 -1 -1
113 5533 Car -1 -1 -10 625.53 174.40 652.19 193.14 -1000 -1000 -1000 -10 -1 -1 -1
114 5537 Car -1 -1 -10 829.79 179.74 949.05 238.35 -1000 -1000 -1000 -10 -1 -1 -1
114 5538 Car -1 -1 -10 698.30 180.57 777.70 235.35 -1000 -1000 -1000 -10 -1 -1 -1
114 5539 Car -1 -1 -10 666.98 171.40 715.04 213.13 -1000 -1000 -1000 -10 -1 -1 -1
114 5546 Car -1 -1 -10 622.39 174.85 650.57 193.10 -1000 -1000 -1000 -10 -1 -1 -1
115 5551 Car -1 -1 -10 816.53 179.00 931.27 233.91 -1000 -1000 -1000 -10 -1 -1 -1
115 5552 Car -1 -1 -10 702.67 180.36 768.15 231.80 -1000 -1000 -1000 -10 -1 -1 -1
116 5555 Car -1 -1 -10 806.96 178.74 909.32 231.27 -1000 -1000 -1000 -10 -1 -1 -1
116 5556 Car -1 -1 -10 688.42 180.18 757.90 227.87 -1000 -1000 -1000 -10 -1 -1 -1
116 5563 Car -1 -1 -10 659.22 170.91 705.64 209.20 -1000 -1000 -1000 -10 -1 -1 -1
116 5564 Car -1 -1 -10 660.07 171.89 706.11 209.13 -1000 -1000 -1000 -10 -1 -1 -1
117 5569 Car -1 -1 -10 684.70 178.27 749.33 226.02 -1000 -1000 -1000 -10 -1 -1 -1
117 5570 Car -1 -1 -10 799.01 177.89 892.42 227.71 -1000 -1000 -1000 -10 -1 -1 -1
118 5580 Car -1 -1 -10 789.86 178.78 879.46 225.74 -1000 -1000 -1000 -10 -1 -1 -1
118 5585 Car -1 -1 -10 686.07 178.67 740.54 222.59 -1000 -1000 -1000 -10 -1 -1 -1
118 5587 Car -1 -1 -10 685.17 178.05 740.57 223.40 -1000 -1000 -1000 -10 -1 -1 -1
118 5589 Car -1 -1 -10 656.13 172.53 692.87 208.10 -1000 -1000 -1000 -10 -1 -1 -1
118 5590 Car -1 -1 -10 685.19 178.37 740.57 223.39 -1000 -1000 -1000 -10 -1 -1 -1
118 5593 Car -1 -1 -10 683.77 178.15 741.00 222.15 -1000 -1000 -1000 -10 -1 -1 -1
118 5595 Car -1 -1 -10 655.32 172.42 692.22 208.61 -1000 -1000 -1000 -10 -1 -1 -1
118 5596 Car -1 -1 -10 684.26 178.13 740.54 222.82 -1000 -1000 -1000 -10 -1 -1 -1
119 5598 Car -1 -1 -10 781.56 177.94 865.51 222.86 -1000 -1000 -1000 -10 -1 -1 -1
119 5599 Car -1 -1 -10 677.69 183.12 733.89 221.40 -1000 -1000 -1000 -10 -1 -1 -1
119 5602 Car -1 -1 -10 653.05 172.40 689.98 207.10 -1000 -1000 -1000 -10 -1 -1 -1
119 5603 Car -1 -1 -10 653.23 172.73 688.18 207.17 -1000 -1000 -1000 -10 -1 -1 -1
120 5604 Car -1 -1 -10 774.44 178.69 853.85 219.77 -1000 -1000 -1000 -10 -1 -1 -1
120 5607 Car -1 -1 -10 675.34 180.69 726.93 219.19 -1000 -1000 -1000 -10 -1 -1 -1
120 5608 Car -1 -1 -10 674.69 179.60 726.30 219.49 -1000 -1000 -1000 -10 -1 -1 -1
120 5609 Car -1 -1 -10 675.78 182.71 726.50 219.54 -1000 -1000 -1000 -10 -1 -1 -1
121 5610 Car -1 -1 -10 767.25 178.64 842.76 219.22 -1000 -1000 -1000 -10 -1 -1 -1
121 5611 Car -1 -1 -10 675.20 180.80 720.42 216.65 -1000 -1000 -1000 -10 -1 -1 -1
122 5614 Car -1 -1 -10 759.82 179.33 830.91 216.68 -1000 -1000 -1000 -10 -1 -1 -1
122 5615 Car -1 -1 -10 666.47 179.67 715.49 215.60 -1000 -1000 -1000 -10 -1 -1 -1
123 5625 Car -1 -1 -10 753.31 179.08 821.19 215.83 -1000 -1000 -1000 -10 -1 -1 -1
123 5629 Car -1 -1 -10 1180.59 203.34 1241.69 332.33 -1000 -1000 -1000 -10 -1 -1 -1
123 5631 Car -1 -1 -10 1180.60 203.30 1241.35 332.20 -1000 -1000 -1000 -10 -1 -1 -1
123 5632 Car -1 -1 -10 1180.58 203.21 1241.68 331.96 -1000 -1000 -1000 -10 -1 -1 -1
123 5633 Car -1 -1 -10 664.87 180.73 710.10 213.56 -1000 -1000 -1000 -10 -1 -1 -1
123 5634 Car -1 -1 -10 1180.63 204.00 1241.67 332.22 -1000 -1000 -1000 -10 -1 -1 -1
123 5635 Car -1 -1 -10 665.39 181.05 710.50 213.05 -1000 -1000 -1000 -10 -1 -1 -1
123 5636 Car -1 -1 -10 1180.23 203.69 1241.41 332.55 -1000 -1000 -1000 -10 -1 -1 -1
123 5638 Car -1 -1 -10 1180.95 203.66 1241.45 331.89 -1000 -1000 -1000 -10 -1 -1 -1
123 5639 Car -1 -1 -10 664.27 181.67 709.66 212.99 -1000 -1000 -1000 -10 -1 -1 -1
123 5643 Car -1 -1 -10 1180.34 205.48 1241.54 333.69 -1000 -1000 -1000 -10 -1 -1 -1
123 5645 Car -1 -1 -10 665.17 181.00 710.30 213.59 -1000 -1000 -1000 -10 -1 -1 -1
123 5647 Car -1 -1 -10 1180.56 205.06 1241.46 330.61 -1000 -1000 -1000 -10 -1 -1 -1
124 5648 Car -1 -1 -10 1117.56 146.13 1241.54 316.39 -1000 -1000 -1000 -10 -1 -1 -1
124 5649 Car -1 -1 -10 745.67 179.15 812.90 212.87 -1000 -1000 -1000 -10 -1 -1 -1
124 5650 Car -1 -1 -10 662.58 178.39 704.45 211.80 -1000 -1000 -1000 -10 -1 -1 -1
125 5652 Car -1 -1 -10 1064.74 143.79 1241.44 312.02 -1000 -1000 -1000 -10 -1 -1 -1
125 5653 Car -1 -1 -10 742.52 176.38 803.66 211.49 -1000 -1000 -1000 -10 -1 -1 -1
125 5655 Car -1 -1 -10 650.29 178.78 701.66 211.20 -1000 -1000 -1000 -10 -1 -1 -1
126 5656 Car -1 -1 -10 1022.60 143.76 1241.39 332.52 -1000 -1000 -1000 -10 -1 -1 -1
126 5657 Car -1 -1 -10 737.98 177.11 796.60 210.61 -1000 -1000 -1000 -10 -1 -1 -1
126 5659 Car -1 -1 -10 640.63 176.80 696.81 210.32 -1000 -1000 -1000 -10 -1 -1 -1
127 5660 Car -1 -1 -10 732.41 175.60 787.72 209.67 -1000 -1000 -1000 -10 -1 -1 -1
127 5661 Car -1 -1 -10 986.27 143.35 1241.68 318.52 -1000 -1000 -1000 -10 -1 -1 -1
128 5663 Car -1 -1 -10 728.39 175.28 782.30 208.36 -1000 -1000 -1000 -10 -1 -1 -1
128 5665 Car -1 -1 -10 955.44 142.22 1241.74 298.53 -1000 -1000 -1000 -10 -1 -1 -1
129 5666 Car -1 -1 -10 929.77 146.54 1217.66 287.27 -1000 -1000 -1000 -10 -1 -1 -1
129 5667 Car -1 -1 -10 725.01 176.40 774.98 206.45 -1000 -1000 -1000 -10 -1 -1 -1
129 5669 Car -1 -1 -10 656.54 180.20 684.81 204.18 -1000 -1000 -1000 -10 -1 -1 -1
130 5670 Car -1 -1 -10 718.70 176.61 768.59 206.39 -1000 -1000 -1000 -10 -1 -1 -1
130 5672 Car -1 -1 -10 906.41 148.96 1157.65 278.50 -1000 -1000 -1000 -10 -1 -1 -1
130 5673 Car -1 -1 -10 658.68 178.80 681.96 203.72 -1000 -1000 -1000 -10 -1 -1 -1
131 5674 Car -1 -1 -10 715.98 176.67 764.02 203.37 -1000 -1000 -1000 -10 -1 -1 -1
132 5676 Car -1 -1 -10 711.69 177.35 758.12 203.39 -1000 -1000 -1000 -10 -1 -1 -1
132 5677 Car -1 -1 -10 868.29 151.76 1064.37 261.87 -1000 -1000 -1000 -10 -1 -1 -1
133 5680 Car -1 -1 -10 707.95 175.19 752.30 202.47 -1000 -1000 -1000 -10 -1 -1 -1
133 5681 Car -1 -1 -10 851.60 152.64 1028.47 256.52 -1000 -1000 -1000 -10 -1 -1 -1
133 5684 Car -1 -1 -10 643.65 177.12 672.27 202.55 -1000 -1000 -1000 -10 -1 -1 -1
134 5685 Car -1 -1 -10 703.56 175.37 747.56 202.37 -1000 -1000 -1000 -10 -1 -1 -1
134 5692 Car -1 -1 -10 837.70 156.12 998.79 248.50 -1000 -1000 -1000 -10 -1 -1 -1
134 5693 Car -1 -1 -10 837.29 156.19 998.58 249.37 -1000 -1000 -1000 -10 -1 -1 -1
134 5694 Car -1 -1 -10 837.38 155.34 998.41 248.31 -1000 -1000 -1000 -10 -1 -1 -1
134 5695 Car -1 -1 -10 837.63 155.88 999.33 249.39 -1000 -1000 -1000 -10 -1 -1 -1
134 5696 Car -1 -1 -10 837.18 156.09 999.40 248.24 -1000 -1000 -1000 -10 -1 -1 -1
134 5698 Car -1 -1 -10 837.85 156.51 999.25 248.42 -1000 -1000 -1000 -10 -1 -1 -1
134 5700 Car -1 -1 -10 638.05 177.38 669.31 200.80 -1000 -1000 -1000 -10 -1 -1 -1
135 5702 Car -1 -1 -10 699.06 175.63 742.78 200.95 -1000 -1000 -1000 -10 -1 -1 -1
135 5705 Car -1 -1 -10 824.88 156.21 971.44 244.33 -1000 -1000 -1000 -10 -1 -1 -1
135 5706 Car -1 -1 -10 825.00 155.66 972.03 244.91 -1000 -1000 -1000 -10 -1 -1 -1
136 5707 Car -1 -1 -10 697.97 175.78 735.30 200.39 -1000 -1000 -1000 -10 -1 -1 -1
136 5708 Car -1 -1 -10 813.10 157.13 946.52 241.00 -1000 -1000 -1000 -10 -1 -1 -1
137 5711 Car -1 -1 -10 693.97 175.80 731.32 199.09 -1000 -1000 -1000 -10 -1 -1 -1
137 5713 Car -1 -1 -10 801.24 157.44 925.25 235.13 -1000 -1000 -1000 -10 -1 -1 -1
138 5715 Car -1 -1 -10 691.23 175.75 729.19 198.03 -1000 -1000 -1000 -10 -1 -1 -1
138 5716 Car -1 -1 -10 792.06 158.06 906.13 233.02 -1000 -1000 -1000 -10 -1 -1 -1
139 5720 Car -1 -1 -10 687.13 175.76 726.29 197.39 -1000 -1000 -1000 -10 -1 -1 -1
139 5722 Car -1 -1 -10 623.42 173.40 657.77 195.16 -1000 -1000 -1000 -10 -1 -1 -1
140 5723 Car -1 -1 -10 685.71 175.52 721.12 197.43 -1000 -1000 -1000 -10 -1 -1 -1
140 5726 Car -1 -1 -10 775.30 158.80 873.68 225.85 -1000 -1000 -1000 -10 -1 -1 -1
140 5727 Car -1 -1 -10 775.37 158.40 873.50 226.79 -1000 -1000 -1000 -10 -1 -1 -1
140 5728 Car -1 -1 -10 774.58 158.70 873.86 225.69 -1000 -1000 -1000 -10 -1 -1 -1
141 5729 Car -1 -1 -10 683.70 175.24 715.53 197.27 -1000 -1000 -1000 -10 -1 -1 -1
141 5732 Car -1 -1 -10 766.52 157.19 861.07 223.30 -1000 -1000 -1000 -10 -1 -1 -1
141 5733 Car -1 -1 -10 766.77 157.35 860.87 223.81 -1000 -1000 -1000 -10 -1 -1 -1
142 5735 Car -1 -1 -10 681.97 176.74 713.69 196.49 -1000 -1000 -1000 -10 -1 -1 -1
143 5738 Car -1 -1 -10 678.79 173.47 710.74 195.21 -1000 -1000 -1000 -10 -1 -1 -1
143 5739 Car -1 -1 -10 679.03 174.97 710.59 195.62 -1000 -1000 -1000 -10 -1 -1 -1
144 5741 Car -1 -1 -10 676.00 171.41 706.82 195.35 -1000 -1000 -1000 -10 -1 -1 -1
145 5744 Car -1 -1 -10 673.99 171.91 703.40 194.93 -1000 -1000 -1000 -10 -1 -1 -1
146 5746 Car -1 -1 -10 672.32 174.09 700.96 194.42 -1000 -1000 -1000 -10 -1 -1 -1
147 5751 Car -1 -1 -10 671.48 176.27 698.34 193.68 -1000 -1000 -1000 -10 -1 -1 -1
149 5756 Car -1 -1 -10 666.11 176.60 695.39 192.77 -1000 -1000 -1000 -10 -1 -1 -1
149 5757 Car -1 -1 -10 665.62 176.88 695.33 193.48 -1000 -1000 -1000 -10 -1 -1 -1
150 5760 Car -1 -1 -10 715.34 164.20 773.89 207.27 -1000 -1000 -1000 -10 -1 -1 -1
150 5761 Car -1 -1 -10 716.30 164.31 773.99 207.74 -1000 -1000 -1000 -10 -1 -1 -1
151 5764 Car -1 -1 -10 713.10 163.98 768.21 206.35 -1000 -1000 -1000 -10 -1 -1 -1
151 5765 Car -1 -1 -10 711.55 164.00 768.43 205.01 -1000 -1000 -1000 -10 -1 -1 -1
152 5766 Car -1 -1 -10 709.44 164.92 761.34 203.46 -1000 -1000 -1000 -10 -1 -1 -1
153 5769 Car -1 -1 -10 707.11 165.23 755.91 202.73 -1000 -1000 -1000 -10 -1 -1 -1
154 5774 Car -1 -1 -10 701.40 164.93 750.83 202.13 -1000 -1000 -1000 -10 -1 -1 -1
156 5778 Car -1 -1 -10 694.71 165.36 740.73 200.54 -1000 -1000 -1000 -10 -1 -1 -1
158 5784 Car -1 -1 -10 691.04 165.18 731.20 198.69 -1000 -1000 -1000 -10 -1 -1 -1
178 5822 Car -1 -1 -10 652.24 167.89 675.08 188.92 -1000 -1000 -1000 -10 -1 -1 -1
179 5824 Pedestrian -1 -1 -10 1130.34 180.94 1149.65 236.10 -1000 -1000 -1000 -10 -1 -1 -1
180 5826 Car -1 -1 -10 647.35 170.36 671.30 188.92 -1000 -1000 -1000 -10 -1 -1 -1
180 5828 Pedestrian -1 -1 -10 1132.09 182.14 1150.97 234.77 -1000 -1000 -1000 -10 -1 -1 -1
181 5831 Car -1 -1 -10 645.52 169.23 670.34 189.02 -1000 -1000 -1000 -10 -1 -1 -1
187 5838 Car -1 -1 -10 702.54 179.92 735.90 198.60 -1000 -1000 -1000 -10 -1 -1 -1
188 5841 Car -1 -1 -10 701.25 181.03 730.51 198.80 -1000 -1000 -1000 -10 -1 -1 -1
189 5843 Pedestrian -1 -1 -10 1141.47 187.85 1162.88 249.43 -1000 -1000 -1000 -10 -1 -1 -1
189 5844 Car -1 -1 -10 694.91 181.79 728.40 199.98 -1000 -1000 -1000 -10 -1 -1 -1
190 5846 Pedestrian -1 -1 -10 1143.32 187.74 1166.05 249.67 -1000 -1000 -1000 -10 -1 -1 -1
190 5847 Car -1 -1 -10 693.08 182.13 724.13 200.81 -1000 -1000 -1000 -10 -1 -1 -1
191 5849 Car -1 -1 -10 689.61 181.29 718.93 199.65 -1000 -1000 -1000 -10 -1 -1 -1
192 5852 Car -1 -1 -10 688.90 182.75 716.81 199.57 -1000 -1000 -1000 -10 -1 -1 -1
193 5856 Car -1 -1 -10 681.84 182.06 713.78 200.71 -1000 -1000 -1000 -10 -1 -1 -1
194 5857 Pedestrian -1 -1 -10 1156.14 190.15 1178.64 250.73 -1000 -1000 -1000 -10 -1 -1 -1
195 5859 Pedestrian -1 -1 -10 1159.21 188.62 1184.23 256.12 -1000 -1000 -1000 -10 -1 -1 -1
195 5860 Car -1 -1 -10 674.19 176.95 702.46 201.46 -1000 -1000 -1000 -10 -1 -1 -1
196 5866 Pedestrian -1 -1 -10 1164.22 191.05 1188.72 254.31 -1000 -1000 -1000 -10 -1 -1 -1
196 5868 Car -1 -1 -10 457.59 173.15 488.64 201.56 -1000 -1000 -1000 -10 -1 -1 -1
197 5870 Pedestrian -1 -1 -10 1170.03 193.12 1194.37 258.32 -1000 -1000 -1000 -10 -1 -1 -1
198 5872 Pedestrian -1 -1 -10 1175.83 193.73 1202.40 262.42 -1000 -1000 -1000 -10 -1 -1 -1
200 5879 Pedestrian -1 -1 -10 1193.28 194.85 1220.08 264.24 -1000 -1000 -1000 -10 -1 -1 -1
203 5882 Car -1 -1 -10 645.03 182.98 671.79 201.17 -1000 -1000 -1000 -10 -1 -1 -1
214 5884 Car -1 -1 -10 421.43 172.81 464.45 211.17 -1000 -1000 -1000 -10 -1 -1 -1
215 5885 Car -1 -1 -10 428.63 172.56 473.08 211.61 -1000 -1000 -1000 -10 -1 -1 -1
216 5886 Car -1 -1 -10 438.99 171.72 486.02 211.34 -1000 -1000 -1000 -10 -1 -1 -1
217 5887 Car -1 -1 -10 452.30 170.50 499.08 211.39 -1000 -1000 -1000 -10 -1 -1 -1
219 5888 Car -1 -1 -10 482.01 166.50 532.29 210.56 -1000 -1000 -1000 -10 -1 -1 -1
221 5890 Car -1 -1 -10 520.04 163.07 572.11 207.21 -1000 -1000 -1000 -10 -1 -1 -1
222 5891 Car -1 -1 -10 540.46 163.03 593.80 207.15 -1000 -1000 -1000 -10 -1 -1 -1
222 5892 Car -1 -1 -10 541.54 162.39 594.77 207.05 -1000 -1000 -1000 -10 -1 -1 -1
224 5893 Car -1 -1 -10 588.42 159.09 643.34 206.12 -1000 -1000 -1000 -10 -1 -1 -1
225 5894 Car -1 -1 -10 612.40 157.29 673.05 207.40 -1000 -1000 -1000 -10 -1 -1 -1
225 5895 Car -1 -1 -10 612.79 157.14 673.68 206.87 -1000 -1000 -1000 -10 -1 -1 -1
226 5896 Car -1 -1 -10 638.17 157.65 700.59 208.76 -1000 -1000 -1000 -10 -1 -1 -1
227 5898 Car -1 -1 -10 666.32 156.71 730.41 210.73 -1000 -1000 -1000 -10 -1 -1 -1
228 5899 Car -1 -1 -10 694.25 158.73 762.22 212.86 -1000 -1000 -1000 -10 -1 -1 -1
228 5900 Car -1 -1 -10 1010.56 170.06 1039.32 190.24 -1000 -1000 -1000 -10 -1 -1 -1
229 5901 Car -1 -1 -10 1051.15 167.64 1082.06 187.51 -1000 -1000 -1000 -10 -1 -1 -1
229 5902 Car -1 -1 -10 725.41 155.38 798.31 212.62 -1000 -1000 -1000 -10 -1 -1 -1
230 5903 Car -1 -1 -10 758.90 153.03 833.58 211.98 -1000 -1000 -1000 -10 -1 -1 -1
230 5904 Car -1 -1 -10 1097.73 163.69 1130.55 183.60 -1000 -1000 -1000 -10 -1 -1 -1
231 5905 Car -1 -1 -10 1147.72 160.15 1180.71 182.20 -1000 -1000 -1000 -10 -1 -1 -1
231 5906 Car -1 -1 -10 792.20 149.40 868.93 213.66 -1000 -1000 -1000 -10 -1 -1 -1
232 5907 Car -1 -1 -10 827.00 146.84 906.51 212.42 -1000 -1000 -1000 -10 -1 -1 -1
233 5908 Car -1 -1 -10 867.63 145.55 951.34 215.45 -1000 -1000 -1000 -10 -1 -1 -1
234 5909 Car -1 -1 -10 909.97 142.80 998.01 215.97 -1000 -1000 -1000 -10 -1 -1 -1
235 5910 Car -1 -1 -10 954.42 137.89 1055.79 218.46 -1000 -1000 -1000 -10 -1 -1 -1
236 5911 Car -1 -1 -10 1003.40 134.90 1110.51 217.03 -1000 -1000 -1000 -10 -1 -1 -1
237 5912 Car -1 -1 -10 1059.81 129.59 1178.14 219.16 -1000 -1000 -1000 -10 -1 -1 -1
238 5914 Car -1 -1 -10 1120.10 127.41 1240.96 223.83 -1000 -1000 -1000 -10 -1 -1 -1
239 5915 Pedestrian -1 -1 -10 437.43 110.11 470.24 188.37 -1000 -1000 -1000 -10 -1 -1 -1
258 5936 Car -1 -1 -10 157.52 151.62 330.23 218.15 -1000 -1000 -1000 -10 -1 -1 -1
259 5937 Car -1 -1 -10 142.18 150.77 322.19 218.67 -1000 -1000 -1000 -10 -1 -1 -1
260 5938 Car -1 -1 -10 125.83 147.49 316.00 216.90 -1000 -1000 -1000 -10 -1 -1 -1
263 5939 Car -1 -1 -10 75.07 144.28 290.58 222.48 -1000 -1000 -1000 -10 -1 -1 -1
