0 7789 Car -1 -1 -10 834.89 94.10 1154.43 295.32 -1000 -1000 -1000 -10 -1 -1 -1
0 7790 Car -1 -1 -10 146.91 198.46 308.32 272.25 -1000 -1000 -1000 -10 -1 -1 -1
0 7791 Car -1 -1 -10 458.89 184.13 498.08 206.73 -1000 -1000 -1000 -10 -1 -1 -1
0 7792 Car -1 -1 -10 383.41 180.66 445.91 220.44 -1000 -1000 -1000 -10 -1 -1 -1
1 7793 Car -1 -1 -10 859.80 72.29 1241.51 335.61 -1000 -1000 -1000 -10 -1 -1 -1
1 7794 Car -1 -1 -10 353.29 180.47 426.99 224.00 -1000 -1000 -1000 -10 -1 -1 -1
1 7795 Car -1 -1 -10 3.74 202.29 241.78 299.01 -1000 -1000 -1000 -10 -1 -1 -1
1 7796 Car -1 -1 -10 445.92 184.14 480.77 207.36 -1000 -1000 -1000 -10 -1 -1 -1
2 7797 Car -1 -1 -10 889.24 31.86 1241.34 360.38 -1000 -1000 -1000 -10 -1 -1 -1
2 7798 Car -1 -1 -10 319.26 181.15 402.81 228.75 -1000 -1000 -1000 -10 -1 -1 -1
2 7799 Car -1 -1 -10 0.00 207.37 138.86 303.64 -1000 -1000 -1000 -10 -1 -1 -1
2 7800 Car -1 -1 -10 430.58 184.80 475.78 210.96 -1000 -1000 -1000 -10 -1 -1 -1
3 7801 Car -1 -1 -10 272.02 181.37 374.74 235.11 -1000 -1000 -1000 -10 -1 -1 -1
3 7802 Car -1 -1 -10 933.11 40.11 1241.28 373.71 -1000 -1000 -1000 -10 -1 -1 -1
4 7803 Car -1 -1 -10 397.28 185.39 444.17 218.71 -1000 -1000 -1000 -10 -1 -1 -1
4 7804 Car -1 -1 -10 992.43 35.77 1241.30 367.60 -1000 -1000 -1000 -10 -1 -1 -1
5 7805 Car -1 -1 -10 1085.96 98.37 1241.21 372.67 -1000 -1000 -1000 -10 -1 -1 -1
5 7806 Car -1 -1 -10 374.15 186.49 432.08 221.54 -1000 -1000 -1000 -10 -1 -1 -1
6 7807 Car -1 -1 -10 344.21 186.58 410.57 225.75 -1000 -1000 -1000 -10 -1 -1 -1
6 7808 Car -1 -1 -10 419.95 183.10 457.41 205.36 -1000 -1000 -1000 -10 -1 -1 -1
6 7809 Pedestrian -1 -1 -10 288.21 188.03 305.79 234.90 -1000 -1000 -1000 -10 -1 -1 -1
7 7810 Car -1 -1 -10 0.18 185.59 119.54 284.63 -1000 -1000 -1000 -10 -1 -1 -1
7 7811 Car -1 -1 -10 312.24 187.23 388.16 232.35 -1000 -1000 -1000 -10 -1 -1 -1
8 7812 Car -1 -1 -10 270.34 188.03 361.56 235.17 -1000 -1000 -1000 -10 -1 -1 -1
8 7813 Car -1 -1 -10 384.61 185.10 426.87 210.99 -1000 -1000 -1000 -10 -1 -1 -1
9 7814 Car -1 -1 -10 363.48 186.85 410.63 216.40 -1000 -1000 -1000 -10 -1 -1 -1
11 7816 Car -1 -1 -10 31.74 196.77 230.69 274.16 -1000 -1000 -1000 -10 -1 -1 -1
12 7817 Car -1 -1 -10 263.33 189.87 337.31 232.88 -1000 -1000 -1000 -10 -1 -1 -1
13 7818 Pedestrian -1 -1 -10 35.17 196.67 59.43 265.89 -1000 -1000 -1000 -10 -1 -1 -1
14 7819 Car -1 -1 -10 145.36 194.14 264.16 252.90 -1000 -1000 -1000 -10 -1 -1 -1
15 7820 Car -1 -1 -10 46.19 198.14 211.40 271.37 -1000 -1000 -1000 -10 -1 -1 -1
16 7821 Car -1 -1 -10 0.00 205.29 127.76 278.95 -1000 -1000 -1000 -10 -1 -1 -1
20 7827 Car -1 -1 -10 49.60 120.30 287.60 256.63 -1000 -1000 -1000 -10 -1 -1 -1
24 7831 Pedestrian -1 -1 -10 98.72 197.45 119.16 245.87 -1000 -1000 -1000 -10 -1 -1 -1
26 7832 Pedestrian -1 -1 -10 10.08 199.57 36.46 273.97 -1000 -1000 -1000 -10 -1 -1 -1
29 7833 Car -1 -1 -10 455.36 172.24 495.79 211.41 -1000 -1000 -1000 -10 -1 -1 -1
32 7836 Car -1 -1 -10 450.58 166.05 493.07 211.35 -1000 -1000 -1000 -10 -1 -1 -1
33 7837 Car -1 -1 -10 447.55 164.71 490.92 211.36 -1000 -1000 -1000 -10 -1 -1 -1
34 7838 Pedestrian -1 -1 -10 199.48 186.43 223.37 241.26 -1000 -1000 -1000 -10 -1 -1 -1
34 7839 Car -1 -1 -10 442.45 163.62 490.15 211.36 -1000 -1000 -1000 -10 -1 -1 -1
35 7840 Pedestrian -1 -1 -10 176.03 188.74 199.38 242.91 -1000 -1000 -1000 -10 -1 -1 -1
37 7841 Pedestrian -1 -1 -10 113.43 191.14 137.16 252.69 -1000 -1000 -1000 -10 -1 -1 -1
37 7842 Car -1 -1 -10 428.64 162.96 484.37 217.68 -1000 -1000 -1000 -10 -1 -1 -1
38 7843 Car -1 -1 -10 422.65 163.09 482.14 217.81 -1000 -1000 -1000 -10 -1 -1 -1
39 7844 Car -1 -1 -10 414.53 160.61 477.84 219.11 -1000 -1000 -1000 -10 -1 -1 -1
39 7845 Pedestrian -1 -1 -10 22.04 188.59 50.24 259.01 -1000 -1000 -1000 -10 -1 -1 -1
40 7846 Car -1 -1 -10 407.47 161.05 472.51 223.07 -1000 -1000 -1000 -10 -1 -1 -1
41 7847 Car -1 -1 -10 397.16 163.58 465.64 227.47 -1000 -1000 -1000 -10 -1 -1 -1
41 7848 Pedestrian -1 -1 -10 1040.30 203.05 1061.10 260.38 -1000 -1000 -1000 -10 -1 -1 -1
42 7849 Car -1 -1 -10 386.91 164.16 462.56 230.21 -1000 -1000 -1000 -10 -1 -1 -1
42 7850 Car -1 -1 -10 386.60 164.39 461.74 230.62 -1000 -1000 -1000 -10 -1 -1 -1
43 7851 Car -1 -1 -10 374.46 159.96 455.28 231.73 -1000 -1000 -1000 -10 -1 -1 -1
43 7852 Pedestrian -1 -1 -10 289.09 187.04 306.01 230.73 -1000 -1000 -1000 -10 -1 -1 -1
44 7853 Car -1 -1 -10 361.25 159.23 448.86 233.57 -1000 -1000 -1000 -10 -1 -1 -1
44 7854 Car -1 -1 -10 361.20 158.31 448.43 233.25 -1000 -1000 -1000 -10 -1 -1 -1
45 7855 Car -1 -1 -10 344.56 157.46 441.85 238.40 -1000 -1000 -1000 -10 -1 -1 -1
45 7856 Pedestrian -1 -1 -10 253.48 185.54 273.79 231.58 -1000 -1000 -1000 -10 -1 -1 -1
46 7857 Pedestrian -1 -1 -10 230.15 186.69 252.08 236.51 -1000 -1000 -1000 -10 -1 -1 -1
46 7858 Car -1 -1 -10 327.13 154.59 433.13 241.32 -1000 -1000 -1000 -10 -1 -1 -1
46 7859 Car -1 -1 -10 327.03 154.22 433.48 242.19 -1000 -1000 -1000 -10 -1 -1 -1
47 7860 Car -1 -1 -10 307.77 151.40 424.74 244.67 -1000 -1000 -1000 -10 -1 -1 -1
47 7861 Pedestrian -1 -1 -10 208.41 186.20 228.97 238.43 -1000 -1000 -1000 -10 -1 -1 -1
48 7862 Car -1 -1 -10 281.90 148.05 413.41 250.56 -1000 -1000 -1000 -10 -1 -1 -1
49 7863 Car -1 -1 -10 253.32 146.04 402.01 256.38 -1000 -1000 -1000 -10 -1 -1 -1
49 7864 Pedestrian -1 -1 -10 151.15 185.38 175.77 246.13 -1000 -1000 -1000 -10 -1 -1 -1
50 7865 Pedestrian -1 -1 -10 111.92 186.36 135.67 252.71 -1000 -1000 -1000 -10 -1 -1 -1
50 7866 Car -1 -1 -10 217.30 145.58 388.00 265.65 -1000 -1000 -1000 -10 -1 -1 -1
51 7867 Car -1 -1 -10 170.51 142.49 372.55 274.74 -1000 -1000 -1000 -10 -1 -1 -1
52 7868 Car -1 -1 -10 110.35 133.25 347.07 285.31 -1000 -1000 -1000 -10 -1 -1 -1
52 7869 Pedestrian -1 -1 -10 7.27 184.70 34.16 262.00 -1000 -1000 -1000 -10 -1 -1 -1
53 7870 Car -1 -1 -10 28.18 127.88 318.75 298.62 -1000 -1000 -1000 -10 -1 -1 -1
54 7871 Car -1 -1 -10 0.13 116.87 285.18 314.22 -1000 -1000 -1000 -10 -1 -1 -1
55 7872 Car -1 -1 -10 0.19 100.57 240.23 339.91 -1000 -1000 -1000 -10 -1 -1 -1
56 7873 Car -1 -1 -10 0.02 101.72 181.68 319.28 -1000 -1000 -1000 -10 -1 -1 -1
56 7874 Pedestrian -1 -1 -10 297.00 177.33 315.40 223.17 -1000 -1000 -1000 -10 -1 -1 -1
57 7875 Pedestrian -1 -1 -10 276.21 183.12 296.35 231.11 -1000 -1000 -1000 -10 -1 -1 -1
57 7876 Car -1 -1 -10 0.13 100.01 101.57 351.11 -1000 -1000 -1000 -10 -1 -1 -1
59 7877 Pedestrian -1 -1 -10 231.17 184.19 251.30 235.35 -1000 -1000 -1000 -10 -1 -1 -1
60 7878 Pedestrian -1 -1 -10 200.78 180.49 228.25 240.34 -1000 -1000 -1000 -10 -1 -1 -1
61 7879 Pedestrian -1 -1 -10 167.93 183.28 198.41 246.66 -1000 -1000 -1000 -10 -1 -1 -1
62 7880 Pedestrian -1 -1 -10 133.11 188.79 156.55 249.25 -1000 -1000 -1000 -10 -1 -1 -1
63 7881 Pedestrian -1 -1 -10 86.49 187.56 112.66 256.48 -1000 -1000 -1000 -10 -1 -1 -1
64 7882 Pedestrian -1 -1 -10 23.79 188.20 59.39 268.85 -1000 -1000 -1000 -10 -1 -1 -1
71 7883 Pedestrian -1 -1 -10 228.69 180.64 253.18 238.58 -1000 -1000 -1000 -10 -1 -1 -1
72 7884 Pedestrian -1 -1 -10 197.34 179.79 223.32 241.42 -1000 -1000 -1000 -10 -1 -1 -1
73 7885 Pedestrian -1 -1 -10 161.52 182.89 183.21 245.46 -1000 -1000 -1000 -10 -1 -1 -1
74 7886 Pedestrian -1 -1 -10 114.78 179.21 139.30 253.31 -1000 -1000 -1000 -10 -1 -1 -1
75 7887 Pedestrian -1 -1 -10 56.99 181.42 83.18 256.75 -1000 -1000 -1000 -10 -1 -1 -1
79 7888 Pedestrian -1 -1 -10 321.85 178.02 338.58 224.74 -1000 -1000 -1000 -10 -1 -1 -1
81 7889 Pedestrian -1 -1 -10 282.46 180.73 300.92 230.56 -1000 -1000 -1000 -10 -1 -1 -1
82 7890 Pedestrian -1 -1 -10 257.34 176.56 281.69 235.47 -1000 -1000 -1000 -10 -1 -1 -1
82 7891 Car -1 -1 -10 504.95 176.87 530.16 196.73 -1000 -1000 -1000 -10 -1 -1 -1
83 7892 Pedestrian -1 -1 -10 226.86 177.27 253.85 241.41 -1000 -1000 -1000 -10 -1 -1 -1
84 7893 Car -1 -1 -10 489.26 179.93 520.80 198.23 -1000 -1000 -1000 -10 -1 -1 -1
84 7894 Pedestrian -1 -1 -10 192.41 179.40 220.67 243.56 -1000 -1000 -1000 -10 -1 -1 -1
85 7895 Car -1 -1 -10 479.99 179.49 514.46 200.96 -1000 -1000 -1000 -10 -1 -1 -1
85 7896 Pedestrian -1 -1 -10 151.62 181.98 177.99 251.09 -1000 -1000 -1000 -10 -1 -1 -1
86 7897 Car -1 -1 -10 470.84 182.47 505.97 205.63 -1000 -1000 -1000 -10 -1 -1 -1
86 7898 Pedestrian -1 -1 -10 99.69 184.15 130.59 259.84 -1000 -1000 -1000 -10 -1 -1 -1
87 7899 Car -1 -1 -10 460.17 181.13 499.11 209.75 -1000 -1000 -1000 -10 -1 -1 -1
87 7900 Pedestrian -1 -1 -10 35.01 188.82 65.70 270.53 -1000 -1000 -1000 -10 -1 -1 -1
88 7901 Car -1 -1 -10 445.23 181.53 488.55 211.05 -1000 -1000 -1000 -10 -1 -1 -1
89 7902 Car -1 -1 -10 428.60 182.09 477.13 213.80 -1000 -1000 -1000 -10 -1 -1 -1
89 7903 Car -1 -1 -10 494.50 178.17 521.40 197.00 -1000 -1000 -1000 -10 -1 -1 -1
90 7904 Car -1 -1 -10 485.50 175.82 514.63 197.65 -1000 -1000 -1000 -10 -1 -1 -1
90 7905 Car -1 -1 -10 406.84 181.81 464.23 218.00 -1000 -1000 -1000 -10 -1 -1 -1
91 7906 Car -1 -1 -10 380.69 181.10 448.22 220.81 -1000 -1000 -1000 -10 -1 -1 -1
91 7907 Car -1 -1 -10 478.46 178.76 508.43 199.58 -1000 -1000 -1000 -10 -1 -1 -1
92 7908 Car -1 -1 -10 467.52 179.44 502.15 203.10 -1000 -1000 -1000 -10 -1 -1 -1
92 7909 Car -1 -1 -10 347.06 184.78 425.11 228.71 -1000 -1000 -1000 -10 -1 -1 -1
93 7910 Car -1 -1 -10 303.10 185.42 398.14 237.49 -1000 -1000 -1000 -10 -1 -1 -1
93 7911 Car -1 -1 -10 457.02 177.21 493.76 205.33 -1000 -1000 -1000 -10 -1 -1 -1
94 7912 Car -1 -1 -10 236.30 187.57 364.04 249.08 -1000 -1000 -1000 -10 -1 -1 -1
94 7913 Car -1 -1 -10 444.65 176.98 486.14 205.56 -1000 -1000 -1000 -10 -1 -1 -1
94 7914 Car -1 -1 -10 525.19 173.23 552.82 188.73 -1000 -1000 -1000 -10 -1 -1 -1
95 7915 Car -1 -1 -10 138.91 191.76 314.28 272.90 -1000 -1000 -1000 -10 -1 -1 -1
95 7916 Car -1 -1 -10 424.96 179.23 475.37 211.90 -1000 -1000 -1000 -10 -1 -1 -1
96 7917 Car -1 -1 -10 0.00 196.24 239.07 307.72 -1000 -1000 -1000 -10 -1 -1 -1
96 7918 Car -1 -1 -10 408.87 180.14 461.74 216.56 -1000 -1000 -1000 -10 -1 -1 -1
97 7919 Car -1 -1 -10 0.10 205.63 111.08 315.38 -1000 -1000 -1000 -10 -1 -1 -1
97 7920 Car -1 -1 -10 383.73 180.38 449.06 219.85 -1000 -1000 -1000 -10 -1 -1 -1
97 7921 Pedestrian -1 -1 -10 145.29 183.01 173.84 256.02 -1000 -1000 -1000 -10 -1 -1 -1
98 7922 Car -1 -1 -10 352.91 180.81 427.26 227.65 -1000 -1000 -1000 -10 -1 -1 -1
99 7923 Car -1 -1 -10 309.42 183.12 403.28 235.23 -1000 -1000 -1000 -10 -1 -1 -1
99 7924 Pedestrian -1 -1 -10 19.43 183.59 51.95 275.92 -1000 -1000 -1000 -10 -1 -1 -1
99 7925 Car -1 -1 -10 510.19 175.15 535.56 194.23 -1000 -1000 -1000 -10 -1 -1 -1
100 7926 Car -1 -1 -10 248.43 185.58 368.70 249.26 -1000 -1000 -1000 -10 -1 -1 -1
100 7927 Car -1 -1 -10 504.87 176.64 533.27 196.38 -1000 -1000 -1000 -10 -1 -1 -1
101 7928 Car -1 -1 -10 153.33 188.73 321.27 270.96 -1000 -1000 -1000 -10 -1 -1 -1
101 7929 Car -1 -1 -10 501.03 177.36 529.87 196.73 -1000 -1000 -1000 -10 -1 -1 -1
102 7930 Car -1 -1 -10 0.00 191.73 248.15 300.18 -1000 -1000 -1000 -10 -1 -1 -1
102 7931 Car -1 -1 -10 497.53 177.80 527.97 197.11 -1000 -1000 -1000 -10 -1 -1 -1
102 7932 Pedestrian -1 -1 -10 336.90 178.46 355.63 226.12 -1000 -1000 -1000 -10 -1 -1 -1
103 7933 Car -1 -1 -10 0.20 193.44 122.75 318.73 -1000 -1000 -1000 -10 -1 -1 -1
103 7934 Car -1 -1 -10 491.52 177.35 522.64 197.67 -1000 -1000 -1000 -10 -1 -1 -1
103 7935 Pedestrian -1 -1 -10 319.54 177.40 338.41 229.19 -1000 -1000 -1000 -10 -1 -1 -1
104 7936 Car -1 -1 -10 485.83 180.56 517.63 200.50 -1000 -1000 -1000 -10 -1 -1 -1
104 7937 Pedestrian -1 -1 -10 297.52 178.55 320.39 235.44 -1000 -1000 -1000 -10 -1 -1 -1
105 7938 Car -1 -1 -10 476.37 179.66 511.52 202.33 -1000 -1000 -1000 -10 -1 -1 -1
106 7939 Car -1 -1 -10 467.53 179.55 503.99 203.33 -1000 -1000 -1000 -10 -1 -1 -1
106 7940 Pedestrian -1 -1 -10 240.82 178.41 269.81 245.10 -1000 -1000 -1000 -10 -1 -1 -1
106 7941 Car -1 -1 -10 523.50 175.08 544.75 190.55 -1000 -1000 -1000 -10 -1 -1 -1
107 7942 Car -1 -1 -10 454.68 178.24 495.31 205.87 -1000 -1000 -1000 -10 -1 -1 -1
107 7943 Car -1 -1 -10 523.96 175.37 543.37 190.25 -1000 -1000 -1000 -10 -1 -1 -1
108 7944 Pedestrian -1 -1 -10 166.59 180.30 196.28 253.50 -1000 -1000 -1000 -10 -1 -1 -1
108 7945 Car -1 -1 -10 440.29 178.93 485.08 209.83 -1000 -1000 -1000 -10 -1 -1 -1
109 7946 Car -1 -1 -10 424.21 179.63 474.91 212.76 -1000 -1000 -1000 -10 -1 -1 -1
109 7947 Pedestrian -1 -1 -10 113.16 178.71 144.17 259.68 -1000 -1000 -1000 -10 -1 -1 -1
110 7949 Car -1 -1 -10 403.18 180.77 459.09 217.98 -1000 -1000 -1000 -10 -1 -1 -1
110 7950 Pedestrian -1 -1 -10 38.67 177.89 79.54 273.48 -1000 -1000 -1000 -10 -1 -1 -1
110 7951 Car -1 -1 -10 509.21 175.42 533.67 194.23 -1000 -1000 -1000 -10 -1 -1 -1
111 7952 Car -1 -1 -10 374.11 180.75 443.26 223.34 -1000 -1000 -1000 -10 -1 -1 -1
111 7953 Car -1 -1 -10 505.07 174.55 531.08 195.86 -1000 -1000 -1000 -10 -1 -1 -1
112 7954 Car -1 -1 -10 338.73 180.49 422.03 227.21 -1000 -1000 -1000 -10 -1 -1 -1
112 7955 Car -1 -1 -10 501.24 173.68 528.63 195.29 -1000 -1000 -1000 -10 -1 -1 -1
113 7956 Car -1 -1 -10 289.92 180.91 395.65 236.21 -1000 -1000 -1000 -10 -1 -1 -1
113 7957 Car -1 -1 -10 497.97 172.83 524.73 195.06 -1000 -1000 -1000 -10 -1 -1 -1
114 7958 Car -1 -1 -10 490.36 172.64 519.36 196.99 -1000 -1000 -1000 -10 -1 -1 -1
114 7959 Car -1 -1 -10 220.64 184.31 357.43 251.16 -1000 -1000 -1000 -10 -1 -1 -1
115 7960 Car -1 -1 -10 112.21 186.68 306.00 272.37 -1000 -1000 -1000 -10 -1 -1 -1
115 7961 Car -1 -1 -10 482.62 174.85 513.23 198.07 -1000 -1000 -1000 -10 -1 -1 -1
115 7962 Pedestrian -1 -1 -10 302.31 172.67 320.86 224.70 -1000 -1000 -1000 -10 -1 -1 -1
116 7963 Car -1 -1 -10 0.14 191.79 224.68 308.15 -1000 -1000 -1000 -10 -1 -1 -1
116 7964 Car -1 -1 -10 473.78 177.10 508.04 202.50 -1000 -1000 -1000 -10 -1 -1 -1
116 7965 Pedestrian -1 -1 -10 277.76 174.57 300.17 233.98 -1000 -1000 -1000 -10 -1 -1 -1
117 7966 Car -1 -1 -10 464.69 176.34 500.79 203.27 -1000 -1000 -1000 -10 -1 -1 -1
117 7967 Car -1 -1 -10 0.03 204.01 83.00 316.75 -1000 -1000 -1000 -10 -1 -1 -1
117 7968 Pedestrian -1 -1 -10 249.92 175.08 272.67 235.91 -1000 -1000 -1000 -10 -1 -1 -1
118 7969 Car -1 -1 -10 453.04 177.27 494.40 207.44 -1000 -1000 -1000 -10 -1 -1 -1
118 7970 Pedestrian -1 -1 -10 216.61 174.43 241.63 243.33 -1000 -1000 -1000 -10 -1 -1 -1
119 7971 Car -1 -1 -10 438.26 178.17 484.99 210.52 -1000 -1000 -1000 -10 -1 -1 -1
119 7972 Pedestrian -1 -1 -10 177.04 175.49 202.45 250.81 -1000 -1000 -1000 -10 -1 -1 -1
120 7973 Car -1 -1 -10 422.62 178.92 476.61 214.37 -1000 -1000 -1000 -10 -1 -1 -1
120 7974 Pedestrian -1 -1 -10 126.33 175.15 155.20 257.90 -1000 -1000 -1000 -10 -1 -1 -1
121 7975 Car -1 -1 -10 404.07 180.19 461.28 219.58 -1000 -1000 -1000 -10 -1 -1 -1
121 7976 Pedestrian -1 -1 -10 51.20 177.18 96.61 271.07 -1000 -1000 -1000 -10 -1 -1 -1
122 7977 Car -1 -1 -10 376.76 180.51 444.59 225.60 -1000 -1000 -1000 -10 -1 -1 -1
123 7978 Car -1 -1 -10 340.06 181.10 425.66 233.10 -1000 -1000 -1000 -10 -1 -1 -1
124 7979 Car -1 -1 -10 294.21 183.45 400.14 243.79 -1000 -1000 -1000 -10 -1 -1 -1
125 7980 Car -1 -1 -10 222.51 184.68 361.53 260.92 -1000 -1000 -1000 -10 -1 -1 -1
126 7981 Car -1 -1 -10 111.44 190.06 309.06 285.59 -1000 -1000 -1000 -10 -1 -1 -1
127 7982 Car -1 -1 -10 0.14 193.84 223.78 321.03 -1000 -1000 -1000 -10 -1 -1 -1
127 7983 Pedestrian -1 -1 -10 285.51 175.97 311.08 235.68 -1000 -1000 -1000 -10 -1 -1 -1
128 7984 Car -1 -1 -10 0.02 204.16 77.03 335.06 -1000 -1000 -1000 -10 -1 -1 -1
128 7985 Pedestrian -1 -1 -10 259.60 179.13 287.75 239.67 -1000 -1000 -1000 -10 -1 -1 -1
129 7986 Pedestrian -1 -1 -10 227.45 178.18 260.04 245.55 -1000 -1000 -1000 -10 -1 -1 -1
130 7987 Pedestrian -1 -1 -10 193.11 178.82 221.88 252.09 -1000 -1000 -1000 -10 -1 -1 -1
132 7988 Pedestrian -1 -1 -10 90.36 177.28 124.44 260.99 -1000 -1000 -1000 -10 -1 -1 -1
133 7989 Pedestrian -1 -1 -10 18.51 174.17 61.44 275.49 -1000 -1000 -1000 -10 -1 -1 -1
134 7990 Pedestrian -1 -1 -10 373.17 168.44 387.90 214.11 -1000 -1000 -1000 -10 -1 -1 -1
137 7991 Pedestrian -1 -1 -10 325.30 171.34 346.44 226.56 -1000 -1000 -1000 -10 -1 -1 -1
138 7992 Pedestrian -1 -1 -10 307.87 172.44 329.09 231.34 -1000 -1000 -1000 -10 -1 -1 -1
139 7993 Pedestrian -1 -1 -10 283.46 175.07 307.31 236.57 -1000 -1000 -1000 -10 -1 -1 -1
140 7994 Pedestrian -1 -1 -10 254.73 175.74 281.89 240.43 -1000 -1000 -1000 -10 -1 -1 -1
141 7995 Pedestrian -1 -1 -10 222.49 175.53 245.97 241.64 -1000 -1000 -1000 -10 -1 -1 -1
142 7996 Pedestrian -1 -1 -10 180.17 170.12 211.60 246.96 -1000 -1000 -1000 -10 -1 -1 -1
143 7997 Pedestrian -1 -1 -10 128.69 168.81 154.33 250.20 -1000 -1000 -1000 -10 -1 -1 -1
143 7998 Pedestrian -1 -1 -10 323.93 164.43 344.52 220.10 -1000 -1000 -1000 -10 -1 -1 -1
143 7999 Car -1 -1 -10 583.89 167.77 607.64 186.26 -1000 -1000 -1000 -10 -1 -1 -1
144 8000 Pedestrian -1 -1 -10 59.57 167.92 92.28 260.78 -1000 -1000 -1000 -10 -1 -1 -1
144 8001 Pedestrian -1 -1 -10 300.47 165.21 323.16 226.17 -1000 -1000 -1000 -10 -1 -1 -1
144 8002 Car -1 -1 -10 581.18 167.54 607.59 187.75 -1000 -1000 -1000 -10 -1 -1 -1
145 8003 Pedestrian -1 -1 -10 276.26 168.14 303.49 229.03 -1000 -1000 -1000 -10 -1 -1 -1
145 8004 Pedestrian -1 -1 -10 380.90 167.85 398.17 209.77 -1000 -1000 -1000 -10 -1 -1 -1
146 8005 Pedestrian -1 -1 -10 245.21 171.10 273.08 237.00 -1000 -1000 -1000 -10 -1 -1 -1
147 8006 Pedestrian -1 -1 -10 208.75 171.97 242.77 243.87 -1000 -1000 -1000 -10 -1 -1 -1
147 8007 Pedestrian -1 -1 -10 500.95 171.73 512.18 203.20 -1000 -1000 -1000 -10 -1 -1 -1
148 8008 Pedestrian -1 -1 -10 168.61 173.64 198.55 251.39 -1000 -1000 -1000 -10 -1 -1 -1
148 8009 Pedestrian -1 -1 -10 494.83 167.74 509.50 203.56 -1000 -1000 -1000 -10 -1 -1 -1
149 8010 Pedestrian -1 -1 -10 317.05 171.87 337.02 227.02 -1000 -1000 -1000 -10 -1 -1 -1
149 8011 Pedestrian -1 -1 -10 114.49 174.84 148.27 260.19 -1000 -1000 -1000 -10 -1 -1 -1
150 8012 Pedestrian -1 -1 -10 50.34 174.30 84.06 270.01 -1000 -1000 -1000 -10 -1 -1 -1
151 8014 Pedestrian -1 -1 -10 274.70 170.65 295.91 234.05 -1000 -1000 -1000 -10 -1 -1 -1
152 8015 Pedestrian -1 -1 -10 247.28 173.05 270.86 237.35 -1000 -1000 -1000 -10 -1 -1 -1
153 8016 Pedestrian -1 -1 -10 210.34 174.00 246.62 244.78 -1000 -1000 -1000 -10 -1 -1 -1
154 8017 Pedestrian -1 -1 -10 181.67 172.08 209.34 242.58 -1000 -1000 -1000 -10 -1 -1 -1
155 8018 Pedestrian -1 -1 -10 136.23 164.76 169.49 248.28 -1000 -1000 -1000 -10 -1 -1 -1
156 8019 Pedestrian -1 -1 -10 84.41 164.53 113.74 252.87 -1000 -1000 -1000 -10 -1 -1 -1
157 8020 Pedestrian -1 -1 -10 18.55 167.78 47.56 264.91 -1000 -1000 -1000 -10 -1 -1 -1
157 8021 Pedestrian -1 -1 -10 255.66 165.48 279.27 220.79 -1000 -1000 -1000 -10 -1 -1 -1
158 8022 Pedestrian -1 -1 -10 230.03 170.10 257.29 223.57 -1000 -1000 -1000 -10 -1 -1 -1
159 8023 Car -1 -1 -10 576.65 174.22 605.30 201.64 -1000 -1000 -1000 -10 -1 -1 -1
159 8024 Pedestrian -1 -1 -10 270.02 173.96 290.37 224.33 -1000 -1000 -1000 -10 -1 -1 -1
159 8025 Pedestrian -1 -1 -10 204.88 172.61 229.31 234.76 -1000 -1000 -1000 -10 -1 -1 -1
160 8026 Pedestrian -1 -1 -10 168.55 171.25 201.61 242.78 -1000 -1000 -1000 -10 -1 -1 -1
160 8027 Car -1 -1 -10 574.80 172.95 605.97 201.53 -1000 -1000 -1000 -10 -1 -1 -1
160 8028 Pedestrian -1 -1 -10 680.03 180.21 699.12 237.88 -1000 -1000 -1000 -10 -1 -1 -1
161 8029 Pedestrian -1 -1 -10 131.32 168.75 165.08 241.87 -1000 -1000 -1000 -10 -1 -1 -1
161 8030 Pedestrian -1 -1 -10 326.81 165.25 343.21 206.94 -1000 -1000 -1000 -10 -1 -1 -1
161 8031 Car -1 -1 -10 576.00 167.03 606.71 195.24 -1000 -1000 -1000 -10 -1 -1 -1
161 8032 Pedestrian -1 -1 -10 223.49 164.94 248.06 224.48 -1000 -1000 -1000 -10 -1 -1 -1
161 8033 Pedestrian -1 -1 -10 682.69 174.44 707.85 236.11 -1000 -1000 -1000 -10 -1 -1 -1
162 8034 Pedestrian -1 -1 -10 692.93 168.87 716.77 233.91 -1000 -1000 -1000 -10 -1 -1 -1
162 8035 Pedestrian -1 -1 -10 195.31 159.86 221.64 222.84 -1000 -1000 -1000 -10 -1 -1 -1
162 8036 Car -1 -1 -10 577.45 161.49 607.34 187.43 -1000 -1000 -1000 -10 -1 -1 -1
162 8037 Pedestrian -1 -1 -10 271.27 159.92 292.66 213.40 -1000 -1000 -1000 -10 -1 -1 -1
162 8038 Pedestrian -1 -1 -10 86.53 163.45 119.06 240.99 -1000 -1000 -1000 -10 -1 -1 -1
163 8039 Pedestrian -1 -1 -10 699.91 168.68 731.43 243.83 -1000 -1000 -1000 -10 -1 -1 -1
163 8040 Pedestrian -1 -1 -10 30.51 164.21 61.94 253.79 -1000 -1000 -1000 -10 -1 -1 -1
163 8041 Pedestrian -1 -1 -10 302.11 160.61 320.13 207.67 -1000 -1000 -1000 -10 -1 -1 -1
163 8042 Pedestrian -1 -1 -10 164.28 163.59 193.02 232.11 -1000 -1000 -1000 -10 -1 -1 -1
164 8043 Pedestrian -1 -1 -10 711.64 171.76 740.02 249.60 -1000 -1000 -1000 -10 -1 -1 -1
164 8044 Car -1 -1 -10 577.59 165.79 609.53 193.22 -1000 -1000 -1000 -10 -1 -1 -1
164 8045 Pedestrian -1 -1 -10 228.61 164.48 254.23 224.50 -1000 -1000 -1000 -10 -1 -1 -1
164 8046 Pedestrian -1 -1 -10 129.74 166.93 153.71 237.72 -1000 -1000 -1000 -10 -1 -1 -1
164 8047 Pedestrian -1 -1 -10 287.05 163.28 305.67 213.44 -1000 -1000 -1000 -10 -1 -1 -1
164 8048 Pedestrian -1 -1 -10 382.04 162.30 400.70 220.30 -1000 -1000 -1000 -10 -1 -1 -1
164 8049 Pedestrian -1 -1 -10 333.90 162.00 367.48 247.77 -1000 -1000 -1000 -10 -1 -1 -1
165 8050 Car -1 -1 -10 575.22 168.85 608.32 197.96 -1000 -1000 -1000 -10 -1 -1 -1
165 8051 Pedestrian -1 -1 -10 205.44 172.06 231.23 233.54 -1000 -1000 -1000 -10 -1 -1 -1
165 8052 Pedestrian -1 -1 -10 315.77 164.74 344.89 252.58 -1000 -1000 -1000 -10 -1 -1 -1
165 8053 Pedestrian -1 -1 -10 724.14 172.48 754.83 263.52 -1000 -1000 -1000 -10 -1 -1 -1
165 8054 Pedestrian -1 -1 -10 85.90 172.55 117.78 247.21 -1000 -1000 -1000 -10 -1 -1 -1
165 8055 Pedestrian -1 -1 -10 268.67 171.11 289.85 222.16 -1000 -1000 -1000 -10 -1 -1 -1
166 8056 Pedestrian -1 -1 -10 682.11 171.00 703.88 234.03 -1000 -1000 -1000 -10 -1 -1 -1
166 8057 Car -1 -1 -10 575.18 168.87 609.29 198.22 -1000 -1000 -1000 -10 -1 -1 -1
166 8058 Pedestrian -1 -1 -10 353.56 169.50 373.80 235.35 -1000 -1000 -1000 -10 -1 -1 -1
166 8059 Pedestrian -1 -1 -10 288.76 169.36 321.48 261.91 -1000 -1000 -1000 -10 -1 -1 -1
166 8060 Pedestrian -1 -1 -10 178.51 174.19 201.12 238.29 -1000 -1000 -1000 -10 -1 -1 -1
166 8061 Pedestrian -1 -1 -10 37.54 175.28 72.15 258.66 -1000 -1000 -1000 -10 -1 -1 -1
166 8062 Pedestrian -1 -1 -10 740.00 168.01 773.45 273.19 -1000 -1000 -1000 -10 -1 -1 -1
166 8063 Pedestrian -1 -1 -10 252.42 171.37 273.40 223.90 -1000 -1000 -1000 -10 -1 -1 -1
167 8064 Pedestrian -1 -1 -10 759.58 163.91 793.86 286.33 -1000 -1000 -1000 -10 -1 -1 -1
167 8065 Pedestrian -1 -1 -10 391.21 164.02 409.15 215.22 -1000 -1000 -1000 -10 -1 -1 -1
167 8066 Pedestrian -1 -1 -10 690.46 171.58 711.06 237.22 -1000 -1000 -1000 -10 -1 -1 -1
167 8067 Pedestrian -1 -1 -10 336.40 164.37 358.72 233.69 -1000 -1000 -1000 -10 -1 -1 -1
167 8069 Car -1 -1 -10 576.71 166.71 610.62 196.25 -1000 -1000 -1000 -10 -1 -1 -1
167 8070 Pedestrian -1 -1 -10 254.90 169.79 283.94 267.80 -1000 -1000 -1000 -10 -1 -1 -1
168 8071 Pedestrian -1 -1 -10 211.57 168.69 247.79 279.74 -1000 -1000 -1000 -10 -1 -1 -1
168 8072 Pedestrian -1 -1 -10 786.54 178.46 823.81 298.95 -1000 -1000 -1000 -10 -1 -1 -1
168 8073 Car -1 -1 -10 577.04 167.92 610.69 197.90 -1000 -1000 -1000 -10 -1 -1 -1
168 8074 Pedestrian -1 -1 -10 316.45 170.66 339.73 234.64 -1000 -1000 -1000 -10 -1 -1 -1
168 8075 Pedestrian -1 -1 -10 111.88 171.09 147.44 248.47 -1000 -1000 -1000 -10 -1 -1 -1
169 8076 Pedestrian -1 -1 -10 707.54 170.14 733.85 253.43 -1000 -1000 -1000 -10 -1 -1 -1
169 8077 Pedestrian -1 -1 -10 819.24 181.31 859.96 321.92 -1000 -1000 -1000 -10 -1 -1 -1
170 8078 Pedestrian -1 -1 -10 720.20 177.80 745.90 265.26 -1000 -1000 -1000 -10 -1 -1 -1
170 8079 Pedestrian -1 -1 -10 158.92 175.39 183.23 240.26 -1000 -1000 -1000 -10 -1 -1 -1
170 8080 Pedestrian -1 -1 -10 356.61 170.80 376.09 231.57 -1000 -1000 -1000 -10 -1 -1 -1
170 8081 Pedestrian -1 -1 -10 21.65 177.80 47.61 261.69 -1000 -1000 -1000 -10 -1 -1 -1
170 8082 Pedestrian -1 -1 -10 264.41 174.45 293.52 255.36 -1000 -1000 -1000 -10 -1 -1 -1
171 8084 Pedestrian -1 -1 -10 732.38 182.30 761.75 281.64 -1000 -1000 -1000 -10 -1 -1 -1
171 8085 Pedestrian -1 -1 -10 238.32 179.00 263.79 264.61 -1000 -1000 -1000 -10 -1 -1 -1
171 8086 Pedestrian -1 -1 -10 339.47 177.36 364.47 240.50 -1000 -1000 -1000 -10 -1 -1 -1
171 8087 Car -1 -1 -10 578.07 173.21 615.54 208.88 -1000 -1000 -1000 -10 -1 -1 -1
171 8088 Car -1 -1 -10 541.15 180.67 569.20 202.74 -1000 -1000 -1000 -10 -1 -1 -1
171 8089 Pedestrian -1 -1 -10 128.56 180.96 153.58 248.03 -1000 -1000 -1000 -10 -1 -1 -1
172 8090 Pedestrian -1 -1 -10 89.38 181.49 124.24 257.65 -1000 -1000 -1000 -10 -1 -1 -1
172 8091 Pedestrian -1 -1 -10 749.98 184.51 779.52 293.20 -1000 -1000 -1000 -10 -1 -1 -1
172 8092 Car -1 -1 -10 540.76 180.49 569.43 203.50 -1000 -1000 -1000 -10 -1 -1 -1
172 8093 Pedestrian -1 -1 -10 325.41 177.44 347.01 242.05 -1000 -1000 -1000 -10 -1 -1 -1
172 8094 Pedestrian -1 -1 -10 198.85 180.50 227.28 273.30 -1000 -1000 -1000 -10 -1 -1 -1
172 8095 Pedestrian -1 -1 -10 834.14 150.80 867.67 234.71 -1000 -1000 -1000 -10 -1 -1 -1
173 8096 Pedestrian -1 -1 -10 153.12 180.82 195.16 284.52 -1000 -1000 -1000 -10 -1 -1 -1
173 8097 Pedestrian -1 -1 -10 771.20 181.62 805.05 298.10 -1000 -1000 -1000 -10 -1 -1 -1
173 8098 Pedestrian -1 -1 -10 419.14 173.21 434.54 221.46 -1000 -1000 -1000 -10 -1 -1 -1
173 8099 Pedestrian -1 -1 -10 307.21 175.52 330.34 240.69 -1000 -1000 -1000 -10 -1 -1 -1
174 8100 Pedestrian -1 -1 -10 0.00 180.73 27.89 263.63 -1000 -1000 -1000 -10 -1 -1 -1
174 8101 Pedestrian -1 -1 -10 90.95 179.11 125.71 295.59 -1000 -1000 -1000 -10 -1 -1 -1
174 8102 Pedestrian -1 -1 -10 284.64 175.19 312.17 247.06 -1000 -1000 -1000 -10 -1 -1 -1
174 8103 Pedestrian -1 -1 -10 144.29 178.91 166.59 244.58 -1000 -1000 -1000 -10 -1 -1 -1
174 8104 Pedestrian -1 -1 -10 798.10 179.96 841.88 332.29 -1000 -1000 -1000 -10 -1 -1 -1
175 8105 Pedestrian -1 -1 -10 263.01 173.10 289.65 246.59 -1000 -1000 -1000 -10 -1 -1 -1
175 8106 Car -1 -1 -10 539.41 177.32 569.99 201.24 -1000 -1000 -1000 -10 -1 -1 -1
175 8107 Pedestrian -1 -1 -10 111.81 178.57 137.57 248.07 -1000 -1000 -1000 -10 -1 -1 -1
176 8108 Pedestrian -1 -1 -10 234.61 175.81 260.34 255.73 -1000 -1000 -1000 -10 -1 -1 -1
176 8109 Car -1 -1 -10 539.10 177.63 571.06 202.23 -1000 -1000 -1000 -10 -1 -1 -1
176 8110 Pedestrian -1 -1 -10 72.99 180.23 97.16 253.24 -1000 -1000 -1000 -10 -1 -1 -1
176 8111 Pedestrian -1 -1 -10 686.20 175.16 708.42 233.03 -1000 -1000 -1000 -10 -1 -1 -1
177 8113 Pedestrian -1 -1 -10 200.13 168.83 231.74 260.02 -1000 -1000 -1000 -10 -1 -1 -1
177 8114 Car -1 -1 -10 538.88 177.87 570.46 202.40 -1000 -1000 -1000 -10 -1 -1 -1
177 8115 Pedestrian -1 -1 -10 27.61 179.03 59.35 256.62 -1000 -1000 -1000 -10 -1 -1 -1
177 8116 Car -1 -1 -10 579.35 175.69 617.85 208.28 -1000 -1000 -1000 -10 -1 -1 -1
178 8117 Pedestrian -1 -1 -10 160.99 176.63 189.72 267.49 -1000 -1000 -1000 -10 -1 -1 -1
178 8118 Car -1 -1 -10 537.88 180.58 569.68 203.15 -1000 -1000 -1000 -10 -1 -1 -1
178 8119 Car -1 -1 -10 581.68 175.69 620.38 210.82 -1000 -1000 -1000 -10 -1 -1 -1
179 8120 Pedestrian -1 -1 -10 705.47 180.02 732.84 256.11 -1000 -1000 -1000 -10 -1 -1 -1
179 8121 Pedestrian -1 -1 -10 356.44 173.74 377.45 235.20 -1000 -1000 -1000 -10 -1 -1 -1
179 8122 Pedestrian -1 -1 -10 111.81 174.66 141.16 277.61 -1000 -1000 -1000 -10 -1 -1 -1
180 8123 Pedestrian -1 -1 -10 47.93 177.18 81.66 292.46 -1000 -1000 -1000 -10 -1 -1 -1
180 8124 Pedestrian -1 -1 -10 715.23 181.70 741.55 261.34 -1000 -1000 -1000 -10 -1 -1 -1
180 8125 Pedestrian -1 -1 -10 341.55 173.65 363.16 234.91 -1000 -1000 -1000 -10 -1 -1 -1
181 8126 Pedestrian -1 -1 -10 726.82 180.16 752.29 270.79 -1000 -1000 -1000 -10 -1 -1 -1
181 8127 Car -1 -1 -10 583.62 178.79 623.23 212.42 -1000 -1000 -1000 -10 -1 -1 -1
182 8128 Pedestrian -1 -1 -10 741.28 178.39 769.27 283.55 -1000 -1000 -1000 -10 -1 -1 -1
182 8129 Pedestrian -1 -1 -10 307.54 171.80 329.64 242.02 -1000 -1000 -1000 -10 -1 -1 -1
182 8130 Car -1 -1 -10 582.52 173.78 625.47 211.34 -1000 -1000 -1000 -10 -1 -1 -1
182 8131 Pedestrian -1 -1 -10 778.34 181.48 797.58 237.68 -1000 -1000 -1000 -10 -1 -1 -1
182 8132 Car -1 -1 -10 537.67 182.40 569.47 203.65 -1000 -1000 -1000 -10 -1 -1 -1
183 8133 Pedestrian -1 -1 -10 755.93 180.32 795.09 292.90 -1000 -1000 -1000 -10 -1 -1 -1
183 8134 Car -1 -1 -10 583.62 177.28 625.47 212.35 -1000 -1000 -1000 -10 -1 -1 -1
183 8135 Pedestrian -1 -1 -10 285.52 174.67 310.88 247.28 -1000 -1000 -1000 -10 -1 -1 -1
183 8136 Car -1 -1 -10 536.94 182.46 568.66 204.96 -1000 -1000 -1000 -10 -1 -1 -1
184 8137 Car -1 -1 -10 536.00 181.52 569.11 208.24 -1000 -1000 -1000 -10 -1 -1 -1
184 8138 Pedestrian -1 -1 -10 260.98 179.55 284.01 250.31 -1000 -1000 -1000 -10 -1 -1 -1
185 8139 Pedestrian -1 -1 -10 230.43 179.48 256.39 257.45 -1000 -1000 -1000 -10 -1 -1 -1
185 8140 Car -1 -1 -10 534.86 180.72 568.70 209.32 -1000 -1000 -1000 -10 -1 -1 -1
186 8141 Car -1 -1 -10 533.56 179.21 569.33 210.07 -1000 -1000 -1000 -10 -1 -1 -1
186 8142 Pedestrian -1 -1 -10 194.42 181.75 219.92 264.31 -1000 -1000 -1000 -10 -1 -1 -1
186 8143 Pedestrian -1 -1 -10 802.25 185.18 832.29 280.77 -1000 -1000 -1000 -10 -1 -1 -1
186 8144 Pedestrian -1 -1 -10 381.07 172.47 402.41 231.92 -1000 -1000 -1000 -10 -1 -1 -1
187 8145 Pedestrian -1 -1 -10 147.89 180.62 178.19 273.58 -1000 -1000 -1000 -10 -1 -1 -1
187 8146 Car -1 -1 -10 531.81 179.95 567.51 210.55 -1000 -1000 -1000 -10 -1 -1 -1
188 8147 Pedestrian -1 -1 -10 89.48 181.08 124.58 287.58 -1000 -1000 -1000 -10 -1 -1 -1
188 8148 Car -1 -1 -10 530.99 178.28 568.36 210.29 -1000 -1000 -1000 -10 -1 -1 -1
188 8149 Car -1 -1 -10 582.64 177.79 625.58 216.75 -1000 -1000 -1000 -10 -1 -1 -1
188 8150 Pedestrian -1 -1 -10 352.80 178.01 373.55 237.37 -1000 -1000 -1000 -10 -1 -1 -1
189 8151 Car -1 -1 -10 530.28 177.39 567.33 209.64 -1000 -1000 -1000 -10 -1 -1 -1
189 8152 Pedestrian -1 -1 -10 22.62 180.26 69.20 303.50 -1000 -1000 -1000 -10 -1 -1 -1
189 8153 Car -1 -1 -10 583.69 178.39 625.83 216.46 -1000 -1000 -1000 -10 -1 -1 -1
190 8154 Car -1 -1 -10 528.38 177.39 567.12 208.44 -1000 -1000 -1000 -10 -1 -1 -1
190 8155 Car -1 -1 -10 582.08 177.77 626.27 215.33 -1000 -1000 -1000 -10 -1 -1 -1
190 8156 Pedestrian -1 -1 -10 316.45 174.40 337.25 244.22 -1000 -1000 -1000 -10 -1 -1 -1
191 8157 Car -1 -1 -10 526.28 178.45 564.68 208.85 -1000 -1000 -1000 -10 -1 -1 -1
191 8158 Pedestrian -1 -1 -10 292.54 174.45 321.88 247.09 -1000 -1000 -1000 -10 -1 -1 -1
191 8159 Car -1 -1 -10 581.65 178.42 626.69 216.01 -1000 -1000 -1000 -10 -1 -1 -1
191 8160 Pedestrian -1 -1 -10 368.95 165.79 390.87 233.99 -1000 -1000 -1000 -10 -1 -1 -1
192 8161 Car -1 -1 -10 524.26 179.84 563.84 210.38 -1000 -1000 -1000 -10 -1 -1 -1
192 8162 Car -1 -1 -10 581.68 179.29 626.21 217.52 -1000 -1000 -1000 -10 -1 -1 -1
192 8163 Pedestrian -1 -1 -10 356.03 168.07 376.72 236.53 -1000 -1000 -1000 -10 -1 -1 -1
193 8164 Pedestrian -1 -1 -10 239.40 180.79 265.16 256.94 -1000 -1000 -1000 -10 -1 -1 -1
193 8165 Car -1 -1 -10 521.70 179.40 562.95 210.97 -1000 -1000 -1000 -10 -1 -1 -1
193 8166 Car -1 -1 -10 580.47 179.74 626.65 218.31 -1000 -1000 -1000 -10 -1 -1 -1
193 8167 Pedestrian -1 -1 -10 336.24 178.59 359.77 244.54 -1000 -1000 -1000 -10 -1 -1 -1
194 8168 Car -1 -1 -10 520.82 179.29 562.54 212.10 -1000 -1000 -1000 -10 -1 -1 -1
194 8169 Pedestrian -1 -1 -10 202.21 178.46 232.29 266.61 -1000 -1000 -1000 -10 -1 -1 -1
194 8170 Car -1 -1 -10 579.85 179.94 626.98 219.51 -1000 -1000 -1000 -10 -1 -1 -1
194 8171 Pedestrian -1 -1 -10 317.55 177.10 344.80 243.74 -1000 -1000 -1000 -10 -1 -1 -1
195 8172 Car -1 -1 -10 579.21 180.51 625.82 218.57 -1000 -1000 -1000 -10 -1 -1 -1
195 8173 Car -1 -1 -10 519.75 179.57 560.57 211.73 -1000 -1000 -1000 -10 -1 -1 -1
195 8174 Pedestrian -1 -1 -10 160.51 178.93 190.44 276.93 -1000 -1000 -1000 -10 -1 -1 -1
195 8175 Pedestrian -1 -1 -10 296.88 176.41 321.32 247.95 -1000 -1000 -1000 -10 -1 -1 -1
196 8176 Car -1 -1 -10 578.59 180.01 626.68 219.79 -1000 -1000 -1000 -10 -1 -1 -1
196 8177 Car -1 -1 -10 518.43 179.81 560.83 211.74 -1000 -1000 -1000 -10 -1 -1 -1
196 8178 Pedestrian -1 -1 -10 271.58 177.37 296.65 253.49 -1000 -1000 -1000 -10 -1 -1 -1
196 8179 Car -1 -1 -10 380.74 179.86 417.75 205.09 -1000 -1000 -1000 -10 -1 -1 -1
197 8180 Car -1 -1 -10 578.26 180.28 625.46 218.64 -1000 -1000 -1000 -10 -1 -1 -1
197 8181 Car -1 -1 -10 517.19 178.97 558.59 211.57 -1000 -1000 -1000 -10 -1 -1 -1
197 8182 Pedestrian -1 -1 -10 240.02 177.48 268.12 257.72 -1000 -1000 -1000 -10 -1 -1 -1
197 8183 Car -1 -1 -10 367.03 180.00 407.49 206.41 -1000 -1000 -1000 -10 -1 -1 -1
197 8184 Pedestrian -1 -1 -10 35.34 179.16 86.67 311.35 -1000 -1000 -1000 -10 -1 -1 -1
198 8185 Car -1 -1 -10 577.93 179.78 625.56 218.90 -1000 -1000 -1000 -10 -1 -1 -1
198 8186 Pedestrian -1 -1 -10 206.18 175.01 232.63 261.40 -1000 -1000 -1000 -10 -1 -1 -1
198 8187 Car -1 -1 -10 516.34 180.22 558.79 211.57 -1000 -1000 -1000 -10 -1 -1 -1
198 8188 Car -1 -1 -10 479.75 172.68 505.40 187.81 -1000 -1000 -1000 -10 -1 -1 -1
199 8189 Car -1 -1 -10 576.88 180.01 625.20 220.22 -1000 -1000 -1000 -10 -1 -1 -1
199 8190 Car -1 -1 -10 515.68 180.49 558.59 211.64 -1000 -1000 -1000 -10 -1 -1 -1
199 8191 Car -1 -1 -10 476.83 172.72 503.00 188.32 -1000 -1000 -1000 -10 -1 -1 -1
199 8192 Pedestrian -1 -1 -10 163.38 175.92 191.40 271.77 -1000 -1000 -1000 -10 -1 -1 -1
199 8193 Car -1 -1 -10 327.85 179.12 377.00 209.88 -1000 -1000 -1000 -10 -1 -1 -1
199 8194 Pedestrian -1 -1 -10 163.85 176.10 191.03 272.29 -1000 -1000 -1000 -10 -1 -1 -1
199 8195 Pedestrian -1 -1 -10 163.10 175.72 192.00 271.96 -1000 -1000 -1000 -10 -1 -1 -1
200 8196 Pedestrian -1 -1 -10 280.65 174.97 307.36 247.88 -1000 -1000 -1000 -10 -1 -1 -1
200 8197 Car -1 -1 -10 513.87 180.75 556.83 212.13 -1000 -1000 -1000 -10 -1 -1 -1
200 8198 Car -1 -1 -10 576.26 179.52 625.89 223.15 -1000 -1000 -1000 -10 -1 -1 -1
200 8199 Pedestrian -1 -1 -10 107.97 173.82 139.10 285.05 -1000 -1000 -1000 -10 -1 -1 -1
200 8200 Car -1 -1 -10 306.11 179.14 364.53 216.70 -1000 -1000 -1000 -10 -1 -1 -1
201 8201 Car -1 -1 -10 513.29 181.23 556.54 211.90 -1000 -1000 -1000 -10 -1 -1 -1
201 8202 Car -1 -1 -10 575.04 180.60 625.83 223.99 -1000 -1000 -1000 -10 -1 -1 -1
201 8203 Pedestrian -1 -1 -10 41.71 172.80 76.53 296.94 -1000 -1000 -1000 -10 -1 -1 -1
201 8204 Car -1 -1 -10 277.22 178.22 350.34 218.48 -1000 -1000 -1000 -10 -1 -1 -1
201 8205 Car -1 -1 -10 422.80 177.95 450.52 196.24 -1000 -1000 -1000 -10 -1 -1 -1
201 8206 Pedestrian -1 -1 -10 252.78 173.22 279.43 256.63 -1000 -1000 -1000 -10 -1 -1 -1
202 8207 Car -1 -1 -10 512.50 180.88 554.69 212.01 -1000 -1000 -1000 -10 -1 -1 -1
202 8208 Car -1 -1 -10 574.19 180.93 626.12 224.69 -1000 -1000 -1000 -10 -1 -1 -1
202 8209 Pedestrian -1 -1 -10 218.33 174.01 249.98 258.41 -1000 -1000 -1000 -10 -1 -1 -1
202 8210 Car -1 -1 -10 245.14 177.54 326.35 224.06 -1000 -1000 -1000 -10 -1 -1 -1
202 8211 Car -1 -1 -10 465.45 172.62 495.77 188.38 -1000 -1000 -1000 -10 -1 -1 -1
203 8212 Car -1 -1 -10 510.59 180.76 554.45 212.20 -1000 -1000 -1000 -10 -1 -1 -1
203 8213 Car -1 -1 -10 208.09 179.78 299.01 228.70 -1000 -1000 -1000 -10 -1 -1 -1
203 8214 Pedestrian -1 -1 -10 176.95 173.22 205.82 269.69 -1000 -1000 -1000 -10 -1 -1 -1
203 8215 Car -1 -1 -10 400.48 178.29 435.69 198.08 -1000 -1000 -1000 -10 -1 -1 -1
203 8216 Car -1 -1 -10 573.70 180.24 625.59 225.46 -1000 -1000 -1000 -10 -1 -1 -1
203 8217 Car -1 -1 -10 461.25 173.07 492.14 189.45 -1000 -1000 -1000 -10 -1 -1 -1
203 8218 Pedestrian -1 -1 -10 291.75 172.21 313.10 245.68 -1000 -1000 -1000 -10 -1 -1 -1
204 8219 Car -1 -1 -10 392.24 182.68 426.95 202.85 -1000 -1000 -1000 -10 -1 -1 -1
204 8220 Car -1 -1 -10 509.00 180.97 553.83 214.65 -1000 -1000 -1000 -10 -1 -1 -1
204 8221 Car -1 -1 -10 571.42 184.25 624.67 227.50 -1000 -1000 -1000 -10 -1 -1 -1
204 8222 Car -1 -1 -10 158.11 184.72 267.07 237.07 -1000 -1000 -1000 -10 -1 -1 -1
205 8223 Car -1 -1 -10 506.23 184.94 554.21 218.31 -1000 -1000 -1000 -10 -1 -1 -1
205 8224 Car -1 -1 -10 381.12 183.39 418.37 206.77 -1000 -1000 -1000 -10 -1 -1 -1
205 8225 Car -1 -1 -10 570.59 186.89 622.46 229.67 -1000 -1000 -1000 -10 -1 -1 -1
205 8226 Car -1 -1 -10 93.42 189.98 230.76 254.75 -1000 -1000 -1000 -10 -1 -1 -1
205 8227 Pedestrian -1 -1 -10 233.21 181.83 259.46 261.33 -1000 -1000 -1000 -10 -1 -1 -1
205 8228 Pedestrian -1 -1 -10 353.89 179.72 375.74 243.18 -1000 -1000 -1000 -10 -1 -1 -1
206 8229 Car -1 -1 -10 505.32 185.15 554.30 218.58 -1000 -1000 -1000 -10 -1 -1 -1
206 8230 Car -1 -1 -10 569.71 186.45 622.74 230.88 -1000 -1000 -1000 -10 -1 -1 -1
206 8231 Car -1 -1 -10 369.46 183.63 410.62 209.89 -1000 -1000 -1000 -10 -1 -1 -1
206 8232 Car -1 -1 -10 10.42 190.83 181.28 266.26 -1000 -1000 -1000 -10 -1 -1 -1
206 8233 Pedestrian -1 -1 -10 195.34 178.76 223.97 277.01 -1000 -1000 -1000 -10 -1 -1 -1
207 8234 Car -1 -1 -10 568.69 182.91 624.01 227.78 -1000 -1000 -1000 -10 -1 -1 -1
207 8235 Car -1 -1 -10 354.55 181.72 399.66 207.97 -1000 -1000 -1000 -10 -1 -1 -1
207 8236 Car -1 -1 -10 506.50 179.96 553.26 213.69 -1000 -1000 -1000 -10 -1 -1 -1
207 8237 Car -1 -1 -10 0.68 190.08 113.04 271.78 -1000 -1000 -1000 -10 -1 -1 -1
207 8238 Pedestrian -1 -1 -10 149.45 176.50 182.97 284.44 -1000 -1000 -1000 -10 -1 -1 -1
207 8239 Car -1 -1 -10 445.90 173.55 475.12 192.09 -1000 -1000 -1000 -10 -1 -1 -1
207 8240 Pedestrian -1 -1 -10 314.60 177.08 341.92 249.59 -1000 -1000 -1000 -10 -1 -1 -1
208 8241 Car -1 -1 -10 337.42 178.30 388.55 206.56 -1000 -1000 -1000 -10 -1 -1 -1
208 8242 Car -1 -1 -10 505.76 179.95 552.36 211.20 -1000 -1000 -1000 -10 -1 -1 -1
208 8243 Car -1 -1 -10 568.69 179.23 623.69 225.60 -1000 -1000 -1000 -10 -1 -1 -1
208 8244 Pedestrian -1 -1 -10 93.53 172.09 124.50 287.88 -1000 -1000 -1000 -10 -1 -1 -1
208 8245 Car -1 -1 -10 440.29 168.63 474.61 189.06 -1000 -1000 -1000 -10 -1 -1 -1
209 8246 Car -1 -1 -10 322.31 177.36 375.03 208.31 -1000 -1000 -1000 -10 -1 -1 -1
209 8247 Car -1 -1 -10 505.67 176.40 551.89 209.91 -1000 -1000 -1000 -10 -1 -1 -1
209 8248 Car -1 -1 -10 567.63 177.41 624.00 225.08 -1000 -1000 -1000 -10 -1 -1 -1
209 8249 Pedestrian -1 -1 -10 268.64 173.58 294.01 249.06 -1000 -1000 -1000 -10 -1 -1 -1
209 8250 Car -1 -1 -10 434.46 168.47 465.14 187.62 -1000 -1000 -1000 -10 -1 -1 -1
210 8251 Car -1 -1 -10 302.67 179.95 362.21 210.61 -1000 -1000 -1000 -10 -1 -1 -1
210 8252 Car -1 -1 -10 505.37 179.69 552.45 210.89 -1000 -1000 -1000 -10 -1 -1 -1
210 8253 Car -1 -1 -10 567.41 177.54 624.07 225.88 -1000 -1000 -1000 -10 -1 -1 -1
210 8254 Pedestrian -1 -1 -10 239.96 173.24 264.89 255.36 -1000 -1000 -1000 -10 -1 -1 -1
210 8255 Car -1 -1 -10 430.12 169.39 465.71 187.43 -1000 -1000 -1000 -10 -1 -1 -1
211 8256 Car -1 -1 -10 281.52 180.53 346.67 216.12 -1000 -1000 -1000 -10 -1 -1 -1
211 8257 Car -1 -1 -10 567.98 179.50 624.82 226.80 -1000 -1000 -1000 -10 -1 -1 -1
211 8258 Car -1 -1 -10 504.65 181.43 553.26 211.73 -1000 -1000 -1000 -10 -1 -1 -1
211 8259 Car -1 -1 -10 427.89 170.62 468.55 190.76 -1000 -1000 -1000 -10 -1 -1 -1
212 8260 Car -1 -1 -10 253.15 182.91 328.88 219.47 -1000 -1000 -1000 -10 -1 -1 -1
212 8261 Car -1 -1 -10 567.78 180.37 625.14 227.40 -1000 -1000 -1000 -10 -1 -1 -1
212 8262 Car -1 -1 -10 504.63 181.27 554.18 212.74 -1000 -1000 -1000 -10 -1 -1 -1
212 8263 Pedestrian -1 -1 -10 161.19 173.14 188.18 276.06 -1000 -1000 -1000 -10 -1 -1 -1
213 8264 Car -1 -1 -10 223.74 184.78 307.84 226.79 -1000 -1000 -1000 -10 -1 -1 -1
213 8265 Car -1 -1 -10 567.95 181.40 625.99 228.82 -1000 -1000 -1000 -10 -1 -1 -1
213 8266 Car -1 -1 -10 503.80 179.97 553.42 214.55 -1000 -1000 -1000 -10 -1 -1 -1
213 8267 Car -1 -1 -10 414.83 172.21 442.52 193.86 -1000 -1000 -1000 -10 -1 -1 -1
214 8268 Car -1 -1 -10 183.34 188.51 281.27 232.90 -1000 -1000 -1000 -10 -1 -1 -1
214 8269 Car -1 -1 -10 567.56 181.94 626.50 229.96 -1000 -1000 -1000 -10 -1 -1 -1
214 8270 Car -1 -1 -10 506.78 179.93 553.69 215.15 -1000 -1000 -1000 -10 -1 -1 -1
214 8271 Car -1 -1 -10 407.83 173.97 438.18 196.04 -1000 -1000 -1000 -10 -1 -1 -1
214 8272 Pedestrian -1 -1 -10 39.42 177.82 77.82 306.18 -1000 -1000 -1000 -10 -1 -1 -1
215 8273 Car -1 -1 -10 136.51 189.74 252.03 240.78 -1000 -1000 -1000 -10 -1 -1 -1
215 8274 Car -1 -1 -10 506.57 180.99 553.87 215.11 -1000 -1000 -1000 -10 -1 -1 -1
215 8275 Car -1 -1 -10 567.28 181.67 626.69 229.51 -1000 -1000 -1000 -10 -1 -1 -1
216 8276 Car -1 -1 -10 567.26 182.20 626.94 229.27 -1000 -1000 -1000 -10 -1 -1 -1
216 8277 Car -1 -1 -10 505.58 181.00 554.47 215.34 -1000 -1000 -1000 -10 -1 -1 -1
216 8278 Car -1 -1 -10 77.16 192.51 216.95 249.93 -1000 -1000 -1000 -10 -1 -1 -1
216 8279 Car -1 -1 -10 429.85 175.40 451.30 189.67 -1000 -1000 -1000 -10 -1 -1 -1
217 8280 Car -1 -1 -10 567.22 182.02 628.22 228.79 -1000 -1000 -1000 -10 -1 -1 -1
217 8281 Car -1 -1 -10 0.00 193.67 172.04 259.79 -1000 -1000 -1000 -10 -1 -1 -1
217 8282 Car -1 -1 -10 507.31 181.54 553.12 213.81 -1000 -1000 -1000 -10 -1 -1 -1
217 8283 Car -1 -1 -10 385.50 172.51 419.95 197.07 -1000 -1000 -1000 -10 -1 -1 -1
217 8284 Car -1 -1 -10 425.59 175.51 447.94 191.68 -1000 -1000 -1000 -10 -1 -1 -1
218 8285 Car -1 -1 -10 0.12 196.88 112.62 268.13 -1000 -1000 -1000 -10 -1 -1 -1
218 8286 Car -1 -1 -10 566.97 180.93 627.14 228.12 -1000 -1000 -1000 -10 -1 -1 -1
218 8287 Car -1 -1 -10 377.47 172.23 412.37 199.05 -1000 -1000 -1000 -10 -1 -1 -1
218 8288 Car -1 -1 -10 508.65 179.91 554.67 212.55 -1000 -1000 -1000 -10 -1 -1 -1
219 8289 Car -1 -1 -10 365.41 172.44 405.89 201.05 -1000 -1000 -1000 -10 -1 -1 -1
219 8290 Car -1 -1 -10 566.92 179.18 626.14 227.38 -1000 -1000 -1000 -10 -1 -1 -1
219 8291 Car -1 -1 -10 507.32 178.70 554.93 211.59 -1000 -1000 -1000 -10 -1 -1 -1
219 8292 Car -1 -1 -10 412.69 174.32 436.30 190.05 -1000 -1000 -1000 -10 -1 -1 -1
220 8293 Car -1 -1 -10 566.19 179.26 626.06 226.92 -1000 -1000 -1000 -10 -1 -1 -1
220 8294 Car -1 -1 -10 508.28 178.47 553.94 210.91 -1000 -1000 -1000 -10 -1 -1 -1
220 8295 Car -1 -1 -10 354.55 171.21 395.43 199.75 -1000 -1000 -1000 -10 -1 -1 -1
220 8296 Car -1 -1 -10 405.47 174.19 431.58 191.04 -1000 -1000 -1000 -10 -1 -1 -1
221 8297 Car -1 -1 -10 398.44 175.59 424.90 191.97 -1000 -1000 -1000 -10 -1 -1 -1
221 8298 Car -1 -1 -10 508.31 179.14 554.07 211.17 -1000 -1000 -1000 -10 -1 -1 -1
221 8299 Car -1 -1 -10 565.60 179.51 624.88 227.14 -1000 -1000 -1000 -10 -1 -1 -1
221 8300 Car -1 -1 -10 337.43 172.65 386.67 201.84 -1000 -1000 -1000 -10 -1 -1 -1
222 8301 Car -1 -1 -10 565.53 180.38 624.05 226.81 -1000 -1000 -1000 -10 -1 -1 -1
222 8302 Car -1 -1 -10 506.85 178.55 553.99 211.13 -1000 -1000 -1000 -10 -1 -1 -1
222 8303 Car -1 -1 -10 328.26 173.50 374.43 204.60 -1000 -1000 -1000 -10 -1 -1 -1
222 8304 Car -1 -1 -10 388.17 175.40 417.19 194.32 -1000 -1000 -1000 -10 -1 -1 -1
223 8305 Car -1 -1 -10 565.41 179.46 623.37 226.14 -1000 -1000 -1000 -10 -1 -1 -1
223 8306 Car -1 -1 -10 315.13 173.98 363.66 207.43 -1000 -1000 -1000 -10 -1 -1 -1
223 8307 Car -1 -1 -10 379.57 175.17 410.95 196.83 -1000 -1000 -1000 -10 -1 -1 -1
223 8308 Car -1 -1 -10 506.56 176.64 552.82 210.82 -1000 -1000 -1000 -10 -1 -1 -1
224 8309 Car -1 -1 -10 373.26 176.15 404.26 198.13 -1000 -1000 -1000 -10 -1 -1 -1
224 8310 Car -1 -1 -10 564.07 179.36 622.75 226.13 -1000 -1000 -1000 -10 -1 -1 -1
224 8311 Car -1 -1 -10 293.55 174.16 349.59 210.57 -1000 -1000 -1000 -10 -1 -1 -1
224 8312 Car -1 -1 -10 506.52 177.27 552.07 210.39 -1000 -1000 -1000 -10 -1 -1 -1
225 8313 Car -1 -1 -10 270.33 175.08 334.20 215.59 -1000 -1000 -1000 -10 -1 -1 -1
225 8314 Car -1 -1 -10 563.90 179.40 621.20 226.17 -1000 -1000 -1000 -10 -1 -1 -1
225 8315 Car -1 -1 -10 363.84 177.15 396.80 198.50 -1000 -1000 -1000 -10 -1 -1 -1
225 8316 Car -1 -1 -10 506.83 178.65 553.23 211.06 -1000 -1000 -1000 -10 -1 -1 -1
226 8317 Car -1 -1 -10 563.78 180.77 620.92 227.06 -1000 -1000 -1000 -10 -1 -1 -1
226 8318 Car -1 -1 -10 241.84 177.77 316.37 220.46 -1000 -1000 -1000 -10 -1 -1 -1
226 8319 Car -1 -1 -10 351.61 179.96 386.00 202.47 -1000 -1000 -1000 -10 -1 -1 -1
226 8320 Car -1 -1 -10 507.31 181.95 551.16 212.64 -1000 -1000 -1000 -10 -1 -1 -1
227 8321 Car -1 -1 -10 562.95 181.23 620.82 228.46 -1000 -1000 -1000 -10 -1 -1 -1
227 8322 Car -1 -1 -10 212.25 179.31 296.54 226.57 -1000 -1000 -1000 -10 -1 -1 -1
227 8323 Car -1 -1 -10 506.57 182.40 551.35 213.50 -1000 -1000 -1000 -10 -1 -1 -1
227 8324 Car -1 -1 -10 340.97 182.81 377.38 205.65 -1000 -1000 -1000 -10 -1 -1 -1
228 8325 Car -1 -1 -10 177.29 179.42 272.12 230.96 -1000 -1000 -1000 -10 -1 -1 -1
228 8326 Car -1 -1 -10 562.03 182.87 618.62 229.19 -1000 -1000 -1000 -10 -1 -1 -1
228 8327 Car -1 -1 -10 505.43 181.31 549.27 213.88 -1000 -1000 -1000 -10 -1 -1 -1
228 8328 Car -1 -1 -10 831.10 181.79 874.40 200.33 -1000 -1000 -1000 -10 -1 -1 -1
228 8329 Car -1 -1 -10 325.36 182.48 368.07 208.03 -1000 -1000 -1000 -10 -1 -1 -1
229 8330 Car -1 -1 -10 135.29 180.14 244.59 237.14 -1000 -1000 -1000 -10 -1 -1 -1
229 8331 Car -1 -1 -10 560.93 182.56 617.50 229.02 -1000 -1000 -1000 -10 -1 -1 -1
229 8332 Car -1 -1 -10 505.01 180.23 547.04 213.25 -1000 -1000 -1000 -10 -1 -1 -1
229 8333 Car -1 -1 -10 832.09 181.37 879.43 201.75 -1000 -1000 -1000 -10 -1 -1 -1
229 8334 Car -1 -1 -10 310.72 183.69 354.48 210.92 -1000 -1000 -1000 -10 -1 -1 -1
230 8335 Car -1 -1 -10 79.29 180.47 211.71 245.55 -1000 -1000 -1000 -10 -1 -1 -1
230 8336 Car -1 -1 -10 559.76 182.76 615.70 228.96 -1000 -1000 -1000 -10 -1 -1 -1
230 8337 Car -1 -1 -10 503.07 180.38 546.50 213.51 -1000 -1000 -1000 -10 -1 -1 -1
230 8338 Car -1 -1 -10 293.66 184.37 339.95 212.52 -1000 -1000 -1000 -10 -1 -1 -1
231 8339 Car -1 -1 -10 12.82 180.38 169.37 254.80 -1000 -1000 -1000 -10 -1 -1 -1
231 8340 Car -1 -1 -10 275.77 181.97 326.78 214.25 -1000 -1000 -1000 -10 -1 -1 -1
231 8341 Car -1 -1 -10 558.04 182.34 612.73 228.34 -1000 -1000 -1000 -10 -1 -1 -1
231 8342 Car -1 -1 -10 502.04 181.15 543.77 212.91 -1000 -1000 -1000 -10 -1 -1 -1
232 8343 Car -1 -1 -10 554.49 180.37 612.05 226.82 -1000 -1000 -1000 -10 -1 -1 -1
232 8344 Car -1 -1 -10 250.19 180.71 312.36 217.51 -1000 -1000 -1000 -10 -1 -1 -1
232 8345 Car -1 -1 -10 501.39 180.78 541.25 211.60 -1000 -1000 -1000 -10 -1 -1 -1
232 8346 Car -1 -1 -10 0.12 180.18 117.74 262.57 -1000 -1000 -1000 -10 -1 -1 -1
233 8347 Car -1 -1 -10 225.08 181.66 291.18 218.01 -1000 -1000 -1000 -10 -1 -1 -1
233 8348 Car -1 -1 -10 553.66 180.76 609.24 226.36 -1000 -1000 -1000 -10 -1 -1 -1
233 8349 Car -1 -1 -10 500.05 180.16 540.17 210.57 -1000 -1000 -1000 -10 -1 -1 -1
233 8350 Car -1 -1 -10 0.16 182.16 53.03 262.02 -1000 -1000 -1000 -10 -1 -1 -1
234 8351 Car -1 -1 -10 195.41 185.31 269.71 224.47 -1000 -1000 -1000 -10 -1 -1 -1
234 8352 Car -1 -1 -10 497.67 182.34 539.46 212.11 -1000 -1000 -1000 -10 -1 -1 -1
234 8353 Car -1 -1 -10 551.62 181.58 606.73 228.06 -1000 -1000 -1000 -10 -1 -1 -1
235 8354 Car -1 -1 -10 160.10 186.91 244.49 230.82 -1000 -1000 -1000 -10 -1 -1 -1
235 8355 Car -1 -1 -10 549.93 182.47 606.07 228.58 -1000 -1000 -1000 -10 -1 -1 -1
235 8356 Car -1 -1 -10 496.70 182.45 536.87 213.75 -1000 -1000 -1000 -10 -1 -1 -1
236 8357 Car -1 -1 -10 548.78 182.21 602.81 228.28 -1000 -1000 -1000 -10 -1 -1 -1
236 8358 Car -1 -1 -10 116.96 188.64 214.29 235.30 -1000 -1000 -1000 -10 -1 -1 -1
236 8359 Car -1 -1 -10 495.12 181.20 535.78 213.60 -1000 -1000 -1000 -10 -1 -1 -1
236 8360 Car -1 -1 -10 839.28 183.48 897.16 218.58 -1000 -1000 -1000 -10 -1 -1 -1
237 8361 Car -1 -1 -10 60.76 188.57 180.03 242.87 -1000 -1000 -1000 -10 -1 -1 -1
237 8362 Car -1 -1 -10 547.79 182.44 601.27 228.22 -1000 -1000 -1000 -10 -1 -1 -1
237 8363 Car -1 -1 -10 492.53 180.95 531.68 213.20 -1000 -1000 -1000 -10 -1 -1 -1
237 8364 Car -1 -1 -10 840.82 184.96 898.93 220.26 -1000 -1000 -1000 -10 -1 -1 -1
238 8365 Car -1 -1 -10 546.20 182.83 596.78 228.52 -1000 -1000 -1000 -10 -1 -1 -1
238 8366 Car -1 -1 -10 490.89 182.48 530.99 213.29 -1000 -1000 -1000 -10 -1 -1 -1
238 8367 Car -1 -1 -10 0.05 192.49 136.23 251.68 -1000 -1000 -1000 -10 -1 -1 -1
239 8368 Car -1 -1 -10 544.85 184.45 596.23 227.87 -1000 -1000 -1000 -10 -1 -1 -1
239 8369 Car -1 -1 -10 489.75 182.14 529.03 213.11 -1000 -1000 -1000 -10 -1 -1 -1
239 8370 Car -1 -1 -10 0.21 192.14 83.84 256.57 -1000 -1000 -1000 -10 -1 -1 -1
239 8371 Car -1 -1 -10 737.46 184.24 786.44 204.73 -1000 -1000 -1000 -10 -1 -1 -1
240 8372 Car -1 -1 -10 543.99 184.11 595.35 227.62 -1000 -1000 -1000 -10 -1 -1 -1
240 8373 Car -1 -1 -10 489.76 182.08 528.97 212.83 -1000 -1000 -1000 -10 -1 -1 -1
240 8374 Car -1 -1 -10 739.98 184.09 775.78 206.06 -1000 -1000 -1000 -10 -1 -1 -1
241 8375 Car -1 -1 -10 542.55 183.92 595.40 226.95 -1000 -1000 -1000 -10 -1 -1 -1
241 8376 Car -1 -1 -10 488.56 182.98 526.65 210.62 -1000 -1000 -1000 -10 -1 -1 -1
241 8377 Car -1 -1 -10 851.62 187.23 914.91 208.63 -1000 -1000 -1000 -10 -1 -1 -1
242 8378 Car -1 -1 -10 543.51 183.92 594.20 226.39 -1000 -1000 -1000 -10 -1 -1 -1
242 8379 Car -1 -1 -10 855.69 183.75 921.31 208.00 -1000 -1000 -1000 -10 -1 -1 -1
243 8380 Car -1 -1 -10 491.14 181.57 526.69 209.14 -1000 -1000 -1000 -10 -1 -1 -1
243 8381 Car -1 -1 -10 544.32 181.91 594.51 226.09 -1000 -1000 -1000 -10 -1 -1 -1
243 8382 Car -1 -1 -10 863.54 183.39 935.76 210.47 -1000 -1000 -1000 -10 -1 -1 -1
244 8383 Car -1 -1 -10 760.36 181.90 825.42 209.05 -1000 -1000 -1000 -10 -1 -1 -1
244 8384 Car -1 -1 -10 545.26 183.10 595.19 225.72 -1000 -1000 -1000 -10 -1 -1 -1
244 8385 Car -1 -1 -10 491.55 182.60 528.83 210.18 -1000 -1000 -1000 -10 -1 -1 -1
244 8386 Car -1 -1 -10 883.91 185.74 938.69 212.86 -1000 -1000 -1000 -10 -1 -1 -1
245 8387 Car -1 -1 -10 547.01 182.58 596.13 226.80 -1000 -1000 -1000 -10 -1 -1 -1
245 8388 Car -1 -1 -10 493.65 183.03 530.82 211.56 -1000 -1000 -1000 -10 -1 -1 -1
246 8389 Car -1 -1 -10 548.03 187.29 596.18 228.02 -1000 -1000 -1000 -10 -1 -1 -1
246 8390 Car -1 -1 -10 889.19 188.99 961.78 217.64 -1000 -1000 -1000 -10 -1 -1 -1
246 8391 Car -1 -1 -10 775.59 189.00 842.96 214.48 -1000 -1000 -1000 -10 -1 -1 -1
247 8392 Car -1 -1 -10 548.93 188.28 596.04 228.25 -1000 -1000 -1000 -10 -1 -1 -1
247 8393 Car -1 -1 -10 496.26 188.40 531.58 214.17 -1000 -1000 -1000 -10 -1 -1 -1
247 8395 Car -1 -1 -10 782.91 189.80 851.48 217.63 -1000 -1000 -1000 -10 -1 -1 -1
248 8396 Car -1 -1 -10 549.30 188.56 597.00 227.94 -1000 -1000 -1000 -10 -1 -1 -1
248 8398 Car -1 -1 -10 790.54 189.91 858.89 220.35 -1000 -1000 -1000 -10 -1 -1 -1
248 8399 Car -1 -1 -10 913.68 193.59 978.03 219.51 -1000 -1000 -1000 -10 -1 -1 -1
248 8401 Car -1 -1 -10 497.44 188.22 532.62 213.85 -1000 -1000 -1000 -10 -1 -1 -1
249 8402 Car -1 -1 -10 914.08 192.03 990.64 221.00 -1000 -1000 -1000 -10 -1 -1 -1
249 8404 Car -1 -1 -10 550.51 188.45 597.56 228.11 -1000 -1000 -1000 -10 -1 -1 -1
249 8405 Car -1 -1 -10 798.78 190.38 869.18 220.72 -1000 -1000 -1000 -10 -1 -1 -1
249 8406 Car -1 -1 -10 499.52 186.37 533.06 213.90 -1000 -1000 -1000 -10 -1 -1 -1
250 8407 Car -1 -1 -10 925.61 189.89 1003.13 220.73 -1000 -1000 -1000 -10 -1 -1 -1
250 8408 Car -1 -1 -10 550.79 186.14 598.47 226.82 -1000 -1000 -1000 -10 -1 -1 -1
250 8409 Car -1 -1 -10 806.98 190.09 880.48 220.69 -1000 -1000 -1000 -10 -1 -1 -1
250 8410 Car -1 -1 -10 500.91 183.47 534.36 212.30 -1000 -1000 -1000 -10 -1 -1 -1
251 8411 Car -1 -1 -10 816.89 188.38 891.40 219.33 -1000 -1000 -1000 -10 -1 -1 -1
251 8412 Car -1 -1 -10 935.56 189.41 1021.30 219.99 -1000 -1000 -1000 -10 -1 -1 -1
251 8413 Car -1 -1 -10 551.34 181.77 598.32 222.17 -1000 -1000 -1000 -10 -1 -1 -1
252 8414 Car -1 -1 -10 825.05 187.74 902.72 218.80 -1000 -1000 -1000 -10 -1 -1 -1
252 8415 Car -1 -1 -10 945.41 189.55 1032.89 219.81 -1000 -1000 -1000 -10 -1 -1 -1
252 8416 Car -1 -1 -10 500.61 180.61 535.59 206.56 -1000 -1000 -1000 -10 -1 -1 -1
252 8417 Car -1 -1 -10 552.09 180.58 599.62 219.16 -1000 -1000 -1000 -10 -1 -1 -1
253 8418 Car -1 -1 -10 835.68 190.03 916.92 224.40 -1000 -1000 -1000 -10 -1 -1 -1
253 8419 Car -1 -1 -10 956.27 191.09 1045.08 226.08 -1000 -1000 -1000 -10 -1 -1 -1
253 8420 Car -1 -1 -10 552.90 182.94 601.11 220.16 -1000 -1000 -1000 -10 -1 -1 -1
253 8421 Car -1 -1 -10 501.43 182.01 536.11 209.38 -1000 -1000 -1000 -10 -1 -1 -1
254 8422 Car -1 -1 -10 846.69 193.45 929.86 228.79 -1000 -1000 -1000 -10 -1 -1 -1
254 8423 Car -1 -1 -10 554.18 184.12 599.92 224.23 -1000 -1000 -1000 -10 -1 -1 -1
254 8424 Car -1 -1 -10 970.87 196.55 1063.26 233.51 -1000 -1000 -1000 -10 -1 -1 -1
254 8425 Car -1 -1 -10 503.74 183.62 536.64 211.74 -1000 -1000 -1000 -10 -1 -1 -1
255 8426 Car -1 -1 -10 987.10 196.57 1083.69 236.29 -1000 -1000 -1000 -10 -1 -1 -1
255 8427 Car -1 -1 -10 857.40 195.22 944.94 232.48 -1000 -1000 -1000 -10 -1 -1 -1
255 8428 Car -1 -1 -10 504.39 184.67 537.75 212.19 -1000 -1000 -1000 -10 -1 -1 -1
255 8429 Car -1 -1 -10 554.42 185.79 601.41 224.54 -1000 -1000 -1000 -10 -1 -1 -1
256 8430 Car -1 -1 -10 870.07 195.53 961.73 232.68 -1000 -1000 -1000 -10 -1 -1 -1
256 8431 Car -1 -1 -10 1001.14 197.42 1100.02 239.72 -1000 -1000 -1000 -10 -1 -1 -1
256 8432 Car -1 -1 -10 554.50 182.73 601.88 223.39 -1000 -1000 -1000 -10 -1 -1 -1
256 8433 Car -1 -1 -10 504.91 180.70 537.63 211.21 -1000 -1000 -1000 -10 -1 -1 -1
257 8434 Car -1 -1 -10 554.88 182.94 601.94 222.12 -1000 -1000 -1000 -10 -1 -1 -1
257 8435 Car -1 -1 -10 882.74 195.64 979.69 235.28 -1000 -1000 -1000 -10 -1 -1 -1
257 8436 Car -1 -1 -10 1019.39 197.09 1122.43 241.87 -1000 -1000 -1000 -10 -1 -1 -1
257 8437 Car -1 -1 -10 505.47 182.44 538.01 210.22 -1000 -1000 -1000 -10 -1 -1 -1
258 8438 Car -1 -1 -10 896.44 194.65 997.76 234.76 -1000 -1000 -1000 -10 -1 -1 -1
258 8439 Car -1 -1 -10 1034.91 197.39 1144.35 243.92 -1000 -1000 -1000 -10 -1 -1 -1
258 8440 Car -1 -1 -10 555.06 181.45 601.74 219.25 -1000 -1000 -1000 -10 -1 -1 -1
258 8441 Car -1 -1 -10 505.55 181.01 539.05 208.87 -1000 -1000 -1000 -10 -1 -1 -1
259 8442 Car -1 -1 -10 913.31 192.80 1019.47 236.27 -1000 -1000 -1000 -10 -1 -1 -1
259 8443 Car -1 -1 -10 1057.17 195.73 1168.29 243.61 -1000 -1000 -1000 -10 -1 -1 -1
259 8444 Car -1 -1 -10 555.36 181.43 601.36 218.67 -1000 -1000 -1000 -10 -1 -1 -1
259 8445 Car -1 -1 -10 506.20 180.92 539.82 206.57 -1000 -1000 -1000 -10 -1 -1 -1
260 8446 Car -1 -1 -10 930.10 193.14 1044.87 238.22 -1000 -1000 -1000 -10 -1 -1 -1
260 8447 Car -1 -1 -10 1078.31 194.00 1194.57 243.03 -1000 -1000 -1000 -10 -1 -1 -1
260 8448 Car -1 -1 -10 506.91 179.34 540.45 203.95 -1000 -1000 -1000 -10 -1 -1 -1
260 8449 Car -1 -1 -10 555.69 180.03 601.35 218.62 -1000 -1000 -1000 -10 -1 -1 -1
261 8450 Car -1 -1 -10 948.83 193.60 1068.10 241.77 -1000 -1000 -1000 -10 -1 -1 -1
261 8451 Car -1 -1 -10 1102.68 195.55 1226.02 244.38 -1000 -1000 -1000 -10 -1 -1 -1
261 8452 Car -1 -1 -10 557.67 178.77 600.96 218.26 -1000 -1000 -1000 -10 -1 -1 -1
261 8453 Car -1 -1 -10 508.29 179.28 540.57 203.45 -1000 -1000 -1000 -10 -1 -1 -1
262 8454 Car -1 -1 -10 971.63 194.49 1097.86 245.44 -1000 -1000 -1000 -10 -1 -1 -1
262 8455 Car -1 -1 -10 1129.58 197.16 1241.14 250.75 -1000 -1000 -1000 -10 -1 -1 -1
262 8456 Car -1 -1 -10 509.40 179.85 540.95 203.39 -1000 -1000 -1000 -10 -1 -1 -1
262 8457 Car -1 -1 -10 558.08 179.28 601.14 218.22 -1000 -1000 -1000 -10 -1 -1 -1
263 8458 Car -1 -1 -10 994.76 197.08 1128.96 250.96 -1000 -1000 -1000 -10 -1 -1 -1
263 8459 Car -1 -1 -10 1159.75 199.12 1241.43 250.60 -1000 -1000 -1000 -10 -1 -1 -1
263 8460 Car -1 -1 -10 558.66 180.99 601.61 218.58 -1000 -1000 -1000 -10 -1 -1 -1
263 8461 Car -1 -1 -10 509.28 179.50 541.68 204.79 -1000 -1000 -1000 -10 -1 -1 -1
264 8462 Car -1 -1 -10 1020.71 198.64 1164.01 256.49 -1000 -1000 -1000 -10 -1 -1 -1
264 8463 Car -1 -1 -10 1193.95 209.75 1241.30 252.25 -1000 -1000 -1000 -10 -1 -1 -1
264 8464 Car -1 -1 -10 559.17 183.22 601.46 218.42 -1000 -1000 -1000 -10 -1 -1 -1
264 8465 Car -1 -1 -10 510.76 181.44 541.68 206.23 -1000 -1000 -1000 -10 -1 -1 -1
265 8467 Car -1 -1 -10 1051.16 200.64 1206.51 263.87 -1000 -1000 -1000 -10 -1 -1 -1
265 8468 Car -1 -1 -10 558.80 182.47 601.67 218.62 -1000 -1000 -1000 -10 -1 -1 -1
265 8469 Car -1 -1 -10 512.10 180.85 543.70 208.00 -1000 -1000 -1000 -10 -1 -1 -1
266 8471 Car -1 -1 -10 1090.59 201.98 1241.39 268.72 -1000 -1000 -1000 -10 -1 -1 -1
266 8472 Car -1 -1 -10 559.79 183.13 600.83 218.87 -1000 -1000 -1000 -10 -1 -1 -1
267 8473 Car -1 -1 -10 561.36 185.15 601.67 219.28 -1000 -1000 -1000 -10 -1 -1 -1
267 8474 Car -1 -1 -10 1127.52 201.65 1241.34 271.90 -1000 -1000 -1000 -10 -1 -1 -1
267 8475 Car -1 -1 -10 514.32 182.36 545.61 210.44 -1000 -1000 -1000 -10 -1 -1 -1
268 8476 Car -1 -1 -10 562.73 184.29 602.33 218.81 -1000 -1000 -1000 -10 -1 -1 -1
268 8477 Car -1 -1 -10 1171.94 204.40 1241.39 275.26 -1000 -1000 -1000 -10 -1 -1 -1
269 8478 Car -1 -1 -10 515.84 181.39 548.22 207.75 -1000 -1000 -1000 -10 -1 -1 -1
269 8479 Car -1 -1 -10 563.65 180.44 603.31 218.15 -1000 -1000 -1000 -10 -1 -1 -1
270 8480 Car -1 -1 -10 518.44 182.55 548.91 208.33 -1000 -1000 -1000 -10 -1 -1 -1
271 8481 Car -1 -1 -10 566.52 186.31 604.25 218.95 -1000 -1000 -1000 -10 -1 -1 -1
272 8482 Car -1 -1 -10 565.64 190.99 606.31 226.66 -1000 -1000 -1000 -10 -1 -1 -1
272 8483 Car -1 -1 -10 520.49 190.72 551.59 214.52 -1000 -1000 -1000 -10 -1 -1 -1
273 8485 Car -1 -1 -10 566.04 193.20 607.07 226.67 -1000 -1000 -1000 -10 -1 -1 -1
273 8486 Car -1 -1 -10 521.45 192.87 551.72 215.14 -1000 -1000 -1000 -10 -1 -1 -1
274 8490 Car -1 -1 -10 566.13 191.94 606.44 226.76 -1000 -1000 -1000 -10 -1 -1 -1
274 8491 Car -1 -1 -10 521.85 193.00 552.20 214.54 -1000 -1000 -1000 -10 -1 -1 -1
275 8492 Car -1 -1 -10 567.23 186.87 605.44 219.79 -1000 -1000 -1000 -10 -1 -1 -1
276 8493 Car -1 -1 -10 521.47 182.75 551.06 205.94 -1000 -1000 -1000 -10 -1 -1 -1
276 8494 Car -1 -1 -10 567.01 181.91 604.29 217.51 -1000 -1000 -1000 -10 -1 -1 -1
277 8495 Car -1 -1 -10 521.31 176.81 552.26 202.80 -1000 -1000 -1000 -10 -1 -1 -1
277 8496 Car -1 -1 -10 566.92 176.36 606.44 211.63 -1000 -1000 -1000 -10 -1 -1 -1
278 8497 Car -1 -1 -10 567.34 174.70 604.82 207.38 -1000 -1000 -1000 -10 -1 -1 -1
278 8498 Car -1 -1 -10 521.29 172.68 552.35 198.25 -1000 -1000 -1000 -10 -1 -1 -1
279 8499 Car -1 -1 -10 567.50 172.20 604.97 206.31 -1000 -1000 -1000 -10 -1 -1 -1
279 8500 Car -1 -1 -10 522.31 172.52 552.39 198.28 -1000 -1000 -1000 -10 -1 -1 -1
280 8501 Car -1 -1 -10 521.44 181.33 552.05 203.46 -1000 -1000 -1000 -10 -1 -1 -1
281 8502 Car -1 -1 -10 521.29 183.06 552.48 210.86 -1000 -1000 -1000 -10 -1 -1 -1
282 8503 Car -1 -1 -10 521.07 187.40 552.42 212.01 -1000 -1000 -1000 -10 -1 -1 -1
282 8504 Car -1 -1 -10 567.66 186.03 605.26 217.91 -1000 -1000 -1000 -10 -1 -1 -1
283 8505 Car -1 -1 -10 521.77 184.47 552.90 211.04 -1000 -1000 -1000 -10 -1 -1 -1
284 8506 Car -1 -1 -10 568.87 184.51 606.60 215.85 -1000 -1000 -1000 -10 -1 -1 -1
285 8507 Car -1 -1 -10 524.41 180.60 553.38 205.77 -1000 -1000 -1000 -10 -1 -1 -1
286 8508 Car -1 -1 -10 571.47 179.92 607.62 212.92 -1000 -1000 -1000 -10 -1 -1 -1
287 8510 Car -1 -1 -10 527.77 180.47 555.92 207.56 -1000 -1000 -1000 -10 -1 -1 -1
289 8514 Car -1 -1 -10 574.85 176.27 608.45 211.82 -1000 -1000 -1000 -10 -1 -1 -1
290 8515 Car -1 -1 -10 527.55 179.32 558.62 203.55 -1000 -1000 -1000 -10 -1 -1 -1
290 8516 Car -1 -1 -10 575.54 174.61 611.54 209.51 -1000 -1000 -1000 -10 -1 -1 -1
290 8517 Car -1 -1 -10 426.82 174.33 453.55 191.22 -1000 -1000 -1000 -10 -1 -1 -1
291 8518 Car -1 -1 -10 527.88 180.59 560.06 203.16 -1000 -1000 -1000 -10 -1 -1 -1
291 8519 Car -1 -1 -10 576.98 178.17 613.71 210.45 -1000 -1000 -1000 -10 -1 -1 -1
292 8520 Car -1 -1 -10 529.33 182.08 560.77 204.29 -1000 -1000 -1000 -10 -1 -1 -1
293 8521 Car -1 -1 -10 531.25 180.92 561.47 205.08 -1000 -1000 -1000 -10 -1 -1 -1
293 8522 Car -1 -1 -10 405.42 180.25 433.69 198.45 -1000 -1000 -1000 -10 -1 -1 -1
294 8523 Car -1 -1 -10 533.55 180.54 564.48 203.22 -1000 -1000 -1000 -10 -1 -1 -1
294 8524 Car -1 -1 -10 581.67 173.98 616.90 208.73 -1000 -1000 -1000 -10 -1 -1 -1
295 8525 Car -1 -1 -10 534.12 180.71 564.50 203.07 -1000 -1000 -1000 -10 -1 -1 -1
295 8526 Car -1 -1 -10 580.84 176.10 617.16 208.57 -1000 -1000 -1000 -10 -1 -1 -1
296 8527 Car -1 -1 -10 534.68 180.67 563.64 203.00 -1000 -1000 -1000 -10 -1 -1 -1
296 8528 Car -1 -1 -10 371.87 182.60 404.13 200.07 -1000 -1000 -1000 -10 -1 -1 -1
297 8529 Car -1 -1 -10 355.42 182.69 393.01 204.26 -1000 -1000 -1000 -10 -1 -1 -1
298 8530 Car -1 -1 -10 341.73 185.07 380.75 210.08 -1000 -1000 -1000 -10 -1 -1 -1
298 8531 Car -1 -1 -10 534.19 184.70 564.05 211.63 -1000 -1000 -1000 -10 -1 -1 -1
299 8532 Car -1 -1 -10 317.22 183.96 366.76 210.48 -1000 -1000 -1000 -10 -1 -1 -1
299 8533 Car -1 -1 -10 583.25 184.08 619.14 215.64 -1000 -1000 -1000 -10 -1 -1 -1
299 8534 Car -1 -1 -10 533.24 185.06 563.55 211.25 -1000 -1000 -1000 -10 -1 -1 -1
300 8535 Car -1 -1 -10 296.12 180.92 349.21 210.06 -1000 -1000 -1000 -10 -1 -1 -1
300 8536 Car -1 -1 -10 532.92 181.07 563.45 207.18 -1000 -1000 -1000 -10 -1 -1 -1
301 8537 Car -1 -1 -10 268.88 178.90 326.36 209.27 -1000 -1000 -1000 -10 -1 -1 -1
301 8538 Car -1 -1 -10 531.46 178.83 561.79 203.66 -1000 -1000 -1000 -10 -1 -1 -1
302 8539 Car -1 -1 -10 237.67 178.58 303.16 211.86 -1000 -1000 -1000 -10 -1 -1 -1
302 8540 Car -1 -1 -10 530.69 179.21 561.94 203.15 -1000 -1000 -1000 -10 -1 -1 -1
302 8541 Car -1 -1 -10 583.42 175.79 620.77 211.83 -1000 -1000 -1000 -10 -1 -1 -1
303 8542 Car -1 -1 -10 198.34 177.83 274.71 218.01 -1000 -1000 -1000 -10 -1 -1 -1
303 8543 Car -1 -1 -10 530.82 179.59 562.15 204.22 -1000 -1000 -1000 -10 -1 -1 -1
303 8544 Car -1 -1 -10 583.80 177.14 621.15 212.39 -1000 -1000 -1000 -10 -1 -1 -1
304 8545 Car -1 -1 -10 149.34 178.54 240.98 218.85 -1000 -1000 -1000 -10 -1 -1 -1
304 8546 Car -1 -1 -10 530.23 179.96 563.11 203.07 -1000 -1000 -1000 -10 -1 -1 -1
305 8547 Car -1 -1 -10 85.89 176.22 197.49 223.24 -1000 -1000 -1000 -10 -1 -1 -1
305 8548 Car -1 -1 -10 585.05 173.10 621.14 203.83 -1000 -1000 -1000 -10 -1 -1 -1
305 8549 Car -1 -1 -10 530.52 175.47 561.91 200.11 -1000 -1000 -1000 -10 -1 -1 -1
306 8550 Car -1 -1 -10 4.45 175.27 142.65 228.72 -1000 -1000 -1000 -10 -1 -1 -1
306 8551 Car -1 -1 -10 529.70 173.43 561.82 199.58 -1000 -1000 -1000 -10 -1 -1 -1
307 8552 Car -1 -1 -10 0.18 177.37 69.09 235.48 -1000 -1000 -1000 -10 -1 -1 -1
307 8553 Car -1 -1 -10 585.93 174.90 620.98 205.78 -1000 -1000 -1000 -10 -1 -1 -1
307 8554 Car -1 -1 -10 530.00 177.12 562.43 201.74 -1000 -1000 -1000 -10 -1 -1 -1
308 8555 Car -1 -1 -10 528.90 179.60 562.77 202.84 -1000 -1000 -1000 -10 -1 -1 -1
309 8556 Car -1 -1 -10 529.11 180.23 561.30 203.06 -1000 -1000 -1000 -10 -1 -1 -1
309 8557 Car -1 -1 -10 585.95 177.68 621.40 209.94 -1000 -1000 -1000 -10 -1 -1 -1
310 8558 Car -1 -1 -10 585.48 177.15 621.25 210.17 -1000 -1000 -1000 -10 -1 -1 -1
310 8559 Car -1 -1 -10 527.76 180.16 560.21 203.22 -1000 -1000 -1000 -10 -1 -1 -1
311 8561 Car -1 -1 -10 527.54 179.61 559.66 203.26 -1000 -1000 -1000 -10 -1 -1 -1
311 8562 Pedestrian -1 -1 -10 283.61 173.14 316.37 229.99 -1000 -1000 -1000 -10 -1 -1 -1
312 8563 Car -1 -1 -10 584.83 177.65 619.52 208.85 -1000 -1000 -1000 -10 -1 -1 -1
312 8564 Pedestrian -1 -1 -10 256.95 174.88 291.82 235.99 -1000 -1000 -1000 -10 -1 -1 -1
312 8565 Car -1 -1 -10 525.41 179.24 558.60 203.50 -1000 -1000 -1000 -10 -1 -1 -1
313 8566 Car -1 -1 -10 584.85 177.16 620.66 211.16 -1000 -1000 -1000 -10 -1 -1 -1
314 8567 Car -1 -1 -10 583.63 181.91 618.88 212.63 -1000 -1000 -1000 -10 -1 -1 -1
314 8568 Car -1 -1 -10 526.22 183.02 556.95 208.00 -1000 -1000 -1000 -10 -1 -1 -1
315 8569 Car -1 -1 -10 583.67 178.85 619.69 211.43 -1000 -1000 -1000 -10 -1 -1 -1
315 8570 Pedestrian -1 -1 -10 157.40 176.16 199.64 257.37 -1000 -1000 -1000 -10 -1 -1 -1
316 8571 Car -1 -1 -10 522.96 181.54 555.09 203.68 -1000 -1000 -1000 -10 -1 -1 -1
316 8572 Car -1 -1 -10 583.12 177.73 618.76 209.00 -1000 -1000 -1000 -10 -1 -1 -1
316 8573 Pedestrian -1 -1 -10 106.18 175.98 136.87 263.94 -1000 -1000 -1000 -10 -1 -1 -1
317 8574 Car -1 -1 -10 523.14 180.07 553.41 203.54 -1000 -1000 -1000 -10 -1 -1 -1
317 8575 Pedestrian -1 -1 -10 94.15 171.89 122.37 247.05 -1000 -1000 -1000 -10 -1 -1 -1
317 8576 Car -1 -1 -10 583.33 177.63 617.83 206.60 -1000 -1000 -1000 -10 -1 -1 -1
317 8577 Pedestrian -1 -1 -10 38.46 172.88 78.21 275.16 -1000 -1000 -1000 -10 -1 -1 -1
318 8578 Car -1 -1 -10 584.05 177.99 617.50 204.71 -1000 -1000 -1000 -10 -1 -1 -1
318 8579 Car -1 -1 -10 522.23 179.45 552.46 203.40 -1000 -1000 -1000 -10 -1 -1 -1
318 8580 Pedestrian -1 -1 -10 40.28 173.28 65.39 252.92 -1000 -1000 -1000 -10 -1 -1 -1
319 8581 Car -1 -1 -10 584.05 177.56 618.08 203.55 -1000 -1000 -1000 -10 -1 -1 -1
319 8582 Car -1 -1 -10 521.63 179.22 551.84 202.76 -1000 -1000 -1000 -10 -1 -1 -1
320 8583 Car -1 -1 -10 522.04 179.76 552.38 203.42 -1000 -1000 -1000 -10 -1 -1 -1
320 8584 Car -1 -1 -10 585.01 176.25 618.82 206.14 -1000 -1000 -1000 -10 -1 -1 -1
320 8585 Car -1 -1 -10 0.48 312.06 134.08 374.07 -1000 -1000 -1000 -10 -1 -1 -1
321 8586 Car -1 -1 -10 587.23 179.74 620.90 210.99 -1000 -1000 -1000 -10 -1 -1 -1
321 8587 Car -1 -1 -10 521.18 182.77 551.71 204.61 -1000 -1000 -1000 -10 -1 -1 -1
322 8588 Car -1 -1 -10 0.54 245.25 210.21 371.72 -1000 -1000 -1000 -10 -1 -1 -1
322 8589 Car -1 -1 -10 587.76 179.00 620.69 209.69 -1000 -1000 -1000 -10 -1 -1 -1
322 8590 Car -1 -1 -10 521.20 183.09 552.08 203.92 -1000 -1000 -1000 -10 -1 -1 -1
323 8591 Car -1 -1 -10 0.31 226.05 240.72 369.02 -1000 -1000 -1000 -10 -1 -1 -1
323 8592 Car -1 -1 -10 521.87 180.34 552.16 203.20 -1000 -1000 -1000 -10 -1 -1 -1
323 8593 Car -1 -1 -10 588.73 178.70 621.87 204.65 -1000 -1000 -1000 -10 -1 -1 -1
323 8594 Pedestrian -1 -1 -10 373.64 174.07 390.22 210.16 -1000 -1000 -1000 -10 -1 -1 -1
324 8595 Car -1 -1 -10 0.24 213.08 265.27 372.06 -1000 -1000 -1000 -10 -1 -1 -1
324 8596 Car -1 -1 -10 589.36 173.66 621.42 202.29 -1000 -1000 -1000 -10 -1 -1 -1
324 8597 Car -1 -1 -10 521.52 178.51 551.73 201.17 -1000 -1000 -1000 -10 -1 -1 -1
325 8598 Car -1 -1 -10 0.22 210.48 287.17 371.57 -1000 -1000 -1000 -10 -1 -1 -1
325 8599 Car -1 -1 -10 589.80 177.88 621.38 202.83 -1000 -1000 -1000 -10 -1 -1 -1
325 8600 Car -1 -1 -10 519.75 180.44 551.07 203.28 -1000 -1000 -1000 -10 -1 -1 -1
325 8601 Pedestrian -1 -1 -10 121.73 172.90 140.10 216.99 -1000 -1000 -1000 -10 -1 -1 -1
326 8602 Car -1 -1 -10 0.20 205.37 305.95 372.36 -1000 -1000 -1000 -10 -1 -1 -1
326 8603 Car -1 -1 -10 588.79 176.80 621.26 204.33 -1000 -1000 -1000 -10 -1 -1 -1
326 8604 Car -1 -1 -10 518.30 181.49 550.53 203.21 -1000 -1000 -1000 -10 -1 -1 -1
327 8605 Car -1 -1 -10 0.00 203.22 324.12 373.09 -1000 -1000 -1000 -10 -1 -1 -1
327 8606 Car -1 -1 -10 589.95 177.75 621.94 208.20 -1000 -1000 -1000 -10 -1 -1 -1
327 8607 Car -1 -1 -10 516.74 182.84 549.53 206.86 -1000 -1000 -1000 -10 -1 -1 -1
328 8608 Car -1 -1 -10 0.13 201.46 338.63 373.65 -1000 -1000 -1000 -10 -1 -1 -1
328 8609 Car -1 -1 -10 588.63 178.13 620.58 209.78 -1000 -1000 -1000 -10 -1 -1 -1
328 8610 Car -1 -1 -10 514.31 182.41 546.68 208.14 -1000 -1000 -1000 -10 -1 -1 -1
329 8611 Car -1 -1 -10 0.32 201.78 351.77 373.84 -1000 -1000 -1000 -10 -1 -1 -1
329 8612 Car -1 -1 -10 586.68 178.45 619.25 209.96 -1000 -1000 -1000 -10 -1 -1 -1
330 8613 Car -1 -1 -10 0.46 201.69 362.60 374.68 -1000 -1000 -1000 -10 -1 -1 -1
330 8614 Car -1 -1 -10 584.17 176.61 617.08 209.12 -1000 -1000 -1000 -10 -1 -1 -1
331 8615 Car -1 -1 -10 0.67 200.58 372.53 375.00 -1000 -1000 -1000 -10 -1 -1 -1
331 8616 Car -1 -1 -10 504.88 182.13 538.34 208.70 -1000 -1000 -1000 -10 -1 -1 -1
331 8617 Car -1 -1 -10 582.68 176.79 614.57 206.88 -1000 -1000 -1000 -10 -1 -1 -1
331 8618 Car -1 -1 -10 472.01 174.00 502.00 191.19 -1000 -1000 -1000 -10 -1 -1 -1
332 8619 Car -1 -1 -10 1.95 196.29 379.07 374.99 -1000 -1000 -1000 -10 -1 -1 -1
332 8620 Car -1 -1 -10 580.96 173.73 613.30 204.95 -1000 -1000 -1000 -10 -1 -1 -1
332 8621 Car -1 -1 -10 500.97 182.50 536.06 206.51 -1000 -1000 -1000 -10 -1 -1 -1
332 8622 Car -1 -1 -10 463.90 175.76 498.25 191.60 -1000 -1000 -1000 -10 -1 -1 -1
333 8623 Car -1 -1 -10 27.67 188.26 389.65 370.94 -1000 -1000 -1000 -10 -1 -1 -1
333 8624 Car -1 -1 -10 497.29 180.07 532.89 203.13 -1000 -1000 -1000 -10 -1 -1 -1
333 8625 Car -1 -1 -10 459.49 172.17 488.93 189.23 -1000 -1000 -1000 -10 -1 -1 -1
333 8626 Car -1 -1 -10 580.28 178.17 610.13 202.40 -1000 -1000 -1000 -10 -1 -1 -1
334 8627 Car -1 -1 -10 62.30 184.11 395.22 359.76 -1000 -1000 -1000 -10 -1 -1 -1
334 8628 Car -1 -1 -10 493.52 177.51 529.53 203.25 -1000 -1000 -1000 -10 -1 -1 -1
334 8629 Car -1 -1 -10 576.35 176.46 607.54 202.20 -1000 -1000 -1000 -10 -1 -1 -1
334 8630 Car -1 -1 -10 450.85 170.96 480.65 188.32 -1000 -1000 -1000 -10 -1 -1 -1
335 8631 Car -1 -1 -10 91.59 183.62 402.81 346.73 -1000 -1000 -1000 -10 -1 -1 -1
335 8632 Car -1 -1 -10 491.68 175.19 526.77 203.01 -1000 -1000 -1000 -10 -1 -1 -1
335 8633 Car -1 -1 -10 574.98 174.91 605.37 200.78 -1000 -1000 -1000 -10 -1 -1 -1
335 8634 Car -1 -1 -10 443.73 169.50 472.92 189.06 -1000 -1000 -1000 -10 -1 -1 -1
335 8635 Pedestrian -1 -1 -10 62.31 168.50 88.51 239.78 -1000 -1000 -1000 -10 -1 -1 -1
336 8636 Car -1 -1 -10 118.71 184.80 406.98 333.55 -1000 -1000 -1000 -10 -1 -1 -1
336 8637 Car -1 -1 -10 487.96 177.78 523.21 203.22 -1000 -1000 -1000 -10 -1 -1 -1
336 8638 Car -1 -1 -10 573.23 171.65 604.08 200.56 -1000 -1000 -1000 -10 -1 -1 -1
336 8639 Car -1 -1 -10 435.55 169.01 466.86 190.15 -1000 -1000 -1000 -10 -1 -1 -1
337 8640 Car -1 -1 -10 140.32 183.96 413.78 331.37 -1000 -1000 -1000 -10 -1 -1 -1
337 8641 Car -1 -1 -10 485.35 179.00 521.44 203.71 -1000 -1000 -1000 -10 -1 -1 -1
337 8642 Car -1 -1 -10 570.16 174.55 602.60 201.92 -1000 -1000 -1000 -10 -1 -1 -1
337 8643 Car -1 -1 -10 425.02 171.56 457.16 192.69 -1000 -1000 -1000 -10 -1 -1 -1
338 8644 Car -1 -1 -10 163.13 185.88 417.22 330.38 -1000 -1000 -1000 -10 -1 -1 -1
338 8645 Car -1 -1 -10 482.98 181.30 519.68 207.00 -1000 -1000 -1000 -10 -1 -1 -1
338 8646 Car -1 -1 -10 568.31 176.79 599.91 202.56 -1000 -1000 -1000 -10 -1 -1 -1
338 8647 Car -1 -1 -10 417.11 173.12 447.58 196.53 -1000 -1000 -1000 -10 -1 -1 -1
339 8648 Car -1 -1 -10 181.87 189.95 423.19 325.08 -1000 -1000 -1000 -10 -1 -1 -1
339 8649 Car -1 -1 -10 481.44 182.88 516.93 209.81 -1000 -1000 -1000 -10 -1 -1 -1
339 8650 Car -1 -1 -10 567.21 176.14 598.26 203.26 -1000 -1000 -1000 -10 -1 -1 -1
339 8651 Car -1 -1 -10 405.72 178.76 441.37 200.26 -1000 -1000 -1000 -10 -1 -1 -1
340 8652 Car -1 -1 -10 200.08 189.69 430.38 320.31 -1000 -1000 -1000 -10 -1 -1 -1
340 8653 Car -1 -1 -10 565.98 175.59 596.74 203.18 -1000 -1000 -1000 -10 -1 -1 -1
340 8654 Car -1 -1 -10 478.87 182.00 514.01 210.22 -1000 -1000 -1000 -10 -1 -1 -1
340 8655 Car -1 -1 -10 395.36 178.38 431.36 202.08 -1000 -1000 -1000 -10 -1 -1 -1
340 8656 Pedestrian -1 -1 -10 136.63 187.11 157.07 245.62 -1000 -1000 -1000 -10 -1 -1 -1
341 8657 Car -1 -1 -10 218.68 188.70 435.56 312.81 -1000 -1000 -1000 -10 -1 -1 -1
341 8658 Car -1 -1 -10 563.58 175.52 595.71 203.18 -1000 -1000 -1000 -10 -1 -1 -1
341 8659 Car -1 -1 -10 383.11 176.78 421.93 202.73 -1000 -1000 -1000 -10 -1 -1 -1
341 8660 Car -1 -1 -10 477.06 182.61 512.07 211.21 -1000 -1000 -1000 -10 -1 -1 -1
341 8661 Pedestrian -1 -1 -10 85.76 185.41 110.30 254.02 -1000 -1000 -1000 -10 -1 -1 -1
342 8662 Car -1 -1 -10 235.64 185.44 439.61 308.79 -1000 -1000 -1000 -10 -1 -1 -1
342 8663 Car -1 -1 -10 561.63 179.95 594.21 205.34 -1000 -1000 -1000 -10 -1 -1 -1
342 8664 Car -1 -1 -10 473.14 184.94 512.28 212.33 -1000 -1000 -1000 -10 -1 -1 -1
342 8665 Pedestrian -1 -1 -10 27.38 183.75 53.77 260.91 -1000 -1000 -1000 -10 -1 -1 -1
343 8666 Car -1 -1 -10 471.04 189.37 509.72 218.63 -1000 -1000 -1000 -10 -1 -1 -1
343 8667 Car -1 -1 -10 249.79 186.63 446.12 306.06 -1000 -1000 -1000 -10 -1 -1 -1
343 8668 Car -1 -1 -10 561.75 181.30 591.01 209.47 -1000 -1000 -1000 -10 -1 -1 -1
344 8669 Car -1 -1 -10 469.19 188.42 506.80 217.67 -1000 -1000 -1000 -10 -1 -1 -1
344 8670 Car -1 -1 -10 264.28 185.81 450.60 301.97 -1000 -1000 -1000 -10 -1 -1 -1
344 8671 Car -1 -1 -10 560.13 179.64 589.95 208.10 -1000 -1000 -1000 -10 -1 -1 -1
345 8672 Car -1 -1 -10 276.83 182.20 453.16 294.40 -1000 -1000 -1000 -10 -1 -1 -1
345 8673 Car -1 -1 -10 557.79 177.77 585.63 202.92 -1000 -1000 -1000 -10 -1 -1 -1
345 8674 Car -1 -1 -10 468.18 183.14 504.99 212.25 -1000 -1000 -1000 -10 -1 -1 -1
346 8675 Car -1 -1 -10 255.23 179.67 322.58 222.32 -1000 -1000 -1000 -10 -1 -1 -1
346 8676 Car -1 -1 -10 291.08 190.01 426.07 288.68 -1000 -1000 -1000 -10 -1 -1 -1
346 8677 Car -1 -1 -10 555.50 176.69 582.95 202.63 -1000 -1000 -1000 -10 -1 -1 -1
346 8678 Car -1 -1 -10 465.63 182.06 503.90 211.71 -1000 -1000 -1000 -10 -1 -1 -1
347 8679 Car -1 -1 -10 302.55 190.58 463.26 285.29 -1000 -1000 -1000 -10 -1 -1 -1
347 8680 Car -1 -1 -10 209.82 182.91 298.55 230.78 -1000 -1000 -1000 -10 -1 -1 -1
347 8681 Car -1 -1 -10 462.07 182.62 500.44 213.23 -1000 -1000 -1000 -10 -1 -1 -1
347 8682 Car -1 -1 -10 553.01 180.09 581.78 202.94 -1000 -1000 -1000 -10 -1 -1 -1
347 8683 Car -1 -1 -10 290.91 185.92 337.18 213.14 -1000 -1000 -1000 -10 -1 -1 -1
348 8684 Car -1 -1 -10 147.00 187.83 256.31 243.02 -1000 -1000 -1000 -10 -1 -1 -1
348 8685 Car -1 -1 -10 457.53 187.24 498.33 218.40 -1000 -1000 -1000 -10 -1 -1 -1
348 8686 Car -1 -1 -10 309.90 193.96 465.66 288.49 -1000 -1000 -1000 -10 -1 -1 -1
348 8687 Car -1 -1 -10 252.81 188.50 316.47 219.56 -1000 -1000 -1000 -10 -1 -1 -1
348 8688 Car -1 -1 -10 551.80 181.13 578.13 205.96 -1000 -1000 -1000 -10 -1 -1 -1
349 8689 Car -1 -1 -10 58.56 190.90 201.76 257.56 -1000 -1000 -1000 -10 -1 -1 -1
349 8690 Car -1 -1 -10 451.09 189.09 496.21 218.72 -1000 -1000 -1000 -10 -1 -1 -1
349 8691 Car -1 -1 -10 320.31 193.63 468.83 287.44 -1000 -1000 -1000 -10 -1 -1 -1
349 8692 Car -1 -1 -10 207.44 191.84 288.30 227.51 -1000 -1000 -1000 -10 -1 -1 -1
349 8693 Car -1 -1 -10 550.51 182.72 577.03 208.16 -1000 -1000 -1000 -10 -1 -1 -1
350 8694 Car -1 -1 -10 157.25 189.68 254.21 232.92 -1000 -1000 -1000 -10 -1 -1 -1
350 8695 Car -1 -1 -10 328.62 191.22 472.84 283.94 -1000 -1000 -1000 -10 -1 -1 -1
350 8696 Car -1 -1 -10 0.16 191.20 128.79 267.96 -1000 -1000 -1000 -10 -1 -1 -1
350 8697 Car -1 -1 -10 446.46 186.17 491.58 216.88 -1000 -1000 -1000 -10 -1 -1 -1
350 8698 Car -1 -1 -10 548.51 183.03 576.44 207.59 -1000 -1000 -1000 -10 -1 -1 -1
351 8699 Car -1 -1 -10 95.10 187.84 212.06 233.05 -1000 -1000 -1000 -10 -1 -1 -1
351 8700 Car -1 -1 -10 337.30 191.48 453.72 279.95 -1000 -1000 -1000 -10 -1 -1 -1
351 8701 Car -1 -1 -10 0.05 194.04 18.82 269.99 -1000 -1000 -1000 -10 -1 -1 -1
351 8702 Car -1 -1 -10 544.86 181.07 573.45 202.78 -1000 -1000 -1000 -10 -1 -1 -1
351 8703 Car -1 -1 -10 446.04 182.66 492.05 213.97 -1000 -1000 -1000 -10 -1 -1 -1
352 8704 Car -1 -1 -10 5.38 185.77 157.60 238.55 -1000 -1000 -1000 -10 -1 -1 -1
352 8705 Car -1 -1 -10 343.02 188.20 474.23 274.97 -1000 -1000 -1000 -10 -1 -1 -1
352 8706 Car -1 -1 -10 541.72 178.08 569.77 201.07 -1000 -1000 -1000 -10 -1 -1 -1
353 8707 Car -1 -1 -10 0.00 183.04 87.13 240.18 -1000 -1000 -1000 -10 -1 -1 -1
353 8708 Car -1 -1 -10 351.07 185.66 472.18 267.29 -1000 -1000 -1000 -10 -1 -1 -1
353 8709 Car -1 -1 -10 538.38 177.03 566.28 202.03 -1000 -1000 -1000 -10 -1 -1 -1
354 8710 Car -1 -1 -10 357.87 185.20 477.23 270.06 -1000 -1000 -1000 -10 -1 -1 -1
354 8711 Car -1 -1 -10 536.82 179.25 564.62 203.00 -1000 -1000 -1000 -10 -1 -1 -1
355 8712 Car -1 -1 -10 363.24 187.45 480.74 267.77 -1000 -1000 -1000 -10 -1 -1 -1
355 8713 Car -1 -1 -10 535.67 179.81 562.40 202.59 -1000 -1000 -1000 -10 -1 -1 -1
355 8714 Car -1 -1 -10 295.21 181.50 343.07 205.57 -1000 -1000 -1000 -10 -1 -1 -1
356 8715 Car -1 -1 -10 369.46 188.81 485.48 267.36 -1000 -1000 -1000 -10 -1 -1 -1
357 8716 Car -1 -1 -10 375.34 187.94 480.84 267.52 -1000 -1000 -1000 -10 -1 -1 -1
357 8717 Car -1 -1 -10 244.12 182.62 305.59 213.04 -1000 -1000 -1000 -10 -1 -1 -1
357 8718 Car -1 -1 -10 533.00 179.37 562.47 204.74 -1000 -1000 -1000 -10 -1 -1 -1
358 8719 Car -1 -1 -10 381.91 188.21 480.57 265.43 -1000 -1000 -1000 -10 -1 -1 -1
358 8720 Car -1 -1 -10 205.93 185.01 275.70 219.34 -1000 -1000 -1000 -10 -1 -1 -1
358 8721 Car -1 -1 -10 532.06 181.44 560.50 204.65 -1000 -1000 -1000 -10 -1 -1 -1
359 8722 Car -1 -1 -10 388.37 184.74 489.43 258.52 -1000 -1000 -1000 -10 -1 -1 -1
359 8723 Car -1 -1 -10 158.66 181.08 244.74 219.90 -1000 -1000 -1000 -10 -1 -1 -1
359 8724 Car -1 -1 -10 529.36 179.14 558.04 202.82 -1000 -1000 -1000 -10 -1 -1 -1
360 8725 Car -1 -1 -10 393.88 183.13 496.35 256.01 -1000 -1000 -1000 -10 -1 -1 -1
360 8726 Car -1 -1 -10 102.66 180.91 206.58 224.44 -1000 -1000 -1000 -10 -1 -1 -1
360 8727 Car -1 -1 -10 530.34 178.51 559.58 202.15 -1000 -1000 -1000 -10 -1 -1 -1
361 8728 Car -1 -1 -10 23.13 182.40 140.84 231.23 -1000 -1000 -1000 -10 -1 -1 -1
361 8729 Car -1 -1 -10 399.40 185.34 501.19 253.34 -1000 -1000 -1000 -10 -1 -1 -1
361 8730 Car -1 -1 -10 532.21 178.09 558.18 202.76 -1000 -1000 -1000 -10 -1 -1 -1
362 8731 Car -1 -1 -10 0.00 184.52 78.15 237.78 -1000 -1000 -1000 -10 -1 -1 -1
362 8732 Car -1 -1 -10 405.44 184.84 504.62 253.70 -1000 -1000 -1000 -10 -1 -1 -1
362 8733 Car -1 -1 -10 532.29 179.20 558.22 202.72 -1000 -1000 -1000 -10 -1 -1 -1
363 8734 Car -1 -1 -10 409.95 183.34 506.82 252.37 -1000 -1000 -1000 -10 -1 -1 -1
363 8735 Car -1 -1 -10 533.30 179.13 557.75 202.32 -1000 -1000 -1000 -10 -1 -1 -1
364 8736 Car -1 -1 -10 416.31 185.01 507.72 250.01 -1000 -1000 -1000 -10 -1 -1 -1
364 8737 Car -1 -1 -10 396.33 183.23 433.81 222.93 -1000 -1000 -1000 -10 -1 -1 -1
364 8738 Car -1 -1 -10 534.95 178.90 558.99 202.04 -1000 -1000 -1000 -10 -1 -1 -1
365 8739 Car -1 -1 -10 421.17 184.88 512.54 249.52 -1000 -1000 -1000 -10 -1 -1 -1
365 8740 Car -1 -1 -10 393.83 184.85 434.62 224.50 -1000 -1000 -1000 -10 -1 -1 -1
365 8741 Car -1 -1 -10 534.88 179.11 560.12 201.79 -1000 -1000 -1000 -10 -1 -1 -1
366 8742 Car -1 -1 -10 425.96 187.93 513.25 250.28 -1000 -1000 -1000 -10 -1 -1 -1
366 8743 Car -1 -1 -10 535.63 180.18 559.94 202.66 -1000 -1000 -1000 -10 -1 -1 -1
366 8744 Car -1 -1 -10 389.82 184.81 439.38 227.29 -1000 -1000 -1000 -10 -1 -1 -1
367 8745 Car -1 -1 -10 432.02 188.50 517.11 250.49 -1000 -1000 -1000 -10 -1 -1 -1
367 8746 Car -1 -1 -10 384.68 187.80 439.54 230.05 -1000 -1000 -1000 -10 -1 -1 -1
367 8747 Car -1 -1 -10 535.96 179.26 561.24 203.30 -1000 -1000 -1000 -10 -1 -1 -1
368 8749 Car -1 -1 -10 434.03 187.26 520.65 252.02 -1000 -1000 -1000 -10 -1 -1 -1
368 8750 Car -1 -1 -10 376.70 187.97 435.61 231.43 -1000 -1000 -1000 -10 -1 -1 -1
368 8751 Car -1 -1 -10 535.59 180.31 562.23 204.57 -1000 -1000 -1000 -10 -1 -1 -1
369 8752 Car -1 -1 -10 438.73 189.56 520.34 250.64 -1000 -1000 -1000 -10 -1 -1 -1
369 8753 Car -1 -1 -10 372.89 191.00 433.11 233.76 -1000 -1000 -1000 -10 -1 -1 -1
370 8754 Car -1 -1 -10 366.23 188.69 437.25 235.33 -1000 -1000 -1000 -10 -1 -1 -1
370 8755 Car -1 -1 -10 441.88 190.04 522.88 250.17 -1000 -1000 -1000 -10 -1 -1 -1
370 8756 Car -1 -1 -10 535.34 178.81 563.15 204.23 -1000 -1000 -1000 -10 -1 -1 -1
371 8758 Car -1 -1 -10 445.52 190.31 523.52 249.55 -1000 -1000 -1000 -10 -1 -1 -1
371 8759 Car -1 -1 -10 361.06 192.26 430.11 238.71 -1000 -1000 -1000 -10 -1 -1 -1
372 8760 Car -1 -1 -10 449.09 189.22 526.47 247.02 -1000 -1000 -1000 -10 -1 -1 -1
372 8761 Car -1 -1 -10 351.51 192.38 418.27 239.92 -1000 -1000 -1000 -10 -1 -1 -1
373 8763 Car -1 -1 -10 343.58 192.06 417.08 242.31 -1000 -1000 -1000 -10 -1 -1 -1
373 8764 Car -1 -1 -10 452.33 189.45 528.63 247.98 -1000 -1000 -1000 -10 -1 -1 -1
374 8765 Car -1 -1 -10 455.02 185.27 530.94 244.44 -1000 -1000 -1000 -10 -1 -1 -1
374 8766 Car -1 -1 -10 334.20 186.94 425.74 241.50 -1000 -1000 -1000 -10 -1 -1 -1
374 8767 Car -1 -1 -10 540.91 179.04 567.65 202.27 -1000 -1000 -1000 -10 -1 -1 -1
375 8768 Car -1 -1 -10 321.70 180.47 419.93 234.84 -1000 -1000 -1000 -10 -1 -1 -1
375 8769 Car -1 -1 -10 459.39 179.87 533.84 235.42 -1000 -1000 -1000 -10 -1 -1 -1
376 8770 Car -1 -1 -10 311.80 176.45 414.29 234.60 -1000 -1000 -1000 -10 -1 -1 -1
376 8771 Car -1 -1 -10 460.96 174.25 535.37 231.80 -1000 -1000 -1000 -10 -1 -1 -1
377 8772 Car -1 -1 -10 301.52 177.91 408.96 240.46 -1000 -1000 -1000 -10 -1 -1 -1
377 8773 Car -1 -1 -10 465.11 174.54 537.22 229.24 -1000 -1000 -1000 -10 -1 -1 -1
378 8774 Car -1 -1 -10 289.18 180.62 404.17 244.01 -1000 -1000 -1000 -10 -1 -1 -1
378 8775 Car -1 -1 -10 467.03 178.08 539.52 229.35 -1000 -1000 -1000 -10 -1 -1 -1
378 8776 Car -1 -1 -10 545.66 171.28 572.84 194.48 -1000 -1000 -1000 -10 -1 -1 -1
379 8777 Car -1 -1 -10 276.20 182.35 395.13 249.78 -1000 -1000 -1000 -10 -1 -1 -1
379 8778 Car -1 -1 -10 472.46 178.92 541.90 232.41 -1000 -1000 -1000 -10 -1 -1 -1
380 8779 Car -1 -1 -10 261.17 183.02 389.07 253.48 -1000 -1000 -1000 -10 -1 -1 -1
380 8780 Car -1 -1 -10 475.91 177.31 542.30 230.16 -1000 -1000 -1000 -10 -1 -1 -1
380 8782 Car -1 -1 -10 547.29 171.27 576.09 194.34 -1000 -1000 -1000 -10 -1 -1 -1
381 8783 Car -1 -1 -10 240.81 183.64 378.68 260.04 -1000 -1000 -1000 -10 -1 -1 -1
381 8784 Car -1 -1 -10 478.09 177.09 545.15 228.75 -1000 -1000 -1000 -10 -1 -1 -1
381 8786 Car -1 -1 -10 548.31 172.44 577.04 194.72 -1000 -1000 -1000 -10 -1 -1 -1
382 8787 Car -1 -1 -10 218.87 183.41 369.86 263.41 -1000 -1000 -1000 -10 -1 -1 -1
382 8789 Car -1 -1 -10 482.33 174.80 547.82 225.11 -1000 -1000 -1000 -10 -1 -1 -1
383 8790 Car -1 -1 -10 197.95 183.81 358.94 266.12 -1000 -1000 -1000 -10 -1 -1 -1
383 8792 Car -1 -1 -10 485.65 174.94 549.76 226.01 -1000 -1000 -1000 -10 -1 -1 -1
384 8793 Car -1 -1 -10 167.17 185.28 345.13 274.23 -1000 -1000 -1000 -10 -1 -1 -1
384 8794 Car -1 -1 -10 489.55 175.56 552.06 225.34 -1000 -1000 -1000 -10 -1 -1 -1
385 8795 Car -1 -1 -10 135.69 186.86 329.64 281.10 -1000 -1000 -1000 -10 -1 -1 -1
385 8796 Car -1 -1 -10 491.40 176.26 553.51 225.14 -1000 -1000 -1000 -10 -1 -1 -1
386 8797 Car -1 -1 -10 95.69 189.90 312.71 292.95 -1000 -1000 -1000 -10 -1 -1 -1
386 8798 Car -1 -1 -10 493.15 176.50 553.62 225.82 -1000 -1000 -1000 -10 -1 -1 -1
387 8799 Car -1 -1 -10 46.13 192.41 292.29 303.28 -1000 -1000 -1000 -10 -1 -1 -1
387 8800 Car -1 -1 -10 494.20 177.41 555.20 225.99 -1000 -1000 -1000 -10 -1 -1 -1
388 8801 Car -1 -1 -10 0.66 193.43 269.28 315.83 -1000 -1000 -1000 -10 -1 -1 -1
388 8802 Car -1 -1 -10 497.02 179.33 555.66 226.27 -1000 -1000 -1000 -10 -1 -1 -1
389 8803 Car -1 -1 -10 0.28 197.29 239.32 328.31 -1000 -1000 -1000 -10 -1 -1 -1
389 8804 Car -1 -1 -10 497.23 179.62 556.44 227.36 -1000 -1000 -1000 -10 -1 -1 -1
