0 11001 Car -1 -1 -10 605.13 175.01 683.70 235.99 -1000 -1000 -1000 -10 -1 -1 -1
0 11002 Car -1 -1 -10 425.13 179.64 461.87 203.01 -1000 -1000 -1000 -10 -1 -1 -1
0 11003 Car -1 -1 -10 348.53 181.51 389.23 209.39 -1000 -1000 -1000 -10 -1 -1 -1
1 11004 Car -1 -1 -10 601.02 174.50 678.36 234.93 -1000 -1000 -1000 -10 -1 -1 -1
1 11005 Car -1 -1 -10 415.87 180.33 454.55 206.45 -1000 -1000 -1000 -10 -1 -1 -1
1 11006 Car -1 -1 -10 338.26 179.87 382.02 210.16 -1000 -1000 -1000 -10 -1 -1 -1
2 11007 Car -1 -1 -10 596.90 176.16 675.32 236.28 -1000 -1000 -1000 -10 -1 -1 -1
2 11008 Car -1 -1 -10 326.82 180.74 375.14 212.29 -1000 -1000 -1000 -10 -1 -1 -1
2 11009 Car -1 -1 -10 405.01 182.04 448.31 210.43 -1000 -1000 -1000 -10 -1 -1 -1
3 11010 Car -1 -1 -10 594.47 178.82 670.57 239.56 -1000 -1000 -1000 -10 -1 -1 -1
3 11011 Car -1 -1 -10 395.08 181.11 440.98 216.90 -1000 -1000 -1000 -10 -1 -1 -1
3 11012 Car -1 -1 -10 312.78 182.96 364.89 215.67 -1000 -1000 -1000 -10 -1 -1 -1
4 11013 Car -1 -1 -10 591.22 179.95 668.30 240.16 -1000 -1000 -1000 -10 -1 -1 -1
4 11014 Car -1 -1 -10 296.84 181.70 357.56 219.46 -1000 -1000 -1000 -10 -1 -1 -1
4 11015 Car -1 -1 -10 376.75 183.77 426.47 219.26 -1000 -1000 -1000 -10 -1 -1 -1
5 11016 Car -1 -1 -10 589.21 180.02 665.36 240.01 -1000 -1000 -1000 -10 -1 -1 -1
5 11017 Car -1 -1 -10 278.21 182.28 343.50 221.69 -1000 -1000 -1000 -10 -1 -1 -1
5 11018 Car -1 -1 -10 358.12 183.76 412.28 223.80 -1000 -1000 -1000 -10 -1 -1 -1
6 11019 Car -1 -1 -10 587.34 180.28 660.38 239.52 -1000 -1000 -1000 -10 -1 -1 -1
6 11020 Car -1 -1 -10 255.65 183.17 328.43 226.30 -1000 -1000 -1000 -10 -1 -1 -1
6 11021 Car -1 -1 -10 336.48 185.46 408.66 228.84 -1000 -1000 -1000 -10 -1 -1 -1
7 11022 Car -1 -1 -10 227.80 187.59 308.80 234.55 -1000 -1000 -1000 -10 -1 -1 -1
7 11023 Car -1 -1 -10 302.75 188.00 393.32 234.24 -1000 -1000 -1000 -10 -1 -1 -1
7 11024 Car -1 -1 -10 584.36 181.26 657.17 240.58 -1000 -1000 -1000 -10 -1 -1 -1
8 11025 Car -1 -1 -10 193.87 187.81 279.24 236.80 -1000 -1000 -1000 -10 -1 -1 -1
8 11026 Car -1 -1 -10 252.62 189.21 369.80 246.21 -1000 -1000 -1000 -10 -1 -1 -1
8 11027 Car -1 -1 -10 582.93 183.49 655.42 240.07 -1000 -1000 -1000 -10 -1 -1 -1
9 11028 Car -1 -1 -10 582.30 182.67 651.23 239.43 -1000 -1000 -1000 -10 -1 -1 -1
9 11029 Car -1 -1 -10 192.56 190.61 339.58 258.52 -1000 -1000 -1000 -10 -1 -1 -1
9 11030 Car -1 -1 -10 150.79 188.05 252.31 243.15 -1000 -1000 -1000 -10 -1 -1 -1
10 11031 Car -1 -1 -10 94.11 188.35 295.35 273.38 -1000 -1000 -1000 -10 -1 -1 -1
10 11032 Car -1 -1 -10 580.32 181.17 651.30 239.13 -1000 -1000 -1000 -10 -1 -1 -1
11 11034 Car -1 -1 -10 577.56 180.11 646.10 239.50 -1000 -1000 -1000 -10 -1 -1 -1
11 11035 Car -1 -1 -10 0.00 187.91 229.01 296.43 -1000 -1000 -1000 -10 -1 -1 -1
12 11037 Car -1 -1 -10 574.18 180.23 644.34 238.76 -1000 -1000 -1000 -10 -1 -1 -1
12 11038 Car -1 -1 -10 0.26 189.20 126.92 312.31 -1000 -1000 -1000 -10 -1 -1 -1
13 11040 Car -1 -1 -10 0.16 196.40 34.57 272.86 -1000 -1000 -1000 -10 -1 -1 -1
13 11041 Car -1 -1 -10 573.33 181.44 641.06 236.34 -1000 -1000 -1000 -10 -1 -1 -1
14 11042 Car -1 -1 -10 569.60 179.04 637.44 235.81 -1000 -1000 -1000 -10 -1 -1 -1
15 11043 Car -1 -1 -10 568.32 178.07 635.09 234.38 -1000 -1000 -1000 -10 -1 -1 -1
16 11044 Car -1 -1 -10 567.69 176.16 631.21 233.34 -1000 -1000 -1000 -10 -1 -1 -1
16 11045 Pedestrian -1 -1 -10 801.73 215.16 825.89 288.84 -1000 -1000 -1000 -10 -1 -1 -1
17 11046 Car -1 -1 -10 562.91 176.70 628.55 234.41 -1000 -1000 -1000 -10 -1 -1 -1
18 11047 Car -1 -1 -10 561.39 178.94 627.90 234.13 -1000 -1000 -1000 -10 -1 -1 -1
19 11049 Car -1 -1 -10 559.98 178.88 622.43 233.37 -1000 -1000 -1000 -10 -1 -1 -1
20 11050 Car -1 -1 -10 560.00 179.81 622.01 233.77 -1000 -1000 -1000 -10 -1 -1 -1
21 11051 Car -1 -1 -10 559.91 179.89 622.60 234.04 -1000 -1000 -1000 -10 -1 -1 -1
22 11052 Car -1 -1 -10 560.99 180.11 622.77 234.32 -1000 -1000 -1000 -10 -1 -1 -1
23 11053 Car -1 -1 -10 561.54 180.16 622.72 234.52 -1000 -1000 -1000 -10 -1 -1 -1
24 11054 Car -1 -1 -10 562.15 180.44 622.51 233.28 -1000 -1000 -1000 -10 -1 -1 -1
25 11055 Car -1 -1 -10 561.03 178.03 622.99 234.04 -1000 -1000 -1000 -10 -1 -1 -1
26 11056 Car -1 -1 -10 563.20 175.61 623.33 232.31 -1000 -1000 -1000 -10 -1 -1 -1
27 11057 Car -1 -1 -10 563.54 177.05 624.58 230.84 -1000 -1000 -1000 -10 -1 -1 -1
28 11058 Car -1 -1 -10 564.62 174.61 624.28 231.27 -1000 -1000 -1000 -10 -1 -1 -1
29 11060 Car -1 -1 -10 566.43 173.27 624.88 229.28 -1000 -1000 -1000 -10 -1 -1 -1
30 11062 Car -1 -1 -10 567.41 172.30 627.36 231.11 -1000 -1000 -1000 -10 -1 -1 -1
31 11064 Car -1 -1 -10 568.46 173.24 628.44 229.50 -1000 -1000 -1000 -10 -1 -1 -1
32 11065 Car -1 -1 -10 569.59 174.57 628.63 231.87 -1000 -1000 -1000 -10 -1 -1 -1
33 11066 Car -1 -1 -10 570.27 176.16 629.54 229.41 -1000 -1000 -1000 -10 -1 -1 -1
34 11067 Car -1 -1 -10 572.46 177.59 632.51 232.60 -1000 -1000 -1000 -10 -1 -1 -1
35 11068 Car -1 -1 -10 573.92 175.34 631.81 230.84 -1000 -1000 -1000 -10 -1 -1 -1
36 11069 Car -1 -1 -10 574.48 174.24 632.99 228.09 -1000 -1000 -1000 -10 -1 -1 -1
37 11070 Car -1 -1 -10 575.57 173.29 633.64 228.38 -1000 -1000 -1000 -10 -1 -1 -1
38 11071 Car -1 -1 -10 575.27 172.62 633.73 228.28 -1000 -1000 -1000 -10 -1 -1 -1
39 11072 Car -1 -1 -10 576.34 173.74 634.36 230.33 -1000 -1000 -1000 -10 -1 -1 -1
40 11073 Car -1 -1 -10 577.30 173.35 634.94 230.40 -1000 -1000 -1000 -10 -1 -1 -1
41 11074 Car -1 -1 -10 577.01 174.04 634.60 229.69 -1000 -1000 -1000 -10 -1 -1 -1
42 11075 Car -1 -1 -10 576.89 177.73 634.20 229.59 -1000 -1000 -1000 -10 -1 -1 -1
43 11076 Car -1 -1 -10 576.87 175.99 633.75 231.00 -1000 -1000 -1000 -10 -1 -1 -1
44 11077 Car -1 -1 -10 577.55 175.97 634.26 230.86 -1000 -1000 -1000 -10 -1 -1 -1
45 11078 Car -1 -1 -10 577.48 175.36 633.72 232.99 -1000 -1000 -1000 -10 -1 -1 -1
46 11079 Car -1 -1 -10 577.30 175.95 634.27 232.59 -1000 -1000 -1000 -10 -1 -1 -1
47 11080 Car -1 -1 -10 576.62 176.09 633.26 230.71 -1000 -1000 -1000 -10 -1 -1 -1
48 11081 Car -1 -1 -10 576.77 175.83 632.54 229.00 -1000 -1000 -1000 -10 -1 -1 -1
49 11082 Car -1 -1 -10 575.89 176.19 632.20 229.88 -1000 -1000 -1000 -10 -1 -1 -1
50 11083 Car -1 -1 -10 577.50 176.03 631.89 232.05 -1000 -1000 -1000 -10 -1 -1 -1
51 11084 Car -1 -1 -10 576.39 177.20 631.10 232.44 -1000 -1000 -1000 -10 -1 -1 -1
52 11085 Car -1 -1 -10 575.17 176.18 630.98 230.65 -1000 -1000 -1000 -10 -1 -1 -1
53 11086 Car -1 -1 -10 574.59 177.80 630.99 229.15 -1000 -1000 -1000 -10 -1 -1 -1
54 11087 Car -1 -1 -10 573.49 177.24 630.25 229.03 -1000 -1000 -1000 -10 -1 -1 -1
55 11088 Car -1 -1 -10 572.32 175.07 628.18 227.82 -1000 -1000 -1000 -10 -1 -1 -1
56 11089 Car -1 -1 -10 570.57 173.35 627.17 226.56 -1000 -1000 -1000 -10 -1 -1 -1
57 11090 Car -1 -1 -10 569.59 173.27 624.23 227.42 -1000 -1000 -1000 -10 -1 -1 -1
58 11091 Car -1 -1 -10 567.68 176.05 622.17 228.87 -1000 -1000 -1000 -10 -1 -1 -1
59 11092 Car -1 -1 -10 566.88 179.70 621.74 232.00 -1000 -1000 -1000 -10 -1 -1 -1
60 11093 Car -1 -1 -10 564.52 183.76 620.04 233.21 -1000 -1000 -1000 -10 -1 -1 -1
61 11094 Car -1 -1 -10 564.13 180.66 619.82 231.58 -1000 -1000 -1000 -10 -1 -1 -1
62 11095 Car -1 -1 -10 563.57 173.44 619.01 225.54 -1000 -1000 -1000 -10 -1 -1 -1
63 11096 Car -1 -1 -10 563.60 167.64 618.76 220.03 -1000 -1000 -1000 -10 -1 -1 -1
64 11097 Car -1 -1 -10 562.54 169.51 618.13 220.06 -1000 -1000 -1000 -10 -1 -1 -1
65 11098 Car -1 -1 -10 562.89 174.97 618.35 228.18 -1000 -1000 -1000 -10 -1 -1 -1
66 11099 Car -1 -1 -10 560.92 179.12 616.27 229.23 -1000 -1000 -1000 -10 -1 -1 -1
68 11100 Car -1 -1 -10 562.92 175.50 616.68 227.07 -1000 -1000 -1000 -10 -1 -1 -1
69 11101 Car -1 -1 -10 562.97 174.25 616.65 226.02 -1000 -1000 -1000 -10 -1 -1 -1
70 11102 Car -1 -1 -10 562.95 174.46 616.83 223.26 -1000 -1000 -1000 -10 -1 -1 -1
71 11103 Car -1 -1 -10 563.02 173.26 616.74 222.64 -1000 -1000 -1000 -10 -1 -1 -1
72 11104 Car -1 -1 -10 481.19 182.05 511.82 201.92 -1000 -1000 -1000 -10 -1 -1 -1
72 11105 Car -1 -1 -10 563.64 174.56 617.08 224.62 -1000 -1000 -1000 -10 -1 -1 -1
72 11106 Car -1 -1 -10 541.08 175.87 564.72 194.10 -1000 -1000 -1000 -10 -1 -1 -1
73 11107 Car -1 -1 -10 474.01 181.13 506.04 204.49 -1000 -1000 -1000 -10 -1 -1 -1
73 11108 Car -1 -1 -10 539.81 175.75 567.14 194.72 -1000 -1000 -1000 -10 -1 -1 -1
73 11109 Car -1 -1 -10 564.79 174.74 617.56 225.18 -1000 -1000 -1000 -10 -1 -1 -1
74 11110 Car -1 -1 -10 564.44 174.06 616.84 224.60 -1000 -1000 -1000 -10 -1 -1 -1
74 11111 Car -1 -1 -10 466.14 183.60 499.87 207.75 -1000 -1000 -1000 -10 -1 -1 -1
74 11112 Car -1 -1 -10 537.08 175.95 566.45 198.55 -1000 -1000 -1000 -10 -1 -1 -1
75 11113 Car -1 -1 -10 564.16 174.93 617.90 225.35 -1000 -1000 -1000 -10 -1 -1 -1
75 11114 Car -1 -1 -10 530.68 179.30 558.07 199.77 -1000 -1000 -1000 -10 -1 -1 -1
76 11115 Car -1 -1 -10 525.67 178.52 555.88 200.84 -1000 -1000 -1000 -10 -1 -1 -1
76 11116 Car -1 -1 -10 564.41 175.57 618.06 225.70 -1000 -1000 -1000 -10 -1 -1 -1
77 11117 Car -1 -1 -10 520.62 178.92 551.90 203.88 -1000 -1000 -1000 -10 -1 -1 -1
77 11118 Car -1 -1 -10 423.86 183.44 473.68 219.06 -1000 -1000 -1000 -10 -1 -1 -1
77 11119 Car -1 -1 -10 564.85 175.32 617.95 225.12 -1000 -1000 -1000 -10 -1 -1 -1
78 11120 Car -1 -1 -10 564.34 179.57 619.55 228.67 -1000 -1000 -1000 -10 -1 -1 -1
78 11121 Car -1 -1 -10 512.77 181.14 549.03 209.73 -1000 -1000 -1000 -10 -1 -1 -1
78 11122 Car -1 -1 -10 403.87 189.40 462.15 227.14 -1000 -1000 -1000 -10 -1 -1 -1
79 11123 Car -1 -1 -10 377.95 195.17 445.46 238.91 -1000 -1000 -1000 -10 -1 -1 -1
79 11124 Car -1 -1 -10 505.40 187.29 543.72 218.37 -1000 -1000 -1000 -10 -1 -1 -1
80 11125 Car -1 -1 -10 495.38 187.90 538.63 222.41 -1000 -1000 -1000 -10 -1 -1 -1
80 11126 Car -1 -1 -10 344.36 198.88 427.68 244.82 -1000 -1000 -1000 -10 -1 -1 -1
80 11127 Car -1 -1 -10 566.76 184.01 618.77 230.83 -1000 -1000 -1000 -10 -1 -1 -1
81 11128 Car -1 -1 -10 481.49 187.66 533.27 224.81 -1000 -1000 -1000 -10 -1 -1 -1
81 11129 Car -1 -1 -10 566.35 182.54 619.34 229.68 -1000 -1000 -1000 -10 -1 -1 -1
82 11130 Car -1 -1 -10 240.85 200.66 368.38 270.48 -1000 -1000 -1000 -10 -1 -1 -1
82 11131 Car -1 -1 -10 464.63 188.05 524.35 231.21 -1000 -1000 -1000 -10 -1 -1 -1
82 11132 Car -1 -1 -10 567.58 182.33 618.88 229.66 -1000 -1000 -1000 -10 -1 -1 -1
83 11133 Car -1 -1 -10 145.27 205.05 323.14 293.59 -1000 -1000 -1000 -10 -1 -1 -1
83 11134 Car -1 -1 -10 442.90 188.06 515.04 238.76 -1000 -1000 -1000 -10 -1 -1 -1
83 11135 Car -1 -1 -10 568.09 180.98 619.74 228.59 -1000 -1000 -1000 -10 -1 -1 -1
84 11136 Car -1 -1 -10 411.34 188.10 501.55 248.75 -1000 -1000 -1000 -10 -1 -1 -1
84 11137 Car -1 -1 -10 566.93 178.56 619.52 226.44 -1000 -1000 -1000 -10 -1 -1 -1
84 11138 Car -1 -1 -10 0.38 207.54 252.43 328.93 -1000 -1000 -1000 -10 -1 -1 -1
85 11139 Car -1 -1 -10 361.78 185.91 481.46 265.44 -1000 -1000 -1000 -10 -1 -1 -1
85 11140 Car -1 -1 -10 0.24 218.19 142.29 352.94 -1000 -1000 -1000 -10 -1 -1 -1
85 11141 Car -1 -1 -10 567.46 176.18 619.18 224.91 -1000 -1000 -1000 -10 -1 -1 -1
86 11142 Car -1 -1 -10 281.23 189.48 450.64 294.02 -1000 -1000 -1000 -10 -1 -1 -1
86 11143 Car -1 -1 -10 568.05 177.38 620.07 224.46 -1000 -1000 -1000 -10 -1 -1 -1
87 11144 Car -1 -1 -10 124.19 193.44 403.53 349.05 -1000 -1000 -1000 -10 -1 -1 -1
87 11145 Car -1 -1 -10 567.02 178.75 620.32 226.08 -1000 -1000 -1000 -10 -1 -1 -1
88 11146 Car -1 -1 -10 0.45 207.32 314.89 372.41 -1000 -1000 -1000 -10 -1 -1 -1
88 11147 Car -1 -1 -10 569.17 179.23 620.77 226.17 -1000 -1000 -1000 -10 -1 -1 -1
89 11148 Car -1 -1 -10 568.65 178.66 620.49 225.50 -1000 -1000 -1000 -10 -1 -1 -1
89 11149 Car -1 -1 -10 0.29 231.04 78.84 373.38 -1000 -1000 -1000 -10 -1 -1 -1
90 11150 Car -1 -1 -10 566.94 179.62 620.29 225.76 -1000 -1000 -1000 -10 -1 -1 -1
91 11151 Car -1 -1 -10 568.67 178.01 619.79 225.35 -1000 -1000 -1000 -10 -1 -1 -1
92 11152 Car -1 -1 -10 568.51 176.82 619.98 223.52 -1000 -1000 -1000 -10 -1 -1 -1
93 11153 Car -1 -1 -10 567.55 176.85 619.69 222.94 -1000 -1000 -1000 -10 -1 -1 -1
94 11154 Car -1 -1 -10 567.97 178.11 619.44 223.91 -1000 -1000 -1000 -10 -1 -1 -1
95 11155 Car -1 -1 -10 567.22 179.46 619.38 225.89 -1000 -1000 -1000 -10 -1 -1 -1
95 11156 Car -1 -1 -10 858.32 163.44 886.34 186.62 -1000 -1000 -1000 -10 -1 -1 -1
96 11157 Car -1 -1 -10 566.19 178.92 619.12 225.98 -1000 -1000 -1000 -10 -1 -1 -1
97 11158 Car -1 -1 -10 564.49 179.14 618.87 226.55 -1000 -1000 -1000 -10 -1 -1 -1
98 11159 Car -1 -1 -10 564.43 177.77 617.17 224.38 -1000 -1000 -1000 -10 -1 -1 -1
99 11160 Car -1 -1 -10 563.89 175.68 615.21 221.97 -1000 -1000 -1000 -10 -1 -1 -1
100 11161 Car -1 -1 -10 562.78 176.57 615.01 224.89 -1000 -1000 -1000 -10 -1 -1 -1
101 11162 Car -1 -1 -10 563.27 179.63 616.08 226.52 -1000 -1000 -1000 -10 -1 -1 -1
102 11163 Car -1 -1 -10 562.26 181.46 614.06 228.15 -1000 -1000 -1000 -10 -1 -1 -1
103 11164 Car -1 -1 -10 561.43 179.53 614.17 227.30 -1000 -1000 -1000 -10 -1 -1 -1
104 11165 Car -1 -1 -10 561.02 176.62 614.64 224.83 -1000 -1000 -1000 -10 -1 -1 -1
105 11166 Car -1 -1 -10 561.29 175.27 614.73 225.75 -1000 -1000 -1000 -10 -1 -1 -1
106 11167 Car -1 -1 -10 562.16 176.43 615.49 226.40 -1000 -1000 -1000 -10 -1 -1 -1
107 11168 Car -1 -1 -10 561.88 177.27 615.46 225.92 -1000 -1000 -1000 -10 -1 -1 -1
108 11169 Car -1 -1 -10 562.14 176.76 617.91 226.43 -1000 -1000 -1000 -10 -1 -1 -1
109 11170 Car -1 -1 -10 562.75 176.90 617.01 226.52 -1000 -1000 -1000 -10 -1 -1 -1
110 11171 Car -1 -1 -10 562.33 175.33 617.39 226.68 -1000 -1000 -1000 -10 -1 -1 -1
110 11172 Car -1 -1 -10 509.36 179.29 538.62 202.75 -1000 -1000 -1000 -10 -1 -1 -1
111 11173 Car -1 -1 -10 562.33 175.32 617.47 226.38 -1000 -1000 -1000 -10 -1 -1 -1
111 11174 Car -1 -1 -10 506.93 179.63 534.31 202.76 -1000 -1000 -1000 -10 -1 -1 -1
112 11175 Car -1 -1 -10 563.02 175.80 619.54 227.67 -1000 -1000 -1000 -10 -1 -1 -1
112 11176 Car -1 -1 -10 500.34 179.97 532.04 204.34 -1000 -1000 -1000 -10 -1 -1 -1
113 11177 Car -1 -1 -10 564.62 178.02 619.32 228.63 -1000 -1000 -1000 -10 -1 -1 -1
113 11178 Car -1 -1 -10 494.52 181.50 528.21 209.00 -1000 -1000 -1000 -10 -1 -1 -1
113 11179 Car -1 -1 -10 935.97 168.83 997.12 185.90 -1000 -1000 -1000 -10 -1 -1 -1
114 11180 Car -1 -1 -10 564.45 178.67 621.15 230.15 -1000 -1000 -1000 -10 -1 -1 -1
114 11181 Car -1 -1 -10 486.40 182.34 520.96 211.59 -1000 -1000 -1000 -10 -1 -1 -1
114 11182 Car -1 -1 -10 941.52 170.74 1008.32 189.63 -1000 -1000 -1000 -10 -1 -1 -1
115 11183 Car -1 -1 -10 564.54 176.40 619.08 226.80 -1000 -1000 -1000 -10 -1 -1 -1
115 11184 Car -1 -1 -10 476.28 179.71 514.04 208.68 -1000 -1000 -1000 -10 -1 -1 -1
116 11185 Car -1 -1 -10 565.67 173.47 618.57 225.16 -1000 -1000 -1000 -10 -1 -1 -1
116 11186 Car -1 -1 -10 465.89 179.67 507.68 211.84 -1000 -1000 -1000 -10 -1 -1 -1
117 11187 Car -1 -1 -10 565.48 172.61 619.40 225.17 -1000 -1000 -1000 -10 -1 -1 -1
117 11188 Car -1 -1 -10 452.02 178.94 500.08 216.72 -1000 -1000 -1000 -10 -1 -1 -1
117 11189 Car -1 -1 -10 993.01 161.15 1073.25 186.29 -1000 -1000 -1000 -10 -1 -1 -1
118 11190 Car -1 -1 -10 565.89 175.01 621.51 228.18 -1000 -1000 -1000 -10 -1 -1 -1
118 11191 Car -1 -1 -10 436.70 181.70 490.21 223.38 -1000 -1000 -1000 -10 -1 -1 -1
118 11192 Car -1 -1 -10 1010.46 161.90 1098.89 187.62 -1000 -1000 -1000 -10 -1 -1 -1
119 11193 Car -1 -1 -10 569.20 180.42 621.17 229.17 -1000 -1000 -1000 -10 -1 -1 -1
119 11194 Car -1 -1 -10 1126.09 148.22 1241.17 201.75 -1000 -1000 -1000 -10 -1 -1 -1
119 11195 Car -1 -1 -10 414.62 187.64 479.39 231.54 -1000 -1000 -1000 -10 -1 -1 -1
119 11196 Car -1 -1 -10 1049.41 168.11 1128.64 195.24 -1000 -1000 -1000 -10 -1 -1 -1
120 11197 Car -1 -1 -10 567.31 180.33 621.67 229.56 -1000 -1000 -1000 -10 -1 -1 -1
120 11198 Car -1 -1 -10 387.22 187.93 461.64 239.69 -1000 -1000 -1000 -10 -1 -1 -1
120 11199 Car -1 -1 -10 516.23 183.85 542.58 203.19 -1000 -1000 -1000 -10 -1 -1 -1
121 11200 Car -1 -1 -10 566.83 173.26 621.56 224.93 -1000 -1000 -1000 -10 -1 -1 -1
121 11201 Car -1 -1 -10 349.11 181.95 439.02 243.43 -1000 -1000 -1000 -10 -1 -1 -1
121 11202 Car -1 -1 -10 1078.24 166.86 1189.27 197.05 -1000 -1000 -1000 -10 -1 -1 -1
122 11203 Car -1 -1 -10 566.54 171.57 622.19 222.59 -1000 -1000 -1000 -10 -1 -1 -1
122 11204 Car -1 -1 -10 296.57 182.08 411.74 254.85 -1000 -1000 -1000 -10 -1 -1 -1
122 11205 Car -1 -1 -10 1103.51 163.09 1239.68 199.44 -1000 -1000 -1000 -10 -1 -1 -1
123 11206 Car -1 -1 -10 218.43 188.06 371.96 277.39 -1000 -1000 -1000 -10 -1 -1 -1
123 11207 Car -1 -1 -10 567.09 171.23 622.60 220.95 -1000 -1000 -1000 -10 -1 -1 -1
123 11208 Car -1 -1 -10 491.22 176.94 530.18 201.77 -1000 -1000 -1000 -10 -1 -1 -1
123 11209 Car -1 -1 -10 1144.26 158.62 1241.19 196.46 -1000 -1000 -1000 -10 -1 -1 -1
124 11210 Car -1 -1 -10 86.71 193.35 311.50 315.31 -1000 -1000 -1000 -10 -1 -1 -1
124 11211 Car -1 -1 -10 567.23 170.54 622.96 222.60 -1000 -1000 -1000 -10 -1 -1 -1
124 11212 Car -1 -1 -10 483.27 179.98 523.96 206.68 -1000 -1000 -1000 -10 -1 -1 -1
124 11213 Car -1 -1 -10 1169.51 155.22 1241.57 199.14 -1000 -1000 -1000 -10 -1 -1 -1
125 11214 Car -1 -1 -10 0.00 206.63 212.89 375.00 -1000 -1000 -1000 -10 -1 -1 -1
125 11215 Car -1 -1 -10 567.70 173.06 623.59 226.27 -1000 -1000 -1000 -10 -1 -1 -1
126 11216 Car -1 -1 -10 568.11 173.66 624.15 228.95 -1000 -1000 -1000 -10 -1 -1 -1
126 11217 Car -1 -1 -10 461.69 183.70 508.43 216.16 -1000 -1000 -1000 -10 -1 -1 -1
127 11218 Car -1 -1 -10 569.57 176.85 625.00 228.92 -1000 -1000 -1000 -10 -1 -1 -1
127 11219 Car -1 -1 -10 445.02 185.12 499.83 221.71 -1000 -1000 -1000 -10 -1 -1 -1
128 11220 Car -1 -1 -10 568.11 178.01 624.30 227.87 -1000 -1000 -1000 -10 -1 -1 -1
128 11221 Car -1 -1 -10 427.01 187.32 489.02 226.40 -1000 -1000 -1000 -10 -1 -1 -1
129 11222 Car -1 -1 -10 567.31 174.86 624.30 228.21 -1000 -1000 -1000 -10 -1 -1 -1
129 11223 Car -1 -1 -10 403.23 188.93 478.23 230.53 -1000 -1000 -1000 -10 -1 -1 -1
130 11224 Car -1 -1 -10 566.74 174.48 624.12 226.25 -1000 -1000 -1000 -10 -1 -1 -1
130 11225 Car -1 -1 -10 379.58 186.70 460.05 233.23 -1000 -1000 -1000 -10 -1 -1 -1
131 11226 Car -1 -1 -10 566.02 173.43 624.11 225.50 -1000 -1000 -1000 -10 -1 -1 -1
131 11227 Car -1 -1 -10 333.17 191.73 436.96 248.57 -1000 -1000 -1000 -10 -1 -1 -1
132 11228 Car -1 -1 -10 272.54 196.34 410.75 269.11 -1000 -1000 -1000 -10 -1 -1 -1
132 11229 Car -1 -1 -10 565.70 174.33 622.84 228.14 -1000 -1000 -1000 -10 -1 -1 -1
133 11230 Car -1 -1 -10 566.19 175.32 623.31 229.97 -1000 -1000 -1000 -10 -1 -1 -1
133 11231 Car -1 -1 -10 185.71 200.57 371.76 296.37 -1000 -1000 -1000 -10 -1 -1 -1
134 11232 Car -1 -1 -10 28.89 209.96 312.52 334.14 -1000 -1000 -1000 -10 -1 -1 -1
134 11233 Car -1 -1 -10 565.73 177.79 624.27 229.97 -1000 -1000 -1000 -10 -1 -1 -1
135 11234 Car -1 -1 -10 0.12 222.08 220.25 374.41 -1000 -1000 -1000 -10 -1 -1 -1
135 11235 Car -1 -1 -10 566.06 180.05 623.06 231.73 -1000 -1000 -1000 -10 -1 -1 -1
135 11236 Car -1 -1 -10 808.71 171.29 836.34 185.01 -1000 -1000 -1000 -10 -1 -1 -1
136 11237 Car -1 -1 -10 565.76 179.44 623.63 233.59 -1000 -1000 -1000 -10 -1 -1 -1
136 11238 Car -1 -1 -10 815.12 168.11 849.40 187.07 -1000 -1000 -1000 -10 -1 -1 -1
137 11239 Car -1 -1 -10 566.34 177.85 623.74 231.61 -1000 -1000 -1000 -10 -1 -1 -1
138 11240 Car -1 -1 -10 567.12 175.55 623.46 228.91 -1000 -1000 -1000 -10 -1 -1 -1
139 11241 Car -1 -1 -10 567.85 173.94 624.77 228.77 -1000 -1000 -1000 -10 -1 -1 -1
139 11242 Car -1 -1 -10 830.34 168.09 860.76 187.06 -1000 -1000 -1000 -10 -1 -1 -1
140 11243 Car -1 -1 -10 567.91 173.40 627.37 227.33 -1000 -1000 -1000 -10 -1 -1 -1
141 11244 Car -1 -1 -10 569.53 173.47 628.01 227.32 -1000 -1000 -1000 -10 -1 -1 -1
142 11245 Car -1 -1 -10 571.27 174.76 630.13 227.44 -1000 -1000 -1000 -10 -1 -1 -1
143 11246 Car -1 -1 -10 573.83 174.59 631.96 228.53 -1000 -1000 -1000 -10 -1 -1 -1
144 11247 Car -1 -1 -10 576.03 174.48 632.42 227.65 -1000 -1000 -1000 -10 -1 -1 -1
145 11248 Car -1 -1 -10 577.33 174.88 634.62 228.41 -1000 -1000 -1000 -10 -1 -1 -1
145 11249 Car -1 -1 -10 873.18 167.89 912.19 189.17 -1000 -1000 -1000 -10 -1 -1 -1
146 11250 Car -1 -1 -10 578.77 175.46 636.92 230.54 -1000 -1000 -1000 -10 -1 -1 -1
146 11251 Car -1 -1 -10 895.23 167.41 922.93 190.04 -1000 -1000 -1000 -10 -1 -1 -1
147 11252 Car -1 -1 -10 580.67 175.61 638.63 230.42 -1000 -1000 -1000 -10 -1 -1 -1
147 11253 Car -1 -1 -10 892.47 169.68 919.19 188.07 -1000 -1000 -1000 -10 -1 -1 -1
148 11254 Car -1 -1 -10 581.70 175.92 639.85 229.95 -1000 -1000 -1000 -10 -1 -1 -1
149 11255 Car -1 -1 -10 582.40 176.41 641.04 232.52 -1000 -1000 -1000 -10 -1 -1 -1
149 11256 Car -1 -1 -10 912.65 169.98 959.96 191.78 -1000 -1000 -1000 -10 -1 -1 -1
150 11257 Car -1 -1 -10 584.73 179.11 643.39 235.92 -1000 -1000 -1000 -10 -1 -1 -1
150 11258 Car -1 -1 -10 916.90 175.29 973.30 202.18 -1000 -1000 -1000 -10 -1 -1 -1
151 11259 Car -1 -1 -10 584.40 177.31 644.42 234.20 -1000 -1000 -1000 -10 -1 -1 -1
151 11260 Car -1 -1 -10 925.75 172.49 984.09 197.78 -1000 -1000 -1000 -10 -1 -1 -1
152 11261 Car -1 -1 -10 584.13 173.54 644.99 230.05 -1000 -1000 -1000 -10 -1 -1 -1
152 11262 Car -1 -1 -10 939.00 167.39 1000.97 193.49 -1000 -1000 -1000 -10 -1 -1 -1
153 11263 Car -1 -1 -10 587.28 172.53 648.44 230.81 -1000 -1000 -1000 -10 -1 -1 -1
153 11264 Car -1 -1 -10 951.54 165.83 1017.33 192.43 -1000 -1000 -1000 -10 -1 -1 -1
153 11265 Car -1 -1 -10 680.31 174.18 727.50 212.90 -1000 -1000 -1000 -10 -1 -1 -1
154 11266 Car -1 -1 -10 588.72 174.22 649.59 230.93 -1000 -1000 -1000 -10 -1 -1 -1
154 11267 Car -1 -1 -10 972.19 165.60 1036.60 193.03 -1000 -1000 -1000 -10 -1 -1 -1
154 11268 Car -1 -1 -10 683.24 175.57 734.26 217.55 -1000 -1000 -1000 -10 -1 -1 -1
155 11269 Car -1 -1 -10 591.61 176.87 651.16 232.45 -1000 -1000 -1000 -10 -1 -1 -1
155 11270 Car -1 -1 -10 687.88 179.32 743.30 221.16 -1000 -1000 -1000 -10 -1 -1 -1
155 11271 Car -1 -1 -10 980.27 164.49 1053.41 191.30 -1000 -1000 -1000 -10 -1 -1 -1
156 11272 Car -1 -1 -10 592.08 177.28 652.03 233.16 -1000 -1000 -1000 -10 -1 -1 -1
156 11273 Car -1 -1 -10 692.93 180.16 750.01 225.38 -1000 -1000 -1000 -10 -1 -1 -1
157 11274 Car -1 -1 -10 593.08 175.78 654.19 232.75 -1000 -1000 -1000 -10 -1 -1 -1
157 11275 Car -1 -1 -10 698.00 178.92 757.59 228.16 -1000 -1000 -1000 -10 -1 -1 -1
157 11276 Car -1 -1 -10 1008.36 166.94 1103.06 200.65 -1000 -1000 -1000 -10 -1 -1 -1
158 11277 Car -1 -1 -10 594.77 174.28 655.74 233.03 -1000 -1000 -1000 -10 -1 -1 -1
158 11278 Car -1 -1 -10 701.39 179.49 765.79 231.15 -1000 -1000 -1000 -10 -1 -1 -1
158 11279 Car -1 -1 -10 1118.23 151.87 1241.30 208.33 -1000 -1000 -1000 -10 -1 -1 -1
158 11280 Car -1 -1 -10 1027.09 166.21 1123.37 199.17 -1000 -1000 -1000 -10 -1 -1 -1
159 11281 Car -1 -1 -10 596.94 174.76 656.49 230.71 -1000 -1000 -1000 -10 -1 -1 -1
159 11282 Car -1 -1 -10 706.90 179.55 778.20 235.02 -1000 -1000 -1000 -10 -1 -1 -1
159 11283 Car -1 -1 -10 1150.43 147.27 1241.52 209.16 -1000 -1000 -1000 -10 -1 -1 -1
160 11284 Car -1 -1 -10 598.30 174.49 657.42 230.85 -1000 -1000 -1000 -10 -1 -1 -1
160 11285 Car -1 -1 -10 712.30 178.10 791.96 241.61 -1000 -1000 -1000 -10 -1 -1 -1
160 11286 Car -1 -1 -10 1067.69 164.86 1150.20 203.01 -1000 -1000 -1000 -10 -1 -1 -1
161 11287 Car -1 -1 -10 599.29 175.33 659.03 233.56 -1000 -1000 -1000 -10 -1 -1 -1
161 11288 Car -1 -1 -10 719.72 179.02 806.03 248.10 -1000 -1000 -1000 -10 -1 -1 -1
161 11289 Car -1 -1 -10 1092.06 164.54 1214.60 205.70 -1000 -1000 -1000 -10 -1 -1 -1
162 11290 Car -1 -1 -10 728.40 178.78 825.38 255.60 -1000 -1000 -1000 -10 -1 -1 -1
162 11291 Car -1 -1 -10 600.06 176.03 659.70 232.90 -1000 -1000 -1000 -10 -1 -1 -1
162 11292 Car -1 -1 -10 1114.69 164.53 1241.35 206.41 -1000 -1000 -1000 -10 -1 -1 -1
163 11293 Car -1 -1 -10 736.54 181.52 845.85 262.49 -1000 -1000 -1000 -10 -1 -1 -1
163 11294 Car -1 -1 -10 600.49 174.50 660.38 230.33 -1000 -1000 -1000 -10 -1 -1 -1
163 11295 Car -1 -1 -10 1140.52 164.70 1241.41 211.48 -1000 -1000 -1000 -10 -1 -1 -1
164 11296 Car -1 -1 -10 747.65 182.68 872.85 270.44 -1000 -1000 -1000 -10 -1 -1 -1
164 11297 Car -1 -1 -10 601.17 175.60 661.64 231.73 -1000 -1000 -1000 -10 -1 -1 -1
165 11298 Car -1 -1 -10 761.38 183.83 906.41 290.59 -1000 -1000 -1000 -10 -1 -1 -1
165 11299 Car -1 -1 -10 600.14 178.24 661.44 234.22 -1000 -1000 -1000 -10 -1 -1 -1
166 11300 Car -1 -1 -10 776.81 183.64 951.54 306.09 -1000 -1000 -1000 -10 -1 -1 -1
166 11301 Car -1 -1 -10 600.04 179.03 663.32 235.76 -1000 -1000 -1000 -10 -1 -1 -1
167 11302 Car -1 -1 -10 795.50 185.49 1010.09 323.48 -1000 -1000 -1000 -10 -1 -1 -1
167 11303 Car -1 -1 -10 600.32 178.82 662.09 236.75 -1000 -1000 -1000 -10 -1 -1 -1
168 11304 Car -1 -1 -10 823.49 196.44 1097.47 356.67 -1000 -1000 -1000 -10 -1 -1 -1
168 11305 Car -1 -1 -10 600.76 177.97 662.42 233.88 -1000 -1000 -1000 -10 -1 -1 -1
169 11306 Car -1 -1 -10 857.54 196.64 1234.28 372.14 -1000 -1000 -1000 -10 -1 -1 -1
169 11307 Car -1 -1 -10 600.36 178.22 663.06 233.51 -1000 -1000 -1000 -10 -1 -1 -1
169 11308 Pedestrian -1 -1 -10 1025.71 178.87 1100.04 373.17 -1000 -1000 -1000 -10 -1 -1 -1
169 11309 Car -1 -1 -10 1084.99 158.58 1142.35 192.27 -1000 -1000 -1000 -10 -1 -1 -1
170 11310 Car -1 -1 -10 906.68 203.72 1242.00 372.85 -1000 -1000 -1000 -10 -1 -1 -1
170 11311 Car -1 -1 -10 599.66 177.99 664.16 235.51 -1000 -1000 -1000 -10 -1 -1 -1
171 11312 Car -1 -1 -10 980.82 218.95 1241.19 369.77 -1000 -1000 -1000 -10 -1 -1 -1
171 11313 Car -1 -1 -10 599.17 180.24 662.76 238.43 -1000 -1000 -1000 -10 -1 -1 -1
172 11314 Car -1 -1 -10 599.58 180.57 663.91 239.24 -1000 -1000 -1000 -10 -1 -1 -1
173 11315 Car -1 -1 -10 600.28 180.14 663.96 239.62 -1000 -1000 -1000 -10 -1 -1 -1
174 11316 Car -1 -1 -10 600.15 180.01 664.44 240.25 -1000 -1000 -1000 -10 -1 -1 -1
175 11317 Car -1 -1 -10 599.93 179.52 664.64 240.31 -1000 -1000 -1000 -10 -1 -1 -1
176 11318 Car -1 -1 -10 599.77 178.56 663.32 239.49 -1000 -1000 -1000 -10 -1 -1 -1
177 11319 Car -1 -1 -10 600.33 178.56 664.37 240.31 -1000 -1000 -1000 -10 -1 -1 -1
178 11320 Car -1 -1 -10 599.75 178.42 664.26 239.35 -1000 -1000 -1000 -10 -1 -1 -1
179 11321 Car -1 -1 -10 599.02 178.62 663.65 240.05 -1000 -1000 -1000 -10 -1 -1 -1
180 11322 Car -1 -1 -10 599.22 179.24 664.18 240.97 -1000 -1000 -1000 -10 -1 -1 -1
181 11323 Car -1 -1 -10 598.63 178.97 664.24 239.51 -1000 -1000 -1000 -10 -1 -1 -1
182 11324 Car -1 -1 -10 598.35 176.27 664.35 240.22 -1000 -1000 -1000 -10 -1 -1 -1
183 11325 Car -1 -1 -10 598.45 175.18 663.90 237.88 -1000 -1000 -1000 -10 -1 -1 -1
184 11326 Car -1 -1 -10 598.37 173.70 664.20 235.79 -1000 -1000 -1000 -10 -1 -1 -1
185 11327 Car -1 -1 -10 597.07 172.95 663.42 233.78 -1000 -1000 -1000 -10 -1 -1 -1
186 11328 Car -1 -1 -10 596.72 173.15 662.81 234.36 -1000 -1000 -1000 -10 -1 -1 -1
187 11329 Car -1 -1 -10 596.82 172.70 662.40 233.27 -1000 -1000 -1000 -10 -1 -1 -1
188 11330 Car -1 -1 -10 596.27 172.29 662.62 235.52 -1000 -1000 -1000 -10 -1 -1 -1
189 11331 Car -1 -1 -10 596.01 173.06 663.34 235.40 -1000 -1000 -1000 -10 -1 -1 -1
190 11332 Car -1 -1 -10 596.12 174.38 663.74 236.00 -1000 -1000 -1000 -10 -1 -1 -1
191 11333 Car -1 -1 -10 596.79 173.93 663.99 238.17 -1000 -1000 -1000 -10 -1 -1 -1
192 11334 Car -1 -1 -10 596.82 175.42 662.98 239.66 -1000 -1000 -1000 -10 -1 -1 -1
193 11335 Car -1 -1 -10 596.24 175.95 663.36 239.69 -1000 -1000 -1000 -10 -1 -1 -1
194 11336 Car -1 -1 -10 596.60 176.65 663.98 239.98 -1000 -1000 -1000 -10 -1 -1 -1
195 11337 Car -1 -1 -10 596.67 175.95 663.83 240.04 -1000 -1000 -1000 -10 -1 -1 -1
196 11338 Car -1 -1 -10 596.66 176.16 663.85 240.61 -1000 -1000 -1000 -10 -1 -1 -1
197 11339 Car -1 -1 -10 597.04 176.66 664.32 239.89 -1000 -1000 -1000 -10 -1 -1 -1
198 11340 Car -1 -1 -10 597.03 175.46 663.87 239.36 -1000 -1000 -1000 -10 -1 -1 -1
199 11341 Car -1 -1 -10 597.12 175.30 663.99 238.42 -1000 -1000 -1000 -10 -1 -1 -1
200 11342 Car -1 -1 -10 596.50 173.81 663.93 238.67 -1000 -1000 -1000 -10 -1 -1 -1
201 11343 Car -1 -1 -10 597.69 174.88 664.43 238.99 -1000 -1000 -1000 -10 -1 -1 -1
202 11344 Car -1 -1 -10 597.06 174.98 664.57 238.26 -1000 -1000 -1000 -10 -1 -1 -1
203 11345 Car -1 -1 -10 597.05 175.69 664.86 239.61 -1000 -1000 -1000 -10 -1 -1 -1
204 11346 Car -1 -1 -10 596.72 175.59 664.13 240.23 -1000 -1000 -1000 -10 -1 -1 -1
205 11347 Car -1 -1 -10 597.03 176.32 663.56 240.43 -1000 -1000 -1000 -10 -1 -1 -1
206 11348 Car -1 -1 -10 597.24 176.40 663.80 240.04 -1000 -1000 -1000 -10 -1 -1 -1
207 11349 Car -1 -1 -10 596.83 175.72 662.72 239.09 -1000 -1000 -1000 -10 -1 -1 -1
208 11351 Car -1 -1 -10 595.84 175.33 662.56 238.51 -1000 -1000 -1000 -10 -1 -1 -1
209 11352 Car -1 -1 -10 595.22 175.38 661.76 239.54 -1000 -1000 -1000 -10 -1 -1 -1
210 11355 Car -1 -1 -10 594.72 176.56 660.90 239.65 -1000 -1000 -1000 -10 -1 -1 -1
211 11357 Car -1 -1 -10 592.78 176.35 658.26 237.55 -1000 -1000 -1000 -10 -1 -1 -1
212 11359 Car -1 -1 -10 591.20 175.64 656.54 236.51 -1000 -1000 -1000 -10 -1 -1 -1
213 11361 Car -1 -1 -10 590.44 175.44 655.43 236.57 -1000 -1000 -1000 -10 -1 -1 -1
213 11362 Pedestrian -1 -1 -10 244.94 183.47 261.76 231.75 -1000 -1000 -1000 -10 -1 -1 -1
214 11364 Car -1 -1 -10 588.40 176.66 653.92 238.41 -1000 -1000 -1000 -10 -1 -1 -1
214 11365 Pedestrian -1 -1 -10 212.14 187.13 233.30 236.96 -1000 -1000 -1000 -10 -1 -1 -1
215 11367 Car -1 -1 -10 586.98 177.10 652.17 238.43 -1000 -1000 -1000 -10 -1 -1 -1
215 11368 Pedestrian -1 -1 -10 176.48 188.74 200.98 241.84 -1000 -1000 -1000 -10 -1 -1 -1
216 11370 Car -1 -1 -10 586.01 176.09 650.31 236.47 -1000 -1000 -1000 -10 -1 -1 -1
216 11371 Pedestrian -1 -1 -10 129.48 186.58 162.60 246.62 -1000 -1000 -1000 -10 -1 -1 -1
217 11373 Pedestrian -1 -1 -10 82.02 187.86 118.33 257.37 -1000 -1000 -1000 -10 -1 -1 -1
217 11374 Car -1 -1 -10 584.35 175.25 648.66 235.42 -1000 -1000 -1000 -10 -1 -1 -1
218 11376 Pedestrian -1 -1 -10 24.62 186.72 61.24 265.70 -1000 -1000 -1000 -10 -1 -1 -1
218 11377 Car -1 -1 -10 584.34 176.13 647.10 237.11 -1000 -1000 -1000 -10 -1 -1 -1
219 11379 Car -1 -1 -10 582.88 175.85 645.73 236.60 -1000 -1000 -1000 -10 -1 -1 -1
220 11381 Car -1 -1 -10 582.50 176.76 645.05 236.54 -1000 -1000 -1000 -10 -1 -1 -1
221 11383 Car -1 -1 -10 581.79 176.65 643.64 235.47 -1000 -1000 -1000 -10 -1 -1 -1
222 11385 Car -1 -1 -10 581.43 176.69 642.24 235.77 -1000 -1000 -1000 -10 -1 -1 -1
223 11387 Car -1 -1 -10 580.89 177.80 643.22 235.40 -1000 -1000 -1000 -10 -1 -1 -1
224 11389 Car -1 -1 -10 581.85 178.38 642.91 235.13 -1000 -1000 -1000 -10 -1 -1 -1
225 11391 Car -1 -1 -10 580.74 178.86 641.57 235.73 -1000 -1000 -1000 -10 -1 -1 -1
226 11393 Car -1 -1 -10 579.21 178.62 640.54 235.63 -1000 -1000 -1000 -10 -1 -1 -1
227 11395 Car -1 -1 -10 578.88 179.48 639.74 235.78 -1000 -1000 -1000 -10 -1 -1 -1
228 11397 Car -1 -1 -10 577.37 180.54 638.53 236.80 -1000 -1000 -1000 -10 -1 -1 -1
229 11398 Car -1 -1 -10 577.92 181.31 636.85 236.24 -1000 -1000 -1000 -10 -1 -1 -1
230 11401 Car -1 -1 -10 576.63 180.69 636.59 235.40 -1000 -1000 -1000 -10 -1 -1 -1
231 11403 Car -1 -1 -10 576.32 180.99 634.83 234.94 -1000 -1000 -1000 -10 -1 -1 -1
232 11405 Car -1 -1 -10 576.24 180.45 635.76 234.89 -1000 -1000 -1000 -10 -1 -1 -1
233 11407 Car -1 -1 -10 577.06 180.05 634.59 233.62 -1000 -1000 -1000 -10 -1 -1 -1
234 11409 Car -1 -1 -10 575.91 179.64 633.90 233.40 -1000 -1000 -1000 -10 -1 -1 -1
235 11411 Car -1 -1 -10 576.09 180.25 634.14 232.80 -1000 -1000 -1000 -10 -1 -1 -1
236 11413 Car -1 -1 -10 576.62 179.94 633.41 232.56 -1000 -1000 -1000 -10 -1 -1 -1
237 11415 Car -1 -1 -10 577.00 179.52 632.73 233.15 -1000 -1000 -1000 -10 -1 -1 -1
238 11416 Car -1 -1 -10 799.33 0.00 1241.15 301.87 -1000 -1000 -1000 -10 -1 -1 -1
238 11417 Car -1 -1 -10 577.05 179.56 633.27 232.68 -1000 -1000 -1000 -10 -1 -1 -1
239 11418 Car -1 -1 -10 576.60 178.16 634.74 230.60 -1000 -1000 -1000 -10 -1 -1 -1
240 11420 Car -1 -1 -10 577.09 179.09 634.81 229.54 -1000 -1000 -1000 -10 -1 -1 -1
240 11421 Car -1 -1 -10 895.48 1.14 1241.12 303.43 -1000 -1000 -1000 -10 -1 -1 -1
241 11423 Car -1 -1 -10 577.27 179.67 634.01 230.31 -1000 -1000 -1000 -10 -1 -1 -1
242 11424 Car -1 -1 -10 577.67 179.33 635.09 231.36 -1000 -1000 -1000 -10 -1 -1 -1
243 11426 Car -1 -1 -10 577.77 179.43 635.79 230.46 -1000 -1000 -1000 -10 -1 -1 -1
244 11427 Car -1 -1 -10 577.46 176.87 636.87 229.39 -1000 -1000 -1000 -10 -1 -1 -1
245 11428 Car -1 -1 -10 577.95 176.27 636.01 228.62 -1000 -1000 -1000 -10 -1 -1 -1
246 11429 Car -1 -1 -10 578.82 176.28 637.57 229.05 -1000 -1000 -1000 -10 -1 -1 -1
247 11430 Car -1 -1 -10 579.29 176.76 638.00 228.84 -1000 -1000 -1000 -10 -1 -1 -1
248 11431 Car -1 -1 -10 580.96 176.77 637.36 229.18 -1000 -1000 -1000 -10 -1 -1 -1
249 11432 Car -1 -1 -10 582.14 176.55 638.46 228.76 -1000 -1000 -1000 -10 -1 -1 -1
250 11433 Car -1 -1 -10 582.80 175.79 640.32 229.11 -1000 -1000 -1000 -10 -1 -1 -1
251 11434 Car -1 -1 -10 583.99 175.97 640.61 229.05 -1000 -1000 -1000 -10 -1 -1 -1
252 11435 Car -1 -1 -10 584.72 175.59 641.36 229.20 -1000 -1000 -1000 -10 -1 -1 -1
253 11436 Car -1 -1 -10 586.19 176.33 642.56 228.42 -1000 -1000 -1000 -10 -1 -1 -1
254 11437 Car -1 -1 -10 587.16 178.21 643.69 229.20 -1000 -1000 -1000 -10 -1 -1 -1
255 11438 Car -1 -1 -10 589.42 178.88 644.85 229.41 -1000 -1000 -1000 -10 -1 -1 -1
256 11439 Car -1 -1 -10 590.97 178.77 645.63 229.45 -1000 -1000 -1000 -10 -1 -1 -1
257 11440 Car -1 -1 -10 592.30 177.78 647.81 228.99 -1000 -1000 -1000 -10 -1 -1 -1
258 11441 Car -1 -1 -10 593.27 177.71 650.53 229.04 -1000 -1000 -1000 -10 -1 -1 -1
259 11442 Car -1 -1 -10 593.99 177.86 650.56 229.22 -1000 -1000 -1000 -10 -1 -1 -1
260 11443 Car -1 -1 -10 594.36 178.43 651.50 229.45 -1000 -1000 -1000 -10 -1 -1 -1
261 11444 Car -1 -1 -10 595.98 178.21 652.22 229.27 -1000 -1000 -1000 -10 -1 -1 -1
262 11445 Car -1 -1 -10 596.14 175.16 654.08 229.73 -1000 -1000 -1000 -10 -1 -1 -1
263 11446 Car -1 -1 -10 597.39 176.25 654.61 229.21 -1000 -1000 -1000 -10 -1 -1 -1
264 11447 Car -1 -1 -10 598.65 176.56 655.20 229.12 -1000 -1000 -1000 -10 -1 -1 -1
265 11448 Car -1 -1 -10 600.15 176.48 656.37 229.31 -1000 -1000 -1000 -10 -1 -1 -1
266 11449 Car -1 -1 -10 600.52 176.71 658.79 228.88 -1000 -1000 -1000 -10 -1 -1 -1
266 11450 Car -1 -1 -10 579.08 175.28 606.78 193.52 -1000 -1000 -1000 -10 -1 -1 -1
267 11451 Car -1 -1 -10 598.87 176.78 659.36 228.38 -1000 -1000 -1000 -10 -1 -1 -1
268 11452 Car -1 -1 -10 602.73 178.29 660.09 228.60 -1000 -1000 -1000 -10 -1 -1 -1
269 11453 Car -1 -1 -10 604.20 178.81 660.80 228.31 -1000 -1000 -1000 -10 -1 -1 -1
270 11454 Car -1 -1 -10 604.87 177.23 662.00 228.13 -1000 -1000 -1000 -10 -1 -1 -1
270 11455 Car -1 -1 -10 580.13 176.65 611.58 199.26 -1000 -1000 -1000 -10 -1 -1 -1
271 11456 Car -1 -1 -10 606.53 177.58 662.56 228.72 -1000 -1000 -1000 -10 -1 -1 -1
271 11457 Car -1 -1 -10 574.97 177.52 609.92 199.06 -1000 -1000 -1000 -10 -1 -1 -1
271 11458 Car -1 -1 -10 544.88 178.61 575.78 197.61 -1000 -1000 -1000 -10 -1 -1 -1
272 11459 Car -1 -1 -10 606.71 177.00 663.20 228.83 -1000 -1000 -1000 -10 -1 -1 -1
272 11460 Car -1 -1 -10 566.65 178.52 604.99 199.65 -1000 -1000 -1000 -10 -1 -1 -1
273 11461 Car -1 -1 -10 561.09 178.74 595.79 201.63 -1000 -1000 -1000 -10 -1 -1 -1
273 11462 Car -1 -1 -10 607.46 177.36 663.73 229.09 -1000 -1000 -1000 -10 -1 -1 -1
273 11463 Car -1 -1 -10 529.15 179.72 560.73 199.96 -1000 -1000 -1000 -10 -1 -1 -1
274 11464 Car -1 -1 -10 520.82 181.31 551.52 202.43 -1000 -1000 -1000 -10 -1 -1 -1
274 11465 Car -1 -1 -10 554.13 178.79 590.62 202.95 -1000 -1000 -1000 -10 -1 -1 -1
274 11466 Car -1 -1 -10 608.08 177.73 664.00 228.74 -1000 -1000 -1000 -10 -1 -1 -1
274 11467 Car -1 -1 -10 553.98 179.40 590.02 202.64 -1000 -1000 -1000 -10 -1 -1 -1
274 11468 Car -1 -1 -10 608.47 177.14 662.93 228.93 -1000 -1000 -1000 -10 -1 -1 -1
274 11469 Car -1 -1 -10 555.37 177.48 590.82 202.33 -1000 -1000 -1000 -10 -1 -1 -1
274 11470 Car -1 -1 -10 608.58 177.08 663.10 229.36 -1000 -1000 -1000 -10 -1 -1 -1
275 11471 Car -1 -1 -10 508.91 180.71 546.41 203.71 -1000 -1000 -1000 -10 -1 -1 -1
275 11472 Car -1 -1 -10 607.86 177.54 664.13 228.65 -1000 -1000 -1000 -10 -1 -1 -1
275 11473 Car -1 -1 -10 546.00 178.45 585.80 204.92 -1000 -1000 -1000 -10 -1 -1 -1
276 11474 Car -1 -1 -10 535.67 178.50 578.98 206.31 -1000 -1000 -1000 -10 -1 -1 -1
276 11475 Car -1 -1 -10 607.88 176.96 664.01 227.51 -1000 -1000 -1000 -10 -1 -1 -1
276 11476 Car -1 -1 -10 498.21 180.65 536.44 206.68 -1000 -1000 -1000 -10 -1 -1 -1
277 11477 Car -1 -1 -10 483.90 181.41 526.91 208.40 -1000 -1000 -1000 -10 -1 -1 -1
277 11478 Car -1 -1 -10 608.84 174.69 664.64 227.11 -1000 -1000 -1000 -10 -1 -1 -1
277 11479 Car -1 -1 -10 523.68 178.82 571.33 210.47 -1000 -1000 -1000 -10 -1 -1 -1
278 11480 Car -1 -1 -10 609.61 175.44 665.25 227.05 -1000 -1000 -1000 -10 -1 -1 -1
278 11481 Car -1 -1 -10 507.55 178.92 563.24 214.24 -1000 -1000 -1000 -10 -1 -1 -1
278 11482 Car -1 -1 -10 468.69 182.38 515.31 211.86 -1000 -1000 -1000 -10 -1 -1 -1
279 11483 Car -1 -1 -10 611.12 175.44 665.47 227.55 -1000 -1000 -1000 -10 -1 -1 -1
279 11484 Car -1 -1 -10 449.27 181.31 503.61 217.48 -1000 -1000 -1000 -10 -1 -1 -1
279 11485 Car -1 -1 -10 489.91 181.28 552.50 218.93 -1000 -1000 -1000 -10 -1 -1 -1
280 11486 Car -1 -1 -10 473.11 180.48 541.96 227.27 -1000 -1000 -1000 -10 -1 -1 -1
280 11487 Car -1 -1 -10 612.70 176.05 666.36 227.44 -1000 -1000 -1000 -10 -1 -1 -1
280 11488 Car -1 -1 -10 427.27 181.07 484.20 220.55 -1000 -1000 -1000 -10 -1 -1 -1
281 11489 Car -1 -1 -10 613.88 175.64 666.84 227.74 -1000 -1000 -1000 -10 -1 -1 -1
281 11490 Car -1 -1 -10 449.21 182.55 527.50 232.91 -1000 -1000 -1000 -10 -1 -1 -1
281 11491 Car -1 -1 -10 398.14 183.71 462.95 226.24 -1000 -1000 -1000 -10 -1 -1 -1
282 11492 Car -1 -1 -10 615.30 175.93 667.84 227.87 -1000 -1000 -1000 -10 -1 -1 -1
282 11493 Car -1 -1 -10 362.52 185.00 434.39 234.04 -1000 -1000 -1000 -10 -1 -1 -1
282 11494 Car -1 -1 -10 414.42 185.28 512.05 244.60 -1000 -1000 -1000 -10 -1 -1 -1
283 11495 Car -1 -1 -10 365.46 184.89 486.69 260.13 -1000 -1000 -1000 -10 -1 -1 -1
283 11496 Car -1 -1 -10 616.53 176.07 668.14 227.53 -1000 -1000 -1000 -10 -1 -1 -1
283 11497 Car -1 -1 -10 314.97 185.13 396.31 244.21 -1000 -1000 -1000 -10 -1 -1 -1
284 11498 Car -1 -1 -10 616.00 175.68 669.15 227.82 -1000 -1000 -1000 -10 -1 -1 -1
284 11499 Car -1 -1 -10 288.71 187.54 454.36 284.23 -1000 -1000 -1000 -10 -1 -1 -1
285 11500 Car -1 -1 -10 144.11 191.93 404.30 324.88 -1000 -1000 -1000 -10 -1 -1 -1
285 11501 Car -1 -1 -10 617.54 175.91 669.71 227.24 -1000 -1000 -1000 -10 -1 -1 -1
286 11502 Car -1 -1 -10 0.05 201.13 316.64 375.00 -1000 -1000 -1000 -10 -1 -1 -1
286 11503 Car -1 -1 -10 617.92 175.76 671.18 226.21 -1000 -1000 -1000 -10 -1 -1 -1
287 11504 Car -1 -1 -10 0.08 231.34 127.38 374.89 -1000 -1000 -1000 -10 -1 -1 -1
287 11505 Car -1 -1 -10 0.00 210.81 154.53 311.10 -1000 -1000 -1000 -10 -1 -1 -1
287 11506 Car -1 -1 -10 618.96 175.66 671.39 225.97 -1000 -1000 -1000 -10 -1 -1 -1
288 11507 Car -1 -1 -10 619.38 175.59 672.71 225.51 -1000 -1000 -1000 -10 -1 -1 -1
289 11508 Car -1 -1 -10 619.62 175.72 673.30 225.80 -1000 -1000 -1000 -10 -1 -1 -1
290 11509 Car -1 -1 -10 620.13 175.48 673.36 225.71 -1000 -1000 -1000 -10 -1 -1 -1
291 11510 Car -1 -1 -10 620.26 175.93 672.60 226.06 -1000 -1000 -1000 -10 -1 -1 -1
292 11511 Car -1 -1 -10 619.37 175.83 672.04 226.52 -1000 -1000 -1000 -10 -1 -1 -1
293 11512 Car -1 -1 -10 618.38 175.71 671.71 226.63 -1000 -1000 -1000 -10 -1 -1 -1
