0 13196 Car -1 -1 -10 462.46 181.97 567.36 216.87 -1000 -1000 -1000 -10 -1 -1 -1
1 13198 Car -1 -1 -10 474.64 180.09 576.97 216.10 -1000 -1000 -1000 -10 -1 -1 -1
2 13201 Car -1 -1 -10 487.86 179.38 589.83 216.69 -1000 -1000 -1000 -10 -1 -1 -1
2 13202 Pedestrian -1 -1 -10 615.38 169.39 659.51 255.41 -1000 -1000 -1000 -10 -1 -1 -1
3 13204 Car -1 -1 -10 500.16 179.16 603.04 215.66 -1000 -1000 -1000 -10 -1 -1 -1
3 13205 Pedestrian -1 -1 -10 643.14 175.34 686.76 254.24 -1000 -1000 -1000 -10 -1 -1 -1
4 13207 Car -1 -1 -10 514.04 179.57 613.26 217.10 -1000 -1000 -1000 -10 -1 -1 -1
4 13208 Pedestrian -1 -1 -10 644.82 160.09 705.63 259.46 -1000 -1000 -1000 -10 -1 -1 -1
5 13209 Car -1 -1 -10 524.27 180.94 628.71 216.74 -1000 -1000 -1000 -10 -1 -1 -1
5 13211 Pedestrian -1 -1 -10 672.80 165.47 716.04 254.84 -1000 -1000 -1000 -10 -1 -1 -1
6 13213 Car -1 -1 -10 536.42 183.68 638.37 217.94 -1000 -1000 -1000 -10 -1 -1 -1
7 13215 Car -1 -1 -10 548.84 180.65 648.99 215.61 -1000 -1000 -1000 -10 -1 -1 -1
7 13216 Pedestrian -1 -1 -10 703.27 162.64 748.06 252.45 -1000 -1000 -1000 -10 -1 -1 -1
8 13218 Car -1 -1 -10 564.97 181.16 657.78 214.51 -1000 -1000 -1000 -10 -1 -1 -1
8 13219 Pedestrian -1 -1 -10 721.70 172.88 782.97 253.80 -1000 -1000 -1000 -10 -1 -1 -1
9 13220 Pedestrian -1 -1 -10 734.90 168.66 792.21 253.83 -1000 -1000 -1000 -10 -1 -1 -1
9 13221 Car -1 -1 -10 576.25 180.94 676.17 214.91 -1000 -1000 -1000 -10 -1 -1 -1
10 13224 Pedestrian -1 -1 -10 762.60 168.34 813.13 251.97 -1000 -1000 -1000 -10 -1 -1 -1
10 13225 Car -1 -1 -10 586.33 181.18 680.61 214.07 -1000 -1000 -1000 -10 -1 -1 -1
11 13227 Car -1 -1 -10 593.56 180.19 693.13 214.59 -1000 -1000 -1000 -10 -1 -1 -1
11 13228 Pedestrian -1 -1 -10 773.17 166.88 830.08 253.17 -1000 -1000 -1000 -10 -1 -1 -1
12 13230 Pedestrian -1 -1 -10 796.80 167.89 841.98 252.66 -1000 -1000 -1000 -10 -1 -1 -1
12 13231 Car -1 -1 -10 607.63 180.42 703.09 213.47 -1000 -1000 -1000 -10 -1 -1 -1
15 13235 Pedestrian -1 -1 -10 849.14 170.25 901.46 250.08 -1000 -1000 -1000 -10 -1 -1 -1
16 13237 Pedestrian -1 -1 -10 861.02 170.29 903.51 248.82 -1000 -1000 -1000 -10 -1 -1 -1
18 13240 Car -1 -1 -10 659.24 178.16 745.92 209.82 -1000 -1000 -1000 -10 -1 -1 -1
23 13246 Car -1 -1 -10 708.32 182.03 742.34 206.15 -1000 -1000 -1000 -10 -1 -1 -1
24 13248 Car -1 -1 -10 711.56 181.16 748.77 205.91 -1000 -1000 -1000 -10 -1 -1 -1
25 13250 Car -1 -1 -10 721.28 181.93 753.24 205.77 -1000 -1000 -1000 -10 -1 -1 -1
26 13252 Car -1 -1 -10 723.82 181.34 756.43 206.04 -1000 -1000 -1000 -10 -1 -1 -1
27 13254 Car -1 -1 -10 728.41 180.88 760.27 207.08 -1000 -1000 -1000 -10 -1 -1 -1
28 13256 Car -1 -1 -10 730.44 181.10 764.73 206.14 -1000 -1000 -1000 -10 -1 -1 -1
29 13258 Car -1 -1 -10 734.43 181.33 766.44 206.52 -1000 -1000 -1000 -10 -1 -1 -1
30 13260 Car -1 -1 -10 737.34 181.22 768.03 205.33 -1000 -1000 -1000 -10 -1 -1 -1
36 13261 Car -1 -1 -10 747.19 182.98 779.88 201.99 -1000 -1000 -1000 -10 -1 -1 -1
37 13262 Car -1 -1 -10 747.94 182.98 777.30 201.66 -1000 -1000 -1000 -10 -1 -1 -1
38 13263 Car -1 -1 -10 748.09 183.27 778.35 201.78 -1000 -1000 -1000 -10 -1 -1 -1
39 13264 Car -1 -1 -10 748.26 183.55 778.64 201.96 -1000 -1000 -1000 -10 -1 -1 -1
40 13265 Car -1 -1 -10 749.46 184.19 776.25 201.14 -1000 -1000 -1000 -10 -1 -1 -1
