0 13266 Car -1 -1 -10 875.72 213.37 1241.46 373.52 -1000 -1000 -1000 -10 -1 -1 -1
1 13267 Car -1 -1 -10 901.57 218.55 1241.88 371.81 -1000 -1000 -1000 -10 -1 -1 -1
2 13268 Car -1 -1 -10 936.40 223.17 1241.07 371.21 -1000 -1000 -1000 -10 -1 -1 -1
3 13269 Car -1 -1 -10 980.61 247.19 1241.38 372.57 -1000 -1000 -1000 -10 -1 -1 -1
6 13270 Pedestrian -1 -1 -10 754.10 164.09 772.08 216.61 -1000 -1000 -1000 -10 -1 -1 -1
7 13271 Pedestrian -1 -1 -10 757.32 163.07 774.59 216.30 -1000 -1000 -1000 -10 -1 -1 -1
8 13272 Pedestrian -1 -1 -10 759.48 170.16 776.68 216.16 -1000 -1000 -1000 -10 -1 -1 -1
9 13273 Pedestrian -1 -1 -10 786.45 168.54 806.02 217.47 -1000 -1000 -1000 -10 -1 -1 -1
9 13274 Pedestrian -1 -1 -10 763.26 169.51 781.07 215.80 -1000 -1000 -1000 -10 -1 -1 -1
10 13275 Pedestrian -1 -1 -10 765.18 162.21 785.52 217.68 -1000 -1000 -1000 -10 -1 -1 -1
11 13276 Pedestrian -1 -1 -10 773.11 157.35 797.00 219.47 -1000 -1000 -1000 -10 -1 -1 -1
13 13277 Pedestrian -1 -1 -10 788.40 161.80 809.70 224.33 -1000 -1000 -1000 -10 -1 -1 -1
13 13278 Pedestrian -1 -1 -10 180.60 165.38 207.60 223.13 -1000 -1000 -1000 -10 -1 -1 -1
13 13279 Pedestrian -1 -1 -10 813.28 166.08 836.17 224.72 -1000 -1000 -1000 -10 -1 -1 -1
14 13280 Pedestrian -1 -1 -10 167.66 164.95 195.52 225.93 -1000 -1000 -1000 -10 -1 -1 -1
14 13281 Pedestrian -1 -1 -10 822.91 170.44 847.71 228.58 -1000 -1000 -1000 -10 -1 -1 -1
15 13282 Pedestrian -1 -1 -10 806.82 170.55 829.37 233.40 -1000 -1000 -1000 -10 -1 -1 -1
15 13283 Pedestrian -1 -1 -10 156.07 174.93 182.67 230.88 -1000 -1000 -1000 -10 -1 -1 -1
15 13284 Pedestrian -1 -1 -10 834.31 169.65 859.34 232.89 -1000 -1000 -1000 -10 -1 -1 -1
16 13285 Pedestrian -1 -1 -10 814.63 171.34 841.45 237.39 -1000 -1000 -1000 -10 -1 -1 -1
16 13286 Pedestrian -1 -1 -10 844.09 168.84 872.26 241.08 -1000 -1000 -1000 -10 -1 -1 -1
16 13287 Pedestrian -1 -1 -10 137.93 163.99 169.00 233.00 -1000 -1000 -1000 -10 -1 -1 -1
17 13288 Pedestrian -1 -1 -10 823.42 168.76 853.59 242.75 -1000 -1000 -1000 -10 -1 -1 -1
17 13289 Pedestrian -1 -1 -10 858.38 171.25 885.59 244.18 -1000 -1000 -1000 -10 -1 -1 -1
17 13290 Pedestrian -1 -1 -10 124.02 157.77 151.96 232.17 -1000 -1000 -1000 -10 -1 -1 -1
18 13291 Pedestrian -1 -1 -10 874.86 168.16 902.77 245.89 -1000 -1000 -1000 -10 -1 -1 -1
18 13292 Pedestrian -1 -1 -10 837.91 167.15 867.68 244.22 -1000 -1000 -1000 -10 -1 -1 -1
18 13293 Pedestrian -1 -1 -10 105.90 166.37 130.84 231.95 -1000 -1000 -1000 -10 -1 -1 -1
19 13294 Pedestrian -1 -1 -10 890.18 164.55 918.94 246.11 -1000 -1000 -1000 -10 -1 -1 -1
19 13295 Pedestrian -1 -1 -10 850.86 169.97 880.85 244.57 -1000 -1000 -1000 -10 -1 -1 -1
19 13296 Pedestrian -1 -1 -10 86.88 163.87 111.75 232.12 -1000 -1000 -1000 -10 -1 -1 -1
20 13297 Pedestrian -1 -1 -10 866.42 159.94 897.74 247.12 -1000 -1000 -1000 -10 -1 -1 -1
20 13298 Pedestrian -1 -1 -10 907.99 162.33 936.93 247.46 -1000 -1000 -1000 -10 -1 -1 -1
21 13299 Pedestrian -1 -1 -10 925.51 158.93 959.19 249.00 -1000 -1000 -1000 -10 -1 -1 -1
21 13300 Pedestrian -1 -1 -10 882.56 156.08 917.68 248.00 -1000 -1000 -1000 -10 -1 -1 -1
22 13301 Pedestrian -1 -1 -10 948.96 161.85 982.90 254.98 -1000 -1000 -1000 -10 -1 -1 -1
22 13302 Pedestrian -1 -1 -10 902.70 154.43 941.47 255.17 -1000 -1000 -1000 -10 -1 -1 -1
22 13303 Pedestrian -1 -1 -10 8.22 156.83 42.09 240.28 -1000 -1000 -1000 -10 -1 -1 -1
23 13304 Pedestrian -1 -1 -10 920.23 155.17 964.69 266.11 -1000 -1000 -1000 -10 -1 -1 -1
23 13305 Pedestrian -1 -1 -10 971.04 164.88 1010.03 266.05 -1000 -1000 -1000 -10 -1 -1 -1
24 13306 Pedestrian -1 -1 -10 941.48 160.47 991.06 278.31 -1000 -1000 -1000 -10 -1 -1 -1
24 13307 Pedestrian -1 -1 -10 1002.12 165.80 1044.34 279.41 -1000 -1000 -1000 -10 -1 -1 -1
25 13308 Pedestrian -1 -1 -10 969.80 161.57 1022.52 286.42 -1000 -1000 -1000 -10 -1 -1 -1
25 13309 Pedestrian -1 -1 -10 1037.74 163.67 1080.43 288.00 -1000 -1000 -1000 -10 -1 -1 -1
26 13310 Pedestrian -1 -1 -10 995.31 160.85 1058.58 294.44 -1000 -1000 -1000 -10 -1 -1 -1
26 13311 Pedestrian -1 -1 -10 1075.10 161.99 1124.56 293.94 -1000 -1000 -1000 -10 -1 -1 -1
27 13312 Pedestrian -1 -1 -10 1124.99 158.02 1199.93 304.00 -1000 -1000 -1000 -10 -1 -1 -1
27 13313 Pedestrian -1 -1 -10 1043.92 149.55 1102.86 300.55 -1000 -1000 -1000 -10 -1 -1 -1
27 13314 Pedestrian -1 -1 -10 429.66 174.36 445.95 218.16 -1000 -1000 -1000 -10 -1 -1 -1
28 13315 Pedestrian -1 -1 -10 1093.51 146.27 1162.71 310.60 -1000 -1000 -1000 -10 -1 -1 -1
28 13316 Pedestrian -1 -1 -10 1176.55 152.41 1241.37 313.73 -1000 -1000 -1000 -10 -1 -1 -1
29 13317 Pedestrian -1 -1 -10 1159.12 148.70 1240.14 331.52 -1000 -1000 -1000 -10 -1 -1 -1
29 13318 Pedestrian -1 -1 -10 421.75 174.96 437.22 222.83 -1000 -1000 -1000 -10 -1 -1 -1
34 13319 Pedestrian -1 -1 -10 385.95 173.78 406.36 225.05 -1000 -1000 -1000 -10 -1 -1 -1
35 13320 Pedestrian -1 -1 -10 378.90 172.20 399.72 227.33 -1000 -1000 -1000 -10 -1 -1 -1
36 13321 Pedestrian -1 -1 -10 372.44 172.92 391.51 228.76 -1000 -1000 -1000 -10 -1 -1 -1
38 13322 Pedestrian -1 -1 -10 265.61 171.14 286.65 224.23 -1000 -1000 -1000 -10 -1 -1 -1
38 13323 Pedestrian -1 -1 -10 349.17 175.90 377.06 239.77 -1000 -1000 -1000 -10 -1 -1 -1
39 13324 Pedestrian -1 -1 -10 339.38 172.60 364.76 239.79 -1000 -1000 -1000 -10 -1 -1 -1
41 13325 Pedestrian -1 -1 -10 313.67 175.05 341.76 245.09 -1000 -1000 -1000 -10 -1 -1 -1
41 13326 Pedestrian -1 -1 -10 217.69 169.99 242.23 227.61 -1000 -1000 -1000 -10 -1 -1 -1
42 13328 Pedestrian -1 -1 -10 199.02 165.38 223.20 231.87 -1000 -1000 -1000 -10 -1 -1 -1
42 13329 Pedestrian -1 -1 -10 298.33 174.16 327.37 248.94 -1000 -1000 -1000 -10 -1 -1 -1
43 13330 Pedestrian -1 -1 -10 178.40 167.83 202.79 234.74 -1000 -1000 -1000 -10 -1 -1 -1
43 13331 Pedestrian -1 -1 -10 279.57 177.85 311.27 256.43 -1000 -1000 -1000 -10 -1 -1 -1
43 13332 Car -1 -1 -10 1141.02 185.79 1241.31 273.74 -1000 -1000 -1000 -10 -1 -1 -1
44 13333 Pedestrian -1 -1 -10 261.85 178.80 295.07 261.69 -1000 -1000 -1000 -10 -1 -1 -1
44 13334 Pedestrian -1 -1 -10 156.28 164.18 185.11 238.26 -1000 -1000 -1000 -10 -1 -1 -1
45 13335 Pedestrian -1 -1 -10 240.87 180.15 273.65 267.30 -1000 -1000 -1000 -10 -1 -1 -1
45 13336 Pedestrian -1 -1 -10 127.69 166.05 166.11 243.41 -1000 -1000 -1000 -10 -1 -1 -1
46 13337 Pedestrian -1 -1 -10 216.97 179.90 255.73 272.11 -1000 -1000 -1000 -10 -1 -1 -1
46 13338 Pedestrian -1 -1 -10 101.67 167.11 143.53 246.50 -1000 -1000 -1000 -10 -1 -1 -1
47 13339 Pedestrian -1 -1 -10 190.53 180.79 231.57 279.50 -1000 -1000 -1000 -10 -1 -1 -1
47 13340 Pedestrian -1 -1 -10 75.64 170.08 114.00 249.45 -1000 -1000 -1000 -10 -1 -1 -1
48 13341 Pedestrian -1 -1 -10 161.44 178.17 203.81 285.21 -1000 -1000 -1000 -10 -1 -1 -1
48 13342 Pedestrian -1 -1 -10 44.44 167.30 81.32 250.84 -1000 -1000 -1000 -10 -1 -1 -1
48 13343 Car -1 -1 -10 1092.30 203.95 1241.51 360.75 -1000 -1000 -1000 -10 -1 -1 -1
49 13344 Pedestrian -1 -1 -10 128.17 181.23 174.70 291.38 -1000 -1000 -1000 -10 -1 -1 -1
49 13345 Pedestrian -1 -1 -10 8.67 167.29 44.53 258.17 -1000 -1000 -1000 -10 -1 -1 -1
50 13346 Pedestrian -1 -1 -10 89.02 180.38 140.97 302.79 -1000 -1000 -1000 -10 -1 -1 -1
51 13347 Pedestrian -1 -1 -10 42.82 178.69 99.73 315.24 -1000 -1000 -1000 -10 -1 -1 -1
52 13348 Pedestrian -1 -1 -10 0.00 184.97 52.89 324.60 -1000 -1000 -1000 -10 -1 -1 -1
59 13354 Pedestrian -1 -1 -10 267.55 163.35 302.86 264.96 -1000 -1000 -1000 -10 -1 -1 -1
61 13355 Pedestrian -1 -1 -10 216.51 165.58 258.55 273.64 -1000 -1000 -1000 -10 -1 -1 -1
62 13356 Pedestrian -1 -1 -10 369.85 168.94 391.82 228.97 -1000 -1000 -1000 -10 -1 -1 -1
62 13357 Pedestrian -1 -1 -10 190.45 164.43 233.24 281.49 -1000 -1000 -1000 -10 -1 -1 -1
62 13358 Pedestrian -1 -1 -10 789.68 171.43 816.87 244.58 -1000 -1000 -1000 -10 -1 -1 -1
63 13359 Pedestrian -1 -1 -10 155.82 159.27 209.41 289.79 -1000 -1000 -1000 -10 -1 -1 -1
63 13360 Pedestrian -1 -1 -10 363.32 166.85 384.86 230.24 -1000 -1000 -1000 -10 -1 -1 -1
63 13361 Pedestrian -1 -1 -10 797.16 167.29 826.68 248.42 -1000 -1000 -1000 -10 -1 -1 -1
64 13362 Pedestrian -1 -1 -10 353.66 167.46 376.41 229.97 -1000 -1000 -1000 -10 -1 -1 -1
64 13363 Pedestrian -1 -1 -10 800.16 164.51 836.80 252.19 -1000 -1000 -1000 -10 -1 -1 -1
64 13364 Pedestrian -1 -1 -10 119.99 158.86 174.80 295.20 -1000 -1000 -1000 -10 -1 -1 -1
65 13365 Pedestrian -1 -1 -10 79.20 156.20 137.78 306.37 -1000 -1000 -1000 -10 -1 -1 -1
65 13366 Pedestrian -1 -1 -10 804.45 167.01 846.19 254.31 -1000 -1000 -1000 -10 -1 -1 -1
65 13367 Pedestrian -1 -1 -10 343.52 167.15 368.55 228.81 -1000 -1000 -1000 -10 -1 -1 -1
66 13368 Pedestrian -1 -1 -10 333.54 165.80 357.66 230.18 -1000 -1000 -1000 -10 -1 -1 -1
66 13369 Pedestrian -1 -1 -10 812.96 163.91 858.32 257.81 -1000 -1000 -1000 -10 -1 -1 -1
66 13370 Pedestrian -1 -1 -10 742.20 160.63 761.81 229.12 -1000 -1000 -1000 -10 -1 -1 -1
66 13371 Pedestrian -1 -1 -10 32.61 152.90 96.72 312.20 -1000 -1000 -1000 -10 -1 -1 -1
67 13374 Pedestrian -1 -1 -10 324.73 170.37 346.53 229.93 -1000 -1000 -1000 -10 -1 -1 -1
67 13375 Pedestrian -1 -1 -10 895.39 164.17 921.14 239.22 -1000 -1000 -1000 -10 -1 -1 -1
67 13376 Pedestrian -1 -1 -10 0.03 156.79 50.04 325.73 -1000 -1000 -1000 -10 -1 -1 -1
67 13377 Pedestrian -1 -1 -10 915.74 167.07 945.79 243.21 -1000 -1000 -1000 -10 -1 -1 -1
68 13378 Pedestrian -1 -1 -10 311.42 164.56 337.58 234.27 -1000 -1000 -1000 -10 -1 -1 -1
68 13379 Pedestrian -1 -1 -10 928.86 159.28 959.01 251.80 -1000 -1000 -1000 -10 -1 -1 -1
68 13380 Pedestrian -1 -1 -10 903.97 170.82 932.78 242.11 -1000 -1000 -1000 -10 -1 -1 -1
68 13381 Pedestrian -1 -1 -10 1105.84 154.72 1155.29 234.54 -1000 -1000 -1000 -10 -1 -1 -1
68 13382 Pedestrian -1 -1 -10 834.77 161.42 872.78 266.44 -1000 -1000 -1000 -10 -1 -1 -1
69 13383 Pedestrian -1 -1 -10 299.63 163.75 324.83 241.29 -1000 -1000 -1000 -10 -1 -1 -1
69 13384 Pedestrian -1 -1 -10 941.52 164.74 974.74 256.32 -1000 -1000 -1000 -10 -1 -1 -1
69 13385 Pedestrian -1 -1 -10 848.50 162.65 893.09 272.23 -1000 -1000 -1000 -10 -1 -1 -1
70 13386 Pedestrian -1 -1 -10 956.37 166.30 988.72 262.76 -1000 -1000 -1000 -10 -1 -1 -1
70 13387 Pedestrian -1 -1 -10 288.24 170.81 313.96 242.03 -1000 -1000 -1000 -10 -1 -1 -1
70 13388 Pedestrian -1 -1 -10 864.01 162.04 919.57 280.45 -1000 -1000 -1000 -10 -1 -1 -1
70 13389 Pedestrian -1 -1 -10 930.35 168.93 960.62 252.50 -1000 -1000 -1000 -10 -1 -1 -1
70 13390 Pedestrian -1 -1 -10 751.80 165.49 778.31 243.98 -1000 -1000 -1000 -10 -1 -1 -1
71 13391 Pedestrian -1 -1 -10 972.51 164.30 1005.11 268.15 -1000 -1000 -1000 -10 -1 -1 -1
71 13392 Pedestrian -1 -1 -10 272.05 170.19 300.61 250.09 -1000 -1000 -1000 -10 -1 -1 -1
71 13393 Pedestrian -1 -1 -10 941.59 162.96 976.07 258.94 -1000 -1000 -1000 -10 -1 -1 -1
71 13394 Pedestrian -1 -1 -10 1123.46 215.38 1241.31 337.54 -1000 -1000 -1000 -10 -1 -1 -1
71 13395 Pedestrian -1 -1 -10 880.46 165.74 941.41 288.48 -1000 -1000 -1000 -10 -1 -1 -1
71 13396 Pedestrian -1 -1 -10 760.67 172.77 784.19 247.17 -1000 -1000 -1000 -10 -1 -1 -1
72 13397 Pedestrian -1 -1 -10 958.26 164.55 994.40 259.03 -1000 -1000 -1000 -10 -1 -1 -1
72 13398 Pedestrian -1 -1 -10 258.46 174.35 287.74 249.40 -1000 -1000 -1000 -10 -1 -1 -1
72 13399 Pedestrian -1 -1 -10 990.98 162.54 1024.84 271.20 -1000 -1000 -1000 -10 -1 -1 -1
72 13400 Pedestrian -1 -1 -10 761.67 165.46 792.80 251.98 -1000 -1000 -1000 -10 -1 -1 -1
72 13401 Pedestrian -1 -1 -10 899.26 161.36 966.33 295.49 -1000 -1000 -1000 -10 -1 -1 -1
72 13402 Pedestrian -1 -1 -10 226.17 192.74 252.99 236.03 -1000 -1000 -1000 -10 -1 -1 -1
73 13403 Pedestrian -1 -1 -10 243.61 168.82 272.77 254.76 -1000 -1000 -1000 -10 -1 -1 -1
73 13404 Pedestrian -1 -1 -10 766.44 164.23 796.72 254.13 -1000 -1000 -1000 -10 -1 -1 -1
73 13405 Pedestrian -1 -1 -10 917.84 159.87 992.70 304.09 -1000 -1000 -1000 -10 -1 -1 -1
73 13406 Pedestrian -1 -1 -10 1010.67 161.45 1049.00 277.95 -1000 -1000 -1000 -10 -1 -1 -1
73 13407 Pedestrian -1 -1 -10 210.50 194.75 235.88 237.20 -1000 -1000 -1000 -10 -1 -1 -1
73 13408 Pedestrian -1 -1 -10 981.89 162.04 1014.24 266.21 -1000 -1000 -1000 -10 -1 -1 -1
74 13409 Pedestrian -1 -1 -10 227.56 167.88 257.89 254.94 -1000 -1000 -1000 -10 -1 -1 -1
74 13410 Pedestrian -1 -1 -10 953.55 155.21 1032.73 305.67 -1000 -1000 -1000 -10 -1 -1 -1
74 13411 Pedestrian -1 -1 -10 769.22 157.70 803.69 257.36 -1000 -1000 -1000 -10 -1 -1 -1
74 13412 Pedestrian -1 -1 -10 1026.94 159.74 1073.72 282.32 -1000 -1000 -1000 -10 -1 -1 -1
75 13413 Pedestrian -1 -1 -10 209.64 166.90 243.00 260.46 -1000 -1000 -1000 -10 -1 -1 -1
75 13414 Pedestrian -1 -1 -10 991.13 156.40 1069.41 322.19 -1000 -1000 -1000 -10 -1 -1 -1
75 13415 Pedestrian -1 -1 -10 773.65 160.72 813.21 261.01 -1000 -1000 -1000 -10 -1 -1 -1
75 13416 Pedestrian -1 -1 -10 1061.51 160.11 1103.40 286.83 -1000 -1000 -1000 -10 -1 -1 -1
76 13417 Pedestrian -1 -1 -10 191.99 166.46 224.46 261.48 -1000 -1000 -1000 -10 -1 -1 -1
76 13418 Pedestrian -1 -1 -10 1027.14 154.08 1131.17 336.56 -1000 -1000 -1000 -10 -1 -1 -1
76 13419 Pedestrian -1 -1 -10 789.62 166.20 822.55 271.54 -1000 -1000 -1000 -10 -1 -1 -1
76 13420 Pedestrian -1 -1 -10 153.62 195.60 184.50 239.39 -1000 -1000 -1000 -10 -1 -1 -1
76 13421 Pedestrian -1 -1 -10 0.42 190.40 39.35 261.27 -1000 -1000 -1000 -10 -1 -1 -1
77 13422 Pedestrian -1 -1 -10 174.97 169.70 205.15 266.37 -1000 -1000 -1000 -10 -1 -1 -1
77 13423 Pedestrian -1 -1 -10 800.11 159.42 838.22 277.69 -1000 -1000 -1000 -10 -1 -1 -1
77 13424 Pedestrian -1 -1 -10 1099.60 153.50 1181.90 349.94 -1000 -1000 -1000 -10 -1 -1 -1
77 13425 Pedestrian -1 -1 -10 132.99 197.32 165.76 244.38 -1000 -1000 -1000 -10 -1 -1 -1
78 13426 Pedestrian -1 -1 -10 1118.31 161.34 1168.35 302.17 -1000 -1000 -1000 -10 -1 -1 -1
78 13427 Pedestrian -1 -1 -10 154.17 170.77 186.11 272.06 -1000 -1000 -1000 -10 -1 -1 -1
78 13428 Pedestrian -1 -1 -10 809.15 155.43 849.71 287.13 -1000 -1000 -1000 -10 -1 -1 -1
78 13429 Pedestrian -1 -1 -10 1136.75 151.62 1241.41 373.18 -1000 -1000 -1000 -10 -1 -1 -1
78 13430 Pedestrian -1 -1 -10 786.83 182.47 813.31 257.49 -1000 -1000 -1000 -10 -1 -1 -1
78 13431 Pedestrian -1 -1 -10 111.45 200.71 142.69 250.73 -1000 -1000 -1000 -10 -1 -1 -1
79 13432 Pedestrian -1 -1 -10 1159.69 162.56 1222.44 314.68 -1000 -1000 -1000 -10 -1 -1 -1
79 13433 Pedestrian -1 -1 -10 819.79 159.89 866.72 296.64 -1000 -1000 -1000 -10 -1 -1 -1
79 13434 Pedestrian -1 -1 -10 128.14 172.13 169.19 279.70 -1000 -1000 -1000 -10 -1 -1 -1
79 13435 Pedestrian -1 -1 -10 790.86 194.37 821.51 262.36 -1000 -1000 -1000 -10 -1 -1 -1
79 13436 Pedestrian -1 -1 -10 82.51 203.30 120.65 257.66 -1000 -1000 -1000 -10 -1 -1 -1
80 13437 Pedestrian -1 -1 -10 1208.62 166.06 1241.67 330.02 -1000 -1000 -1000 -10 -1 -1 -1
80 13438 Pedestrian -1 -1 -10 836.64 157.95 888.63 307.22 -1000 -1000 -1000 -10 -1 -1 -1
80 13439 Pedestrian -1 -1 -10 100.35 169.54 157.23 283.62 -1000 -1000 -1000 -10 -1 -1 -1
80 13440 Pedestrian -1 -1 -10 175.82 188.15 217.65 286.81 -1000 -1000 -1000 -10 -1 -1 -1
80 13441 Pedestrian -1 -1 -10 56.52 201.89 95.00 258.33 -1000 -1000 -1000 -10 -1 -1 -1
81 13442 Pedestrian -1 -1 -10 66.99 172.38 125.11 290.19 -1000 -1000 -1000 -10 -1 -1 -1
81 13443 Pedestrian -1 -1 -10 854.96 154.55 901.69 319.28 -1000 -1000 -1000 -10 -1 -1 -1
81 13444 Pedestrian -1 -1 -10 29.01 202.28 66.89 260.68 -1000 -1000 -1000 -10 -1 -1 -1
81 13445 Pedestrian -1 -1 -10 145.85 181.96 187.98 293.46 -1000 -1000 -1000 -10 -1 -1 -1
82 13446 Pedestrian -1 -1 -10 40.38 166.43 96.14 290.95 -1000 -1000 -1000 -10 -1 -1 -1
82 13447 Pedestrian -1 -1 -10 876.24 151.44 934.07 329.90 -1000 -1000 -1000 -10 -1 -1 -1
82 13448 Pedestrian -1 -1 -10 0.08 200.76 37.70 265.61 -1000 -1000 -1000 -10 -1 -1 -1
83 13449 Pedestrian -1 -1 -10 17.35 170.21 68.46 299.05 -1000 -1000 -1000 -10 -1 -1 -1
83 13450 Pedestrian -1 -1 -10 900.21 146.94 962.28 345.41 -1000 -1000 -1000 -10 -1 -1 -1
83 13451 Pedestrian -1 -1 -10 67.33 177.28 124.01 312.40 -1000 -1000 -1000 -10 -1 -1 -1
83 13452 Pedestrian -1 -1 -10 839.50 207.09 872.54 288.37 -1000 -1000 -1000 -10 -1 -1 -1
84 13453 Pedestrian -1 -1 -10 927.63 140.45 1000.86 365.35 -1000 -1000 -1000 -10 -1 -1 -1
84 13454 Pedestrian -1 -1 -10 856.56 209.10 894.85 298.81 -1000 -1000 -1000 -10 -1 -1 -1
84 13455 Pedestrian -1 -1 -10 2.66 165.32 79.24 323.09 -1000 -1000 -1000 -10 -1 -1 -1
84 13456 Pedestrian -1 -1 -10 889.61 204.17 921.35 298.57 -1000 -1000 -1000 -10 -1 -1 -1
85 13457 Pedestrian -1 -1 -10 965.94 142.20 1048.42 374.10 -1000 -1000 -1000 -10 -1 -1 -1
85 13458 Pedestrian -1 -1 -10 879.00 216.64 921.70 311.37 -1000 -1000 -1000 -10 -1 -1 -1
85 13459 Car -1 -1 -10 429.33 176.62 483.83 203.28 -1000 -1000 -1000 -10 -1 -1 -1
86 13460 Pedestrian -1 -1 -10 1014.87 136.57 1104.30 374.14 -1000 -1000 -1000 -10 -1 -1 -1
86 13461 Pedestrian -1 -1 -10 905.56 217.09 951.74 325.39 -1000 -1000 -1000 -10 -1 -1 -1
87 13462 Pedestrian -1 -1 -10 1082.01 135.15 1213.64 372.68 -1000 -1000 -1000 -10 -1 -1 -1
87 13463 Car -1 -1 -10 483.94 150.93 568.73 217.82 -1000 -1000 -1000 -10 -1 -1 -1
87 13464 Pedestrian -1 -1 -10 935.92 222.58 993.86 342.34 -1000 -1000 -1000 -10 -1 -1 -1
87 13465 Pedestrian -1 -1 -10 980.10 216.54 1046.88 344.03 -1000 -1000 -1000 -10 -1 -1 -1
88 13466 Pedestrian -1 -1 -10 1146.18 113.76 1241.73 372.50 -1000 -1000 -1000 -10 -1 -1 -1
88 13467 Pedestrian -1 -1 -10 366.01 166.64 390.67 236.19 -1000 -1000 -1000 -10 -1 -1 -1
89 13468 Pedestrian -1 -1 -10 1093.50 227.61 1168.23 374.26 -1000 -1000 -1000 -10 -1 -1 -1
89 13469 Pedestrian -1 -1 -10 316.22 165.41 346.96 253.34 -1000 -1000 -1000 -10 -1 -1 -1
89 13470 Pedestrian -1 -1 -10 622.18 168.68 649.41 220.91 -1000 -1000 -1000 -10 -1 -1 -1
89 13471 Pedestrian -1 -1 -10 1030.31 200.50 1107.72 374.77 -1000 -1000 -1000 -10 -1 -1 -1
90 13472 Pedestrian -1 -1 -10 625.03 167.56 651.86 223.89 -1000 -1000 -1000 -10 -1 -1 -1
90 13473 Pedestrian -1 -1 -10 328.93 166.18 357.48 247.11 -1000 -1000 -1000 -10 -1 -1 -1
90 13474 Car -1 -1 -10 468.67 148.50 561.92 219.78 -1000 -1000 -1000 -10 -1 -1 -1
90 13475 Pedestrian -1 -1 -10 1176.20 239.40 1241.47 375.00 -1000 -1000 -1000 -10 -1 -1 -1
91 13476 Pedestrian -1 -1 -10 629.08 172.20 651.93 222.53 -1000 -1000 -1000 -10 -1 -1 -1
91 13477 Car -1 -1 -10 462.74 149.58 558.16 223.82 -1000 -1000 -1000 -10 -1 -1 -1
91 13478 Pedestrian -1 -1 -10 253.96 164.96 296.70 263.64 -1000 -1000 -1000 -10 -1 -1 -1
92 13480 Pedestrian -1 -1 -10 895.02 167.00 915.84 227.46 -1000 -1000 -1000 -10 -1 -1 -1
94 13483 Pedestrian -1 -1 -10 129.91 163.92 193.20 299.75 -1000 -1000 -1000 -10 -1 -1 -1
94 13484 Car -1 -1 -10 445.29 151.27 546.61 230.13 -1000 -1000 -1000 -10 -1 -1 -1
94 13486 Pedestrian -1 -1 -10 219.46 173.42 268.08 262.23 -1000 -1000 -1000 -10 -1 -1 -1
95 13488 Pedestrian -1 -1 -10 176.44 166.75 236.05 270.52 -1000 -1000 -1000 -10 -1 -1 -1
95 13489 Pedestrian -1 -1 -10 76.88 169.04 148.48 324.06 -1000 -1000 -1000 -10 -1 -1 -1
95 13490 Pedestrian -1 -1 -10 639.40 175.56 665.06 220.30 -1000 -1000 -1000 -10 -1 -1 -1
95 13492 Pedestrian -1 -1 -10 912.21 169.22 935.12 232.96 -1000 -1000 -1000 -10 -1 -1 -1
95 13493 Car -1 -1 -10 435.33 150.09 542.86 232.02 -1000 -1000 -1000 -10 -1 -1 -1
96 13494 Pedestrian -1 -1 -10 0.44 159.59 85.10 342.11 -1000 -1000 -1000 -10 -1 -1 -1
96 13496 Pedestrian -1 -1 -10 918.40 167.68 946.19 234.80 -1000 -1000 -1000 -10 -1 -1 -1
96 13497 Car -1 -1 -10 428.65 149.00 540.48 233.36 -1000 -1000 -1000 -10 -1 -1 -1
96 13498 Pedestrian -1 -1 -10 133.99 175.40 199.68 284.35 -1000 -1000 -1000 -10 -1 -1 -1
97 13500 Car -1 -1 -10 424.64 147.53 538.16 234.33 -1000 -1000 -1000 -10 -1 -1 -1
97 13501 Pedestrian -1 -1 -10 81.41 169.77 158.24 298.72 -1000 -1000 -1000 -10 -1 -1 -1
97 13502 Pedestrian -1 -1 -10 930.33 166.32 955.52 236.75 -1000 -1000 -1000 -10 -1 -1 -1
97 13503 Pedestrian -1 -1 -10 1020.14 170.43 1045.79 244.70 -1000 -1000 -1000 -10 -1 -1 -1
98 13505 Pedestrian -1 -1 -10 12.16 169.27 103.17 315.30 -1000 -1000 -1000 -10 -1 -1 -1
98 13506 Pedestrian -1 -1 -10 1033.80 168.96 1063.94 247.83 -1000 -1000 -1000 -10 -1 -1 -1
98 13507 Car -1 -1 -10 365.11 180.40 419.21 214.77 -1000 -1000 -1000 -10 -1 -1 -1
98 13508 Car -1 -1 -10 414.28 147.28 534.53 235.58 -1000 -1000 -1000 -10 -1 -1 -1
99 13509 Pedestrian -1 -1 -10 0.14 186.29 38.40 321.73 -1000 -1000 -1000 -10 -1 -1 -1
99 13510 Pedestrian -1 -1 -10 1048.57 166.70 1082.83 248.74 -1000 -1000 -1000 -10 -1 -1 -1
99 13511 Pedestrian -1 -1 -10 647.86 174.19 680.87 227.32 -1000 -1000 -1000 -10 -1 -1 -1
99 13512 Car -1 -1 -10 357.55 180.75 408.19 216.94 -1000 -1000 -1000 -10 -1 -1 -1
100 13513 Pedestrian -1 -1 -10 957.61 164.99 986.38 240.16 -1000 -1000 -1000 -10 -1 -1 -1
100 13514 Pedestrian -1 -1 -10 1065.33 163.33 1103.09 252.98 -1000 -1000 -1000 -10 -1 -1 -1
100 13515 Pedestrian -1 -1 -10 654.68 174.39 681.65 228.36 -1000 -1000 -1000 -10 -1 -1 -1
101 13516 Pedestrian -1 -1 -10 1083.45 165.71 1125.59 255.77 -1000 -1000 -1000 -10 -1 -1 -1
101 13517 Pedestrian -1 -1 -10 966.69 164.56 997.40 245.87 -1000 -1000 -1000 -10 -1 -1 -1
101 13518 Pedestrian -1 -1 -10 659.69 176.21 683.56 227.86 -1000 -1000 -1000 -10 -1 -1 -1
101 13519 Car -1 -1 -10 385.76 140.70 522.31 241.02 -1000 -1000 -1000 -10 -1 -1 -1
102 13520 Pedestrian -1 -1 -10 244.69 155.69 275.39 219.18 -1000 -1000 -1000 -10 -1 -1 -1
102 13521 Pedestrian -1 -1 -10 1101.56 162.09 1149.57 260.99 -1000 -1000 -1000 -10 -1 -1 -1
102 13522 Car -1 -1 -10 325.12 177.99 382.74 216.22 -1000 -1000 -1000 -10 -1 -1 -1
102 13523 Pedestrian -1 -1 -10 979.97 164.69 1006.98 241.14 -1000 -1000 -1000 -10 -1 -1 -1
103 13524 Pedestrian -1 -1 -10 992.88 163.35 1023.65 244.90 -1000 -1000 -1000 -10 -1 -1 -1
103 13525 Pedestrian -1 -1 -10 230.59 155.55 264.56 221.59 -1000 -1000 -1000 -10 -1 -1 -1
103 13526 Pedestrian -1 -1 -10 664.69 169.53 691.18 225.06 -1000 -1000 -1000 -10 -1 -1 -1
103 13527 Pedestrian -1 -1 -10 1126.82 160.82 1178.55 266.38 -1000 -1000 -1000 -10 -1 -1 -1
103 13528 Car -1 -1 -10 363.83 134.73 508.89 243.38 -1000 -1000 -1000 -10 -1 -1 -1
104 13529 Pedestrian -1 -1 -10 1005.46 159.42 1040.40 246.56 -1000 -1000 -1000 -10 -1 -1 -1
104 13530 Car -1 -1 -10 354.47 135.57 503.74 245.43 -1000 -1000 -1000 -10 -1 -1 -1
104 13531 Car -1 -1 -10 309.69 177.97 361.86 220.17 -1000 -1000 -1000 -10 -1 -1 -1
104 13532 Pedestrian -1 -1 -10 217.00 155.59 252.28 224.15 -1000 -1000 -1000 -10 -1 -1 -1
104 13533 Pedestrian -1 -1 -10 1146.44 156.63 1208.79 267.92 -1000 -1000 -1000 -10 -1 -1 -1
105 13534 Pedestrian -1 -1 -10 1016.32 159.79 1051.48 248.74 -1000 -1000 -1000 -10 -1 -1 -1
105 13535 Car -1 -1 -10 341.56 137.13 500.45 250.55 -1000 -1000 -1000 -10 -1 -1 -1
105 13536 Pedestrian -1 -1 -10 670.65 171.63 697.81 225.71 -1000 -1000 -1000 -10 -1 -1 -1
105 13537 Pedestrian -1 -1 -10 1178.78 156.95 1241.51 275.28 -1000 -1000 -1000 -10 -1 -1 -1
105 13538 Car -1 -1 -10 307.69 179.75 348.10 221.53 -1000 -1000 -1000 -10 -1 -1 -1
106 13539 Pedestrian -1 -1 -10 1029.82 162.93 1069.22 255.30 -1000 -1000 -1000 -10 -1 -1 -1
106 13540 Pedestrian -1 -1 -10 194.41 156.59 230.06 232.37 -1000 -1000 -1000 -10 -1 -1 -1
106 13541 Pedestrian -1 -1 -10 1203.16 166.90 1241.47 263.36 -1000 -1000 -1000 -10 -1 -1 -1
106 13542 Pedestrian -1 -1 -10 675.32 176.10 699.43 227.06 -1000 -1000 -1000 -10 -1 -1 -1
107 13543 Pedestrian -1 -1 -10 1046.13 164.18 1083.70 260.92 -1000 -1000 -1000 -10 -1 -1 -1
107 13544 Car -1 -1 -10 312.54 131.96 487.03 255.71 -1000 -1000 -1000 -10 -1 -1 -1
107 13545 Pedestrian -1 -1 -10 486.53 173.86 508.34 232.60 -1000 -1000 -1000 -10 -1 -1 -1
107 13546 Pedestrian -1 -1 -10 178.26 153.97 215.26 230.87 -1000 -1000 -1000 -10 -1 -1 -1
108 13547 Pedestrian -1 -1 -10 1064.26 163.06 1098.34 262.36 -1000 -1000 -1000 -10 -1 -1 -1
108 13548 Pedestrian -1 -1 -10 159.52 153.39 201.60 231.87 -1000 -1000 -1000 -10 -1 -1 -1
108 13549 Pedestrian -1 -1 -10 682.45 173.70 704.71 233.64 -1000 -1000 -1000 -10 -1 -1 -1
108 13550 Pedestrian -1 -1 -10 482.48 173.59 507.39 232.00 -1000 -1000 -1000 -10 -1 -1 -1
109 13551 Pedestrian -1 -1 -10 1081.05 160.00 1119.36 264.99 -1000 -1000 -1000 -10 -1 -1 -1
109 13552 Pedestrian -1 -1 -10 141.82 153.70 186.30 234.78 -1000 -1000 -1000 -10 -1 -1 -1
110 13554 Pedestrian -1 -1 -10 1099.15 158.16 1138.81 268.98 -1000 -1000 -1000 -10 -1 -1 -1
110 13555 Pedestrian -1 -1 -10 686.05 171.96 706.20 227.04 -1000 -1000 -1000 -10 -1 -1 -1
110 13556 Pedestrian -1 -1 -10 122.63 152.73 169.50 234.58 -1000 -1000 -1000 -10 -1 -1 -1
111 13557 Pedestrian -1 -1 -10 1118.46 160.36 1163.95 273.02 -1000 -1000 -1000 -10 -1 -1 -1
111 13558 Pedestrian -1 -1 -10 469.57 172.24 492.82 234.76 -1000 -1000 -1000 -10 -1 -1 -1
111 13559 Pedestrian -1 -1 -10 100.34 151.74 145.54 235.99 -1000 -1000 -1000 -10 -1 -1 -1
112 13560 Pedestrian -1 -1 -10 464.38 173.37 488.14 239.18 -1000 -1000 -1000 -10 -1 -1 -1
112 13561 Pedestrian -1 -1 -10 1143.98 159.81 1192.57 270.46 -1000 -1000 -1000 -10 -1 -1 -1
112 13562 Car -1 -1 -10 211.10 118.74 452.13 277.61 -1000 -1000 -1000 -10 -1 -1 -1
112 13563 Pedestrian -1 -1 -10 92.84 159.28 126.11 240.30 -1000 -1000 -1000 -10 -1 -1 -1
112 13564 Pedestrian -1 -1 -10 70.58 147.37 108.20 241.50 -1000 -1000 -1000 -10 -1 -1 -1
113 13567 Car -1 -1 -10 184.15 116.55 442.58 287.35 -1000 -1000 -1000 -10 -1 -1 -1
113 13568 Pedestrian -1 -1 -10 1169.92 162.00 1215.87 284.17 -1000 -1000 -1000 -10 -1 -1 -1
113 13569 Pedestrian -1 -1 -10 459.22 173.05 484.08 243.31 -1000 -1000 -1000 -10 -1 -1 -1
113 13570 Pedestrian -1 -1 -10 39.31 146.12 80.19 243.47 -1000 -1000 -1000 -10 -1 -1 -1
114 13572 Pedestrian -1 -1 -10 1195.52 155.86 1241.77 288.51 -1000 -1000 -1000 -10 -1 -1 -1
114 13573 Pedestrian -1 -1 -10 41.67 164.19 84.28 248.85 -1000 -1000 -1000 -10 -1 -1 -1
114 13574 Pedestrian -1 -1 -10 5.50 148.98 46.97 252.00 -1000 -1000 -1000 -10 -1 -1 -1
114 13575 Pedestrian -1 -1 -10 452.34 175.44 477.80 248.75 -1000 -1000 -1000 -10 -1 -1 -1
114 13576 Pedestrian -1 -1 -10 1087.90 191.79 1145.82 290.10 -1000 -1000 -1000 -10 -1 -1 -1
115 13578 Pedestrian -1 -1 -10 445.53 178.44 471.86 250.76 -1000 -1000 -1000 -10 -1 -1 -1
115 13579 Pedestrian -1 -1 -10 6.81 155.71 56.08 252.08 -1000 -1000 -1000 -10 -1 -1 -1
116 13581 Pedestrian -1 -1 -10 437.49 175.75 465.59 252.49 -1000 -1000 -1000 -10 -1 -1 -1
116 13582 Pedestrian -1 -1 -10 1110.15 188.70 1205.06 309.97 -1000 -1000 -1000 -10 -1 -1 -1
117 13583 Pedestrian -1 -1 -10 1150.53 184.70 1241.66 315.09 -1000 -1000 -1000 -10 -1 -1 -1
117 13585 Pedestrian -1 -1 -10 426.98 178.25 457.69 254.06 -1000 -1000 -1000 -10 -1 -1 -1
118 13586 Pedestrian -1 -1 -10 416.26 179.24 448.32 258.43 -1000 -1000 -1000 -10 -1 -1 -1
119 13588 Pedestrian -1 -1 -10 403.80 175.32 440.18 263.19 -1000 -1000 -1000 -10 -1 -1 -1
120 13590 Pedestrian -1 -1 -10 389.46 178.18 427.94 270.76 -1000 -1000 -1000 -10 -1 -1 -1
121 13592 Pedestrian -1 -1 -10 373.65 179.68 417.19 276.72 -1000 -1000 -1000 -10 -1 -1 -1
122 13593 Pedestrian -1 -1 -10 357.84 182.22 401.32 283.35 -1000 -1000 -1000 -10 -1 -1 -1
122 13595 Pedestrian -1 -1 -10 686.53 184.36 707.43 239.21 -1000 -1000 -1000 -10 -1 -1 -1
123 13596 Pedestrian -1 -1 -10 340.71 183.43 385.51 288.03 -1000 -1000 -1000 -10 -1 -1 -1
123 13597 Pedestrian -1 -1 -10 682.44 182.86 706.14 237.99 -1000 -1000 -1000 -10 -1 -1 -1
124 13598 Pedestrian -1 -1 -10 324.81 183.00 373.00 294.57 -1000 -1000 -1000 -10 -1 -1 -1
124 13599 Pedestrian -1 -1 -10 678.67 169.52 705.75 240.12 -1000 -1000 -1000 -10 -1 -1 -1
125 13600 Pedestrian -1 -1 -10 305.26 181.73 360.17 300.97 -1000 -1000 -1000 -10 -1 -1 -1
125 13601 Car -1 -1 -10 0.34 70.87 225.25 363.45 -1000 -1000 -1000 -10 -1 -1 -1
125 13602 Pedestrian -1 -1 -10 679.50 185.65 703.27 241.21 -1000 -1000 -1000 -10 -1 -1 -1
126 13603 Pedestrian -1 -1 -10 282.86 182.22 346.01 310.83 -1000 -1000 -1000 -10 -1 -1 -1
126 13604 Car -1 -1 -10 0.22 76.31 191.73 362.04 -1000 -1000 -1000 -10 -1 -1 -1
127 13605 Car -1 -1 -10 0.10 92.03 150.18 369.50 -1000 -1000 -1000 -10 -1 -1 -1
127 13606 Pedestrian -1 -1 -10 255.26 184.82 316.26 324.57 -1000 -1000 -1000 -10 -1 -1 -1
128 13607 Pedestrian -1 -1 -10 218.46 184.84 290.30 335.90 -1000 -1000 -1000 -10 -1 -1 -1
128 13608 Car -1 -1 -10 0.30 157.16 100.19 372.52 -1000 -1000 -1000 -10 -1 -1 -1
129 13609 Pedestrian -1 -1 -10 180.06 183.60 257.87 353.94 -1000 -1000 -1000 -10 -1 -1 -1
129 13610 Car -1 -1 -10 0.00 184.32 48.81 249.42 -1000 -1000 -1000 -10 -1 -1 -1
130 13611 Pedestrian -1 -1 -10 131.12 185.88 215.20 374.56 -1000 -1000 -1000 -10 -1 -1 -1
131 13613 Pedestrian -1 -1 -10 72.23 190.91 168.14 375.00 -1000 -1000 -1000 -10 -1 -1 -1
132 13615 Pedestrian -1 -1 -10 0.12 194.71 108.56 374.62 -1000 -1000 -1000 -10 -1 -1 -1
133 13618 Pedestrian -1 -1 -10 0.05 210.02 36.57 374.82 -1000 -1000 -1000 -10 -1 -1 -1
135 13620 Pedestrian -1 -1 -10 358.36 158.45 409.31 246.02 -1000 -1000 -1000 -10 -1 -1 -1
135 13621 Pedestrian -1 -1 -10 666.47 176.71 690.29 251.44 -1000 -1000 -1000 -10 -1 -1 -1
136 13625 Pedestrian -1 -1 -10 666.73 187.13 690.19 252.81 -1000 -1000 -1000 -10 -1 -1 -1
139 13627 Pedestrian -1 -1 -10 667.75 184.55 691.77 253.78 -1000 -1000 -1000 -10 -1 -1 -1
140 13628 Pedestrian -1 -1 -10 670.05 187.51 694.02 254.46 -1000 -1000 -1000 -10 -1 -1 -1
141 13629 Pedestrian -1 -1 -10 286.91 153.70 344.97 259.21 -1000 -1000 -1000 -10 -1 -1 -1
141 13630 Pedestrian -1 -1 -10 670.95 172.49 699.97 253.26 -1000 -1000 -1000 -10 -1 -1 -1
144 13631 Pedestrian -1 -1 -10 0.12 144.71 29.77 295.46 -1000 -1000 -1000 -10 -1 -1 -1
147 13633 Pedestrian -1 -1 -10 701.02 170.06 730.88 258.66 -1000 -1000 -1000 -10 -1 -1 -1
148 13636 Pedestrian -1 -1 -10 705.65 177.07 738.58 261.04 -1000 -1000 -1000 -10 -1 -1 -1
149 13637 Pedestrian -1 -1 -10 715.59 201.24 742.70 263.15 -1000 -1000 -1000 -10 -1 -1 -1
149 13638 Pedestrian -1 -1 -10 167.31 155.84 247.45 289.64 -1000 -1000 -1000 -10 -1 -1 -1
150 13639 Pedestrian -1 -1 -10 721.72 176.16 758.64 260.16 -1000 -1000 -1000 -10 -1 -1 -1
153 13643 Pedestrian -1 -1 -10 750.79 171.14 791.77 255.04 -1000 -1000 -1000 -10 -1 -1 -1
154 13644 Pedestrian -1 -1 -10 776.66 161.65 805.59 244.38 -1000 -1000 -1000 -10 -1 -1 -1
155 13646 Pedestrian -1 -1 -10 781.05 166.15 819.47 254.42 -1000 -1000 -1000 -10 -1 -1 -1
157 13648 Pedestrian -1 -1 -10 799.03 167.78 852.62 263.00 -1000 -1000 -1000 -10 -1 -1 -1
161 13652 Car -1 -1 -10 1129.49 190.47 1155.78 245.52 -1000 -1000 -1000 -10 -1 -1 -1
162 13654 Car -1 -1 -10 1144.74 184.16 1180.96 266.50 -1000 -1000 -1000 -10 -1 -1 -1
162 13656 Pedestrian -1 -1 -10 773.00 177.74 795.98 230.06 -1000 -1000 -1000 -10 -1 -1 -1
163 13658 Car -1 -1 -10 1161.06 177.85 1209.36 282.22 -1000 -1000 -1000 -10 -1 -1 -1
163 13660 Pedestrian -1 -1 -10 908.10 174.28 964.06 261.73 -1000 -1000 -1000 -10 -1 -1 -1
164 13661 Car -1 -1 -10 1178.11 178.35 1241.55 287.52 -1000 -1000 -1000 -10 -1 -1 -1
165 13664 Car -1 -1 -10 1198.82 176.51 1241.64 280.70 -1000 -1000 -1000 -10 -1 -1 -1
166 13666 Car -1 -1 -10 1214.37 186.53 1241.58 269.54 -1000 -1000 -1000 -10 -1 -1 -1
172 13670 Car -1 -1 -10 1142.87 197.25 1241.09 299.26 -1000 -1000 -1000 -10 -1 -1 -1
179 13672 Pedestrian -1 -1 -10 777.73 182.74 811.16 249.17 -1000 -1000 -1000 -10 -1 -1 -1
180 13673 Pedestrian -1 -1 -10 770.30 180.88 806.28 249.54 -1000 -1000 -1000 -10 -1 -1 -1
181 13675 Pedestrian -1 -1 -10 762.01 181.54 803.65 252.29 -1000 -1000 -1000 -10 -1 -1 -1
196 13683 Pedestrian -1 -1 -10 980.15 201.02 1045.10 278.76 -1000 -1000 -1000 -10 -1 -1 -1
197 13684 Pedestrian -1 -1 -10 1004.38 200.35 1069.02 282.38 -1000 -1000 -1000 -10 -1 -1 -1
198 13685 Pedestrian -1 -1 -10 1024.82 201.05 1094.82 286.08 -1000 -1000 -1000 -10 -1 -1 -1
200 13686 Pedestrian -1 -1 -10 1077.71 198.11 1152.02 291.04 -1000 -1000 -1000 -10 -1 -1 -1
222 13688 Pedestrian -1 -1 -10 741.77 166.56 775.97 269.95 -1000 -1000 -1000 -10 -1 -1 -1
223 13690 Pedestrian -1 -1 -10 604.32 170.95 623.08 214.96 -1000 -1000 -1000 -10 -1 -1 -1
224 13692 Pedestrian -1 -1 -10 831.97 166.55 893.53 295.16 -1000 -1000 -1000 -10 -1 -1 -1
226 13695 Pedestrian -1 -1 -10 870.33 162.40 917.77 308.35 -1000 -1000 -1000 -10 -1 -1 -1
227 13696 Pedestrian -1 -1 -10 794.19 177.69 836.07 296.15 -1000 -1000 -1000 -10 -1 -1 -1
227 13697 Pedestrian -1 -1 -10 886.45 160.10 938.00 302.13 -1000 -1000 -1000 -10 -1 -1 -1
228 13699 Pedestrian -1 -1 -10 791.25 183.42 854.27 312.36 -1000 -1000 -1000 -10 -1 -1 -1
228 13700 Pedestrian -1 -1 -10 902.66 160.13 969.88 300.34 -1000 -1000 -1000 -10 -1 -1 -1
229 13703 Pedestrian -1 -1 -10 912.47 159.38 1000.47 333.68 -1000 -1000 -1000 -10 -1 -1 -1
229 13705 Pedestrian -1 -1 -10 805.75 187.35 870.07 326.68 -1000 -1000 -1000 -10 -1 -1 -1
230 13706 Pedestrian -1 -1 -10 824.97 186.98 890.88 333.95 -1000 -1000 -1000 -10 -1 -1 -1
230 13707 Pedestrian -1 -1 -10 920.32 160.15 1024.99 341.40 -1000 -1000 -1000 -10 -1 -1 -1
231 13710 Pedestrian -1 -1 -10 839.78 183.21 914.63 357.16 -1000 -1000 -1000 -10 -1 -1 -1
231 13712 Pedestrian -1 -1 -10 962.34 159.57 1055.41 352.11 -1000 -1000 -1000 -10 -1 -1 -1
231 13714 Pedestrian -1 -1 -10 605.60 178.05 619.12 221.70 -1000 -1000 -1000 -10 -1 -1 -1
231 13715 Pedestrian -1 -1 -10 584.82 173.41 602.11 222.01 -1000 -1000 -1000 -10 -1 -1 -1
232 13716 Pedestrian -1 -1 -10 869.01 182.04 937.33 371.41 -1000 -1000 -1000 -10 -1 -1 -1
232 13717 Pedestrian -1 -1 -10 980.56 160.79 1093.80 367.02 -1000 -1000 -1000 -10 -1 -1 -1
233 13720 Pedestrian -1 -1 -10 993.01 156.21 1139.06 371.57 -1000 -1000 -1000 -10 -1 -1 -1
233 13721 Pedestrian -1 -1 -10 572.89 172.25 591.65 223.09 -1000 -1000 -1000 -10 -1 -1 -1
233 13723 Pedestrian -1 -1 -10 878.08 188.40 970.06 375.00 -1000 -1000 -1000 -10 -1 -1 -1
233 13725 Pedestrian -1 -1 -10 595.01 175.96 609.17 222.36 -1000 -1000 -1000 -10 -1 -1 -1
234 13726 Pedestrian -1 -1 -10 897.07 193.30 1010.15 375.00 -1000 -1000 -1000 -10 -1 -1 -1
234 13727 Pedestrian -1 -1 -10 1035.63 156.47 1193.80 374.03 -1000 -1000 -1000 -10 -1 -1 -1
235 13729 Pedestrian -1 -1 -10 1100.27 156.51 1241.48 374.69 -1000 -1000 -1000 -10 -1 -1 -1
235 13730 Pedestrian -1 -1 -10 939.44 194.73 1067.58 373.67 -1000 -1000 -1000 -10 -1 -1 -1
236 13731 Pedestrian -1 -1 -10 1163.22 150.13 1241.77 374.23 -1000 -1000 -1000 -10 -1 -1 -1
236 13732 Pedestrian -1 -1 -10 994.84 197.14 1142.57 373.57 -1000 -1000 -1000 -10 -1 -1 -1
236 13733 Pedestrian -1 -1 -10 557.77 178.58 575.79 228.36 -1000 -1000 -1000 -10 -1 -1 -1
237 13734 Pedestrian -1 -1 -10 1084.04 194.05 1241.43 362.04 -1000 -1000 -1000 -10 -1 -1 -1
237 13735 Pedestrian -1 -1 -10 551.29 172.20 574.99 230.97 -1000 -1000 -1000 -10 -1 -1 -1
238 13736 Pedestrian -1 -1 -10 540.63 172.21 565.92 232.29 -1000 -1000 -1000 -10 -1 -1 -1
238 13738 Pedestrian -1 -1 -10 731.64 173.39 746.91 216.44 -1000 -1000 -1000 -10 -1 -1 -1
238 13739 Pedestrian -1 -1 -10 570.10 180.31 586.89 224.18 -1000 -1000 -1000 -10 -1 -1 -1
238 13740 Pedestrian -1 -1 -10 744.08 169.82 760.76 216.65 -1000 -1000 -1000 -10 -1 -1 -1
239 13742 Pedestrian -1 -1 -10 535.90 171.54 560.41 231.67 -1000 -1000 -1000 -10 -1 -1 -1
239 13743 Pedestrian -1 -1 -10 729.44 172.71 747.01 215.54 -1000 -1000 -1000 -10 -1 -1 -1
239 13744 Pedestrian -1 -1 -10 1076.41 153.01 1126.52 266.57 -1000 -1000 -1000 -10 -1 -1 -1
239 13745 Pedestrian -1 -1 -10 563.20 176.89 581.24 224.68 -1000 -1000 -1000 -10 -1 -1 -1
240 13746 Pedestrian -1 -1 -10 523.46 170.52 547.57 235.73 -1000 -1000 -1000 -10 -1 -1 -1
240 13748 Pedestrian -1 -1 -10 557.22 179.40 573.06 223.95 -1000 -1000 -1000 -10 -1 -1 -1
240 13749 Pedestrian -1 -1 -10 728.12 165.68 745.56 215.60 -1000 -1000 -1000 -10 -1 -1 -1
241 13750 Pedestrian -1 -1 -10 516.41 173.79 542.38 239.23 -1000 -1000 -1000 -10 -1 -1 -1
241 13753 Pedestrian -1 -1 -10 1109.97 150.76 1165.86 275.00 -1000 -1000 -1000 -10 -1 -1 -1
241 13754 Pedestrian -1 -1 -10 744.54 165.09 764.81 217.45 -1000 -1000 -1000 -10 -1 -1 -1
242 13755 Pedestrian -1 -1 -10 497.44 166.62 531.69 242.63 -1000 -1000 -1000 -10 -1 -1 -1
242 13757 Pedestrian -1 -1 -10 739.78 168.35 755.98 218.08 -1000 -1000 -1000 -10 -1 -1 -1
242 13758 Pedestrian -1 -1 -10 1141.85 145.89 1184.77 283.02 -1000 -1000 -1000 -10 -1 -1 -1
243 13759 Pedestrian -1 -1 -10 488.44 166.49 517.69 243.93 -1000 -1000 -1000 -10 -1 -1 -1
243 13761 Pedestrian -1 -1 -10 513.60 172.44 534.79 232.13 -1000 -1000 -1000 -10 -1 -1 -1
243 13762 Pedestrian -1 -1 -10 740.87 162.85 760.56 220.74 -1000 -1000 -1000 -10 -1 -1 -1
244 13764 Pedestrian -1 -1 -10 475.74 167.58 505.72 243.26 -1000 -1000 -1000 -10 -1 -1 -1
244 13765 Pedestrian -1 -1 -10 527.45 179.18 544.16 228.33 -1000 -1000 -1000 -10 -1 -1 -1
244 13766 Pedestrian -1 -1 -10 505.06 171.89 525.06 233.16 -1000 -1000 -1000 -10 -1 -1 -1
244 13768 Pedestrian -1 -1 -10 717.58 166.66 735.55 223.50 -1000 -1000 -1000 -10 -1 -1 -1
245 13770 Pedestrian -1 -1 -10 463.49 167.46 495.83 249.25 -1000 -1000 -1000 -10 -1 -1 -1
245 13771 Pedestrian -1 -1 -10 713.70 168.90 730.71 223.98 -1000 -1000 -1000 -10 -1 -1 -1
245 13772 Pedestrian -1 -1 -10 731.38 165.85 750.48 223.95 -1000 -1000 -1000 -10 -1 -1 -1
245 13773 Pedestrian -1 -1 -10 494.82 172.07 516.75 235.77 -1000 -1000 -1000 -10 -1 -1 -1
246 13774 Pedestrian -1 -1 -10 1204.15 166.85 1241.50 305.41 -1000 -1000 -1000 -10 -1 -1 -1
246 13775 Pedestrian -1 -1 -10 450.47 169.49 485.72 255.31 -1000 -1000 -1000 -10 -1 -1 -1
246 13776 Pedestrian -1 -1 -10 508.76 179.54 527.66 232.54 -1000 -1000 -1000 -10 -1 -1 -1
246 13777 Pedestrian -1 -1 -10 712.22 168.21 729.67 226.11 -1000 -1000 -1000 -10 -1 -1 -1
246 13778 Pedestrian -1 -1 -10 486.26 174.77 508.24 240.29 -1000 -1000 -1000 -10 -1 -1 -1
246 13779 Pedestrian -1 -1 -10 730.53 168.90 750.06 224.76 -1000 -1000 -1000 -10 -1 -1 -1
247 13780 Pedestrian -1 -1 -10 438.69 170.80 474.03 254.06 -1000 -1000 -1000 -10 -1 -1 -1
247 13781 Pedestrian -1 -1 -10 474.90 174.34 499.88 243.22 -1000 -1000 -1000 -10 -1 -1 -1
247 13782 Pedestrian -1 -1 -10 727.23 167.70 749.27 226.31 -1000 -1000 -1000 -10 -1 -1 -1
247 13783 Pedestrian -1 -1 -10 714.28 166.10 731.12 226.58 -1000 -1000 -1000 -10 -1 -1 -1
248 13784 Pedestrian -1 -1 -10 426.79 167.28 463.21 261.11 -1000 -1000 -1000 -10 -1 -1 -1
248 13785 Pedestrian -1 -1 -10 463.49 172.25 490.41 246.70 -1000 -1000 -1000 -10 -1 -1 -1
248 13786 Pedestrian -1 -1 -10 726.30 170.17 749.16 228.60 -1000 -1000 -1000 -10 -1 -1 -1
249 13787 Pedestrian -1 -1 -10 410.24 170.45 447.96 264.54 -1000 -1000 -1000 -10 -1 -1 -1
249 13788 Pedestrian -1 -1 -10 454.36 173.27 483.62 249.00 -1000 -1000 -1000 -10 -1 -1 -1
250 13790 Pedestrian -1 -1 -10 392.99 168.39 431.66 271.48 -1000 -1000 -1000 -10 -1 -1 -1
250 13791 Pedestrian -1 -1 -10 444.33 167.22 475.79 253.11 -1000 -1000 -1000 -10 -1 -1 -1
250 13792 Pedestrian -1 -1 -10 724.28 169.47 747.64 231.11 -1000 -1000 -1000 -10 -1 -1 -1
251 13793 Pedestrian -1 -1 -10 373.87 166.89 414.29 277.67 -1000 -1000 -1000 -10 -1 -1 -1
251 13794 Pedestrian -1 -1 -10 436.61 176.36 466.67 256.67 -1000 -1000 -1000 -10 -1 -1 -1
251 13796 Pedestrian -1 -1 -10 722.39 169.67 747.12 234.99 -1000 -1000 -1000 -10 -1 -1 -1
252 13797 Pedestrian -1 -1 -10 356.28 167.99 400.39 286.91 -1000 -1000 -1000 -10 -1 -1 -1
252 13798 Pedestrian -1 -1 -10 427.30 177.38 458.89 262.14 -1000 -1000 -1000 -10 -1 -1 -1
252 13799 Pedestrian -1 -1 -10 725.05 172.92 748.22 239.70 -1000 -1000 -1000 -10 -1 -1 -1
252 13800 Pedestrian -1 -1 -10 707.87 173.90 728.28 239.55 -1000 -1000 -1000 -10 -1 -1 -1
253 13801 Pedestrian -1 -1 -10 334.79 166.41 383.04 295.16 -1000 -1000 -1000 -10 -1 -1 -1
253 13802 Pedestrian -1 -1 -10 418.66 177.40 452.80 266.97 -1000 -1000 -1000 -10 -1 -1 -1
253 13803 Pedestrian -1 -1 -10 708.84 170.00 732.48 241.96 -1000 -1000 -1000 -10 -1 -1 -1
253 13804 Pedestrian -1 -1 -10 728.14 170.34 754.72 242.80 -1000 -1000 -1000 -10 -1 -1 -1
253 13805 Pedestrian -1 -1 -10 460.28 181.89 483.60 246.68 -1000 -1000 -1000 -10 -1 -1 -1
254 13806 Pedestrian -1 -1 -10 304.15 168.85 365.06 305.78 -1000 -1000 -1000 -10 -1 -1 -1
254 13807 Pedestrian -1 -1 -10 711.39 171.71 736.63 244.48 -1000 -1000 -1000 -10 -1 -1 -1
254 13808 Pedestrian -1 -1 -10 407.29 174.40 445.36 273.24 -1000 -1000 -1000 -10 -1 -1 -1
254 13809 Pedestrian -1 -1 -10 734.49 171.51 761.19 246.53 -1000 -1000 -1000 -10 -1 -1 -1
254 13810 Pedestrian -1 -1 -10 455.01 181.61 475.98 245.12 -1000 -1000 -1000 -10 -1 -1 -1
254 13811 Pedestrian -1 -1 -10 359.36 175.04 388.19 265.55 -1000 -1000 -1000 -10 -1 -1 -1
255 13812 Pedestrian -1 -1 -10 282.44 169.97 349.61 318.93 -1000 -1000 -1000 -10 -1 -1 -1
255 13813 Pedestrian -1 -1 -10 396.51 173.58 440.96 280.08 -1000 -1000 -1000 -10 -1 -1 -1
255 13814 Pedestrian -1 -1 -10 740.66 170.38 766.94 247.93 -1000 -1000 -1000 -10 -1 -1 -1
255 13815 Pedestrian -1 -1 -10 345.43 175.68 378.37 276.42 -1000 -1000 -1000 -10 -1 -1 -1
255 13816 Pedestrian -1 -1 -10 718.39 165.91 745.31 248.56 -1000 -1000 -1000 -10 -1 -1 -1
255 13817 Pedestrian -1 -1 -10 449.04 183.97 472.65 248.00 -1000 -1000 -1000 -10 -1 -1 -1
255 13818 Pedestrian -1 -1 -10 767.21 177.33 794.21 236.92 -1000 -1000 -1000 -10 -1 -1 -1
256 13819 Pedestrian -1 -1 -10 259.14 173.26 331.48 332.01 -1000 -1000 -1000 -10 -1 -1 -1
256 13820 Pedestrian -1 -1 -10 723.04 166.95 750.50 251.10 -1000 -1000 -1000 -10 -1 -1 -1
256 13821 Pedestrian -1 -1 -10 330.10 176.26 369.32 282.00 -1000 -1000 -1000 -10 -1 -1 -1
256 13822 Pedestrian -1 -1 -10 383.48 180.16 425.81 287.08 -1000 -1000 -1000 -10 -1 -1 -1
256 13823 Pedestrian -1 -1 -10 747.75 171.18 775.95 249.58 -1000 -1000 -1000 -10 -1 -1 -1
256 13824 Pedestrian -1 -1 -10 442.64 179.98 467.30 248.48 -1000 -1000 -1000 -10 -1 -1 -1
257 13825 Pedestrian -1 -1 -10 230.77 171.01 308.55 349.20 -1000 -1000 -1000 -10 -1 -1 -1
257 13826 Pedestrian -1 -1 -10 365.38 180.66 413.15 295.20 -1000 -1000 -1000 -10 -1 -1 -1
257 13827 Pedestrian -1 -1 -10 755.84 170.68 784.88 255.85 -1000 -1000 -1000 -10 -1 -1 -1
257 13828 Pedestrian -1 -1 -10 732.64 168.39 757.62 255.59 -1000 -1000 -1000 -10 -1 -1 -1
257 13829 Pedestrian -1 -1 -10 438.46 185.65 461.27 251.07 -1000 -1000 -1000 -10 -1 -1 -1
257 13830 Pedestrian -1 -1 -10 327.04 176.20 355.56 287.26 -1000 -1000 -1000 -10 -1 -1 -1
258 13831 Pedestrian -1 -1 -10 195.56 168.05 273.68 363.66 -1000 -1000 -1000 -10 -1 -1 -1
258 13832 Pedestrian -1 -1 -10 310.43 178.22 344.86 296.88 -1000 -1000 -1000 -10 -1 -1 -1
258 13833 Pedestrian -1 -1 -10 356.68 176.27 401.46 303.54 -1000 -1000 -1000 -10 -1 -1 -1
258 13834 Pedestrian -1 -1 -10 767.11 169.54 796.59 258.64 -1000 -1000 -1000 -10 -1 -1 -1
258 13835 Pedestrian -1 -1 -10 740.64 170.47 766.10 259.67 -1000 -1000 -1000 -10 -1 -1 -1
258 13836 Pedestrian -1 -1 -10 395.70 185.15 428.05 269.67 -1000 -1000 -1000 -10 -1 -1 -1
258 13837 Pedestrian -1 -1 -10 269.53 187.93 314.99 295.67 -1000 -1000 -1000 -10 -1 -1 -1
258 13838 Pedestrian -1 -1 -10 435.34 187.30 458.65 256.12 -1000 -1000 -1000 -10 -1 -1 -1
259 13839 Pedestrian -1 -1 -10 149.80 161.91 233.00 372.94 -1000 -1000 -1000 -10 -1 -1 -1
259 13840 Pedestrian -1 -1 -10 781.19 166.65 810.75 260.41 -1000 -1000 -1000 -10 -1 -1 -1
259 13841 Pedestrian -1 -1 -10 339.05 178.73 392.01 312.61 -1000 -1000 -1000 -10 -1 -1 -1
259 13842 Pedestrian -1 -1 -10 750.61 165.81 780.75 261.89 -1000 -1000 -1000 -10 -1 -1 -1
259 13843 Pedestrian -1 -1 -10 300.08 178.03 334.30 304.81 -1000 -1000 -1000 -10 -1 -1 -1
259 13844 Pedestrian -1 -1 -10 386.85 183.61 419.10 270.44 -1000 -1000 -1000 -10 -1 -1 -1
259 13845 Pedestrian -1 -1 -10 429.40 184.59 455.29 258.55 -1000 -1000 -1000 -10 -1 -1 -1
259 13846 Pedestrian -1 -1 -10 253.73 187.51 302.76 302.75 -1000 -1000 -1000 -10 -1 -1 -1
260 13847 Pedestrian -1 -1 -10 91.17 162.79 180.50 373.77 -1000 -1000 -1000 -10 -1 -1 -1
260 13848 Pedestrian -1 -1 -10 764.77 162.08 795.51 263.47 -1000 -1000 -1000 -10 -1 -1 -1
260 13849 Pedestrian -1 -1 -10 319.07 176.23 377.19 323.39 -1000 -1000 -1000 -10 -1 -1 -1
260 13850 Pedestrian -1 -1 -10 793.25 163.64 828.27 264.03 -1000 -1000 -1000 -10 -1 -1 -1
260 13851 Pedestrian -1 -1 -10 376.08 177.70 416.50 277.65 -1000 -1000 -1000 -10 -1 -1 -1
260 13852 Pedestrian -1 -1 -10 426.30 182.63 453.77 260.18 -1000 -1000 -1000 -10 -1 -1 -1
260 13853 Pedestrian -1 -1 -10 285.32 174.31 321.46 310.59 -1000 -1000 -1000 -10 -1 -1 -1
261 13854 Pedestrian -1 -1 -10 11.71 162.27 117.53 373.61 -1000 -1000 -1000 -10 -1 -1 -1
261 13855 Pedestrian -1 -1 -10 373.97 177.23 413.06 284.03 -1000 -1000 -1000 -10 -1 -1 -1
261 13856 Pedestrian -1 -1 -10 303.99 173.06 361.76 334.78 -1000 -1000 -1000 -10 -1 -1 -1
261 13857 Pedestrian -1 -1 -10 812.54 163.26 849.66 264.23 -1000 -1000 -1000 -10 -1 -1 -1
261 13858 Pedestrian -1 -1 -10 423.87 179.96 453.07 261.99 -1000 -1000 -1000 -10 -1 -1 -1
261 13859 Pedestrian -1 -1 -10 774.42 156.38 810.56 267.51 -1000 -1000 -1000 -10 -1 -1 -1
261 13860 Pedestrian -1 -1 -10 268.94 173.21 306.94 317.71 -1000 -1000 -1000 -10 -1 -1 -1
262 13861 Pedestrian -1 -1 -10 369.25 178.87 414.47 293.57 -1000 -1000 -1000 -10 -1 -1 -1
262 13862 Pedestrian -1 -1 -10 276.30 172.89 340.97 354.56 -1000 -1000 -1000 -10 -1 -1 -1
262 13863 Pedestrian -1 -1 -10 420.95 178.33 448.72 264.17 -1000 -1000 -1000 -10 -1 -1 -1
262 13864 Pedestrian -1 -1 -10 0.05 194.39 27.65 373.46 -1000 -1000 -1000 -10 -1 -1 -1
262 13865 Pedestrian -1 -1 -10 793.04 158.46 833.79 272.22 -1000 -1000 -1000 -10 -1 -1 -1
262 13866 Pedestrian -1 -1 -10 831.09 158.72 873.12 271.89 -1000 -1000 -1000 -10 -1 -1 -1
262 13867 Pedestrian -1 -1 -10 247.02 170.91 287.66 328.36 -1000 -1000 -1000 -10 -1 -1 -1
263 13868 Pedestrian -1 -1 -10 351.90 177.95 407.66 303.71 -1000 -1000 -1000 -10 -1 -1 -1
263 13869 Pedestrian -1 -1 -10 244.66 171.34 318.35 373.42 -1000 -1000 -1000 -10 -1 -1 -1
263 13870 Pedestrian -1 -1 -10 416.34 179.85 446.58 267.84 -1000 -1000 -1000 -10 -1 -1 -1
263 13871 Pedestrian -1 -1 -10 809.10 160.41 857.34 278.86 -1000 -1000 -1000 -10 -1 -1 -1
263 13872 Pedestrian -1 -1 -10 165.16 182.79 231.29 339.47 -1000 -1000 -1000 -10 -1 -1 -1
263 13873 Pedestrian -1 -1 -10 857.03 163.83 910.51 278.24 -1000 -1000 -1000 -10 -1 -1 -1
264 13874 Pedestrian -1 -1 -10 199.73 169.78 277.82 375.00 -1000 -1000 -1000 -10 -1 -1 -1
264 13875 Pedestrian -1 -1 -10 342.73 174.83 403.48 309.92 -1000 -1000 -1000 -10 -1 -1 -1
264 13876 Pedestrian -1 -1 -10 833.01 159.83 882.16 286.28 -1000 -1000 -1000 -10 -1 -1 -1
264 13877 Pedestrian -1 -1 -10 878.15 159.65 937.72 287.15 -1000 -1000 -1000 -10 -1 -1 -1
264 13878 Pedestrian -1 -1 -10 410.58 178.90 444.29 271.21 -1000 -1000 -1000 -10 -1 -1 -1
265 13879 Pedestrian -1 -1 -10 327.11 173.39 392.03 322.52 -1000 -1000 -1000 -10 -1 -1 -1
265 13880 Pedestrian -1 -1 -10 855.16 158.14 904.64 294.79 -1000 -1000 -1000 -10 -1 -1 -1
265 13881 Pedestrian -1 -1 -10 142.08 163.52 228.09 375.00 -1000 -1000 -1000 -10 -1 -1 -1
265 13882 Pedestrian -1 -1 -10 403.68 179.49 441.08 276.58 -1000 -1000 -1000 -10 -1 -1 -1
265 13883 Pedestrian -1 -1 -10 896.32 160.86 966.28 295.87 -1000 -1000 -1000 -10 -1 -1 -1
265 13884 Pedestrian -1 -1 -10 90.00 185.64 157.18 372.01 -1000 -1000 -1000 -10 -1 -1 -1
266 13886 Pedestrian -1 -1 -10 933.06 156.55 1000.38 304.32 -1000 -1000 -1000 -10 -1 -1 -1
266 13887 Pedestrian -1 -1 -10 881.86 151.80 938.83 303.82 -1000 -1000 -1000 -10 -1 -1 -1
266 13888 Pedestrian -1 -1 -10 305.24 176.66 377.13 341.65 -1000 -1000 -1000 -10 -1 -1 -1
266 13889 Pedestrian -1 -1 -10 58.97 161.62 166.46 373.28 -1000 -1000 -1000 -10 -1 -1 -1
266 13890 Pedestrian -1 -1 -10 399.63 180.83 438.42 278.56 -1000 -1000 -1000 -10 -1 -1 -1
267 13891 Pedestrian -1 -1 -10 280.38 179.00 357.29 358.32 -1000 -1000 -1000 -10 -1 -1 -1
267 13892 Pedestrian -1 -1 -10 390.24 178.47 434.50 279.41 -1000 -1000 -1000 -10 -1 -1 -1
267 13893 Pedestrian -1 -1 -10 0.15 165.12 69.87 371.81 -1000 -1000 -1000 -10 -1 -1 -1
267 13894 Pedestrian -1 -1 -10 972.54 152.12 1048.91 310.36 -1000 -1000 -1000 -10 -1 -1 -1
267 13895 Pedestrian -1 -1 -10 913.74 150.36 971.92 313.36 -1000 -1000 -1000 -10 -1 -1 -1
267 13896 Pedestrian -1 -1 -10 53.44 165.06 130.49 372.40 -1000 -1000 -1000 -10 -1 -1 -1
268 13898 Pedestrian -1 -1 -10 1011.12 148.12 1107.60 327.43 -1000 -1000 -1000 -10 -1 -1 -1
268 13899 Pedestrian -1 -1 -10 247.54 175.95 332.24 374.34 -1000 -1000 -1000 -10 -1 -1 -1
268 13900 Pedestrian -1 -1 -10 945.55 146.41 1011.48 328.25 -1000 -1000 -1000 -10 -1 -1 -1
268 13901 Pedestrian -1 -1 -10 382.16 176.01 423.34 283.65 -1000 -1000 -1000 -10 -1 -1 -1
268 13903 Pedestrian -1 -1 -10 0.18 159.95 55.01 372.48 -1000 -1000 -1000 -10 -1 -1 -1
269 13904 Pedestrian -1 -1 -10 1062.29 145.37 1178.27 345.52 -1000 -1000 -1000 -10 -1 -1 -1
269 13905 Pedestrian -1 -1 -10 198.40 173.71 301.51 373.09 -1000 -1000 -1000 -10 -1 -1 -1
269 13906 Pedestrian -1 -1 -10 984.03 142.50 1059.10 349.16 -1000 -1000 -1000 -10 -1 -1 -1
269 13907 Pedestrian -1 -1 -10 372.91 179.61 416.83 288.18 -1000 -1000 -1000 -10 -1 -1 -1
270 13909 Pedestrian -1 -1 -10 1116.20 142.97 1241.66 369.62 -1000 -1000 -1000 -10 -1 -1 -1
270 13910 Pedestrian -1 -1 -10 117.84 174.58 255.70 374.26 -1000 -1000 -1000 -10 -1 -1 -1
270 13911 Pedestrian -1 -1 -10 364.13 180.31 408.70 296.60 -1000 -1000 -1000 -10 -1 -1 -1
270 13912 Pedestrian -1 -1 -10 1027.76 142.75 1114.91 374.86 -1000 -1000 -1000 -10 -1 -1 -1
270 13913 Pedestrian -1 -1 -10 446.61 173.57 465.56 228.54 -1000 -1000 -1000 -10 -1 -1 -1
271 13915 Pedestrian -1 -1 -10 22.67 173.39 192.44 373.10 -1000 -1000 -1000 -10 -1 -1 -1
271 13916 Pedestrian -1 -1 -10 1100.90 139.00 1188.10 373.52 -1000 -1000 -1000 -10 -1 -1 -1
271 13917 Pedestrian -1 -1 -10 352.81 176.28 397.33 302.19 -1000 -1000 -1000 -10 -1 -1 -1
271 13919 Pedestrian -1 -1 -10 444.62 173.20 463.69 228.80 -1000 -1000 -1000 -10 -1 -1 -1
272 13920 Pedestrian -1 -1 -10 0.01 172.86 93.36 372.90 -1000 -1000 -1000 -10 -1 -1 -1
272 13921 Pedestrian -1 -1 -10 1180.84 130.42 1241.70 374.36 -1000 -1000 -1000 -10 -1 -1 -1
272 13922 Pedestrian -1 -1 -10 340.82 176.77 390.24 308.19 -1000 -1000 -1000 -10 -1 -1 -1
272 13923 Pedestrian -1 -1 -10 445.07 177.11 464.33 231.55 -1000 -1000 -1000 -10 -1 -1 -1
273 13924 Pedestrian -1 -1 -10 326.26 176.61 381.92 316.52 -1000 -1000 -1000 -10 -1 -1 -1
273 13925 Pedestrian -1 -1 -10 422.81 182.23 441.52 238.96 -1000 -1000 -1000 -10 -1 -1 -1
273 13926 Pedestrian -1 -1 -10 444.27 178.97 463.79 237.62 -1000 -1000 -1000 -10 -1 -1 -1
274 13927 Pedestrian -1 -1 -10 311.15 184.19 372.04 329.92 -1000 -1000 -1000 -10 -1 -1 -1
274 13928 Pedestrian -1 -1 -10 421.66 179.92 440.84 238.49 -1000 -1000 -1000 -10 -1 -1 -1
274 13929 Pedestrian -1 -1 -10 444.55 182.07 462.74 240.94 -1000 -1000 -1000 -10 -1 -1 -1
275 13930 Pedestrian -1 -1 -10 299.08 185.27 362.19 342.47 -1000 -1000 -1000 -10 -1 -1 -1
275 13931 Pedestrian -1 -1 -10 418.47 182.70 440.98 244.33 -1000 -1000 -1000 -10 -1 -1 -1
275 13932 Pedestrian -1 -1 -10 441.39 184.32 461.42 243.85 -1000 -1000 -1000 -10 -1 -1 -1
276 13934 Pedestrian -1 -1 -10 277.92 184.49 348.36 350.20 -1000 -1000 -1000 -10 -1 -1 -1
276 13935 Pedestrian -1 -1 -10 417.01 178.50 439.54 245.83 -1000 -1000 -1000 -10 -1 -1 -1
276 13936 Pedestrian -1 -1 -10 438.90 181.75 459.47 245.52 -1000 -1000 -1000 -10 -1 -1 -1
277 13937 Pedestrian -1 -1 -10 251.24 180.79 331.60 356.86 -1000 -1000 -1000 -10 -1 -1 -1
277 13940 Pedestrian -1 -1 -10 436.72 181.35 459.28 246.46 -1000 -1000 -1000 -10 -1 -1 -1
277 13941 Pedestrian -1 -1 -10 412.31 176.03 437.76 247.23 -1000 -1000 -1000 -10 -1 -1 -1
278 13942 Pedestrian -1 -1 -10 217.21 177.52 311.29 372.12 -1000 -1000 -1000 -10 -1 -1 -1
278 13943 Pedestrian -1 -1 -10 434.84 179.55 458.97 246.11 -1000 -1000 -1000 -10 -1 -1 -1
278 13944 Pedestrian -1 -1 -10 408.73 175.88 434.04 246.08 -1000 -1000 -1000 -10 -1 -1 -1
279 13945 Pedestrian -1 -1 -10 182.34 182.79 283.82 372.61 -1000 -1000 -1000 -10 -1 -1 -1
279 13946 Pedestrian -1 -1 -10 428.38 178.97 452.76 249.10 -1000 -1000 -1000 -10 -1 -1 -1
279 13947 Pedestrian -1 -1 -10 404.63 173.73 427.70 248.28 -1000 -1000 -1000 -10 -1 -1 -1
279 13948 Pedestrian -1 -1 -10 355.64 186.67 376.98 265.35 -1000 -1000 -1000 -10 -1 -1 -1
279 13949 Pedestrian -1 -1 -10 1218.73 207.91 1241.62 299.99 -1000 -1000 -1000 -10 -1 -1 -1
279 13950 Pedestrian -1 -1 -10 325.69 186.79 360.39 269.87 -1000 -1000 -1000 -10 -1 -1 -1
280 13951 Pedestrian -1 -1 -10 139.09 181.11 254.57 374.09 -1000 -1000 -1000 -10 -1 -1 -1
280 13952 Pedestrian -1 -1 -10 426.69 176.70 451.71 250.99 -1000 -1000 -1000 -10 -1 -1 -1
280 13953 Pedestrian -1 -1 -10 403.31 177.07 426.12 249.15 -1000 -1000 -1000 -10 -1 -1 -1
280 13954 Pedestrian -1 -1 -10 310.83 181.98 347.53 275.63 -1000 -1000 -1000 -10 -1 -1 -1
281 13955 Pedestrian -1 -1 -10 88.48 181.53 214.75 373.34 -1000 -1000 -1000 -10 -1 -1 -1
281 13956 Pedestrian -1 -1 -10 423.49 179.39 449.50 255.91 -1000 -1000 -1000 -10 -1 -1 -1
281 13957 Pedestrian -1 -1 -10 398.31 173.39 422.63 253.65 -1000 -1000 -1000 -10 -1 -1 -1
281 13958 Pedestrian -1 -1 -10 1115.35 175.03 1160.48 288.96 -1000 -1000 -1000 -10 -1 -1 -1
282 13959 Pedestrian -1 -1 -10 32.93 178.47 155.14 373.24 -1000 -1000 -1000 -10 -1 -1 -1
282 13960 Pedestrian -1 -1 -10 418.47 183.05 446.28 261.15 -1000 -1000 -1000 -10 -1 -1 -1
282 13961 Pedestrian -1 -1 -10 665.23 178.10 686.59 242.80 -1000 -1000 -1000 -10 -1 -1 -1
282 13962 Pedestrian -1 -1 -10 393.07 174.25 417.63 248.05 -1000 -1000 -1000 -10 -1 -1 -1
282 13963 Pedestrian -1 -1 -10 1142.73 179.20 1205.99 297.53 -1000 -1000 -1000 -10 -1 -1 -1
282 13964 Pedestrian -1 -1 -10 275.22 183.50 324.55 292.30 -1000 -1000 -1000 -10 -1 -1 -1
283 13965 Pedestrian -1 -1 -10 0.00 180.05 74.72 373.25 -1000 -1000 -1000 -10 -1 -1 -1
283 13966 Pedestrian -1 -1 -10 413.06 180.06 440.75 264.69 -1000 -1000 -1000 -10 -1 -1 -1
283 13967 Pedestrian -1 -1 -10 669.70 179.47 691.21 244.75 -1000 -1000 -1000 -10 -1 -1 -1
283 13968 Pedestrian -1 -1 -10 385.04 175.18 411.63 263.63 -1000 -1000 -1000 -10 -1 -1 -1
284 13970 Pedestrian -1 -1 -10 405.65 177.33 437.21 270.08 -1000 -1000 -1000 -10 -1 -1 -1
284 13971 Pedestrian -1 -1 -10 376.27 172.91 405.18 267.16 -1000 -1000 -1000 -10 -1 -1 -1
284 13972 Pedestrian -1 -1 -10 674.74 178.45 698.18 246.93 -1000 -1000 -1000 -10 -1 -1 -1
284 13973 Pedestrian -1 -1 -10 333.77 202.42 367.80 277.93 -1000 -1000 -1000 -10 -1 -1 -1
285 13974 Pedestrian -1 -1 -10 397.31 175.97 429.94 273.68 -1000 -1000 -1000 -10 -1 -1 -1
285 13975 Pedestrian -1 -1 -10 367.76 174.07 398.71 271.27 -1000 -1000 -1000 -10 -1 -1 -1
285 13976 Pedestrian -1 -1 -10 318.77 206.14 353.64 280.54 -1000 -1000 -1000 -10 -1 -1 -1
285 13977 Pedestrian -1 -1 -10 682.38 177.57 708.45 249.52 -1000 -1000 -1000 -10 -1 -1 -1
286 13978 Pedestrian -1 -1 -10 356.02 173.82 388.49 275.04 -1000 -1000 -1000 -10 -1 -1 -1
286 13979 Pedestrian -1 -1 -10 389.65 177.06 422.22 279.76 -1000 -1000 -1000 -10 -1 -1 -1
286 13980 Pedestrian -1 -1 -10 688.00 178.51 713.45 253.85 -1000 -1000 -1000 -10 -1 -1 -1
286 13981 Pedestrian -1 -1 -10 302.14 202.68 337.39 288.73 -1000 -1000 -1000 -10 -1 -1 -1
287 13982 Pedestrian -1 -1 -10 376.26 178.96 412.93 289.06 -1000 -1000 -1000 -10 -1 -1 -1
287 13983 Pedestrian -1 -1 -10 342.10 173.19 375.27 284.16 -1000 -1000 -1000 -10 -1 -1 -1
287 13984 Pedestrian -1 -1 -10 696.25 177.27 722.91 257.76 -1000 -1000 -1000 -10 -1 -1 -1
288 13985 Pedestrian -1 -1 -10 360.48 178.34 400.62 296.09 -1000 -1000 -1000 -10 -1 -1 -1
288 13986 Pedestrian -1 -1 -10 327.40 171.13 361.73 291.85 -1000 -1000 -1000 -10 -1 -1 -1
288 13987 Pedestrian -1 -1 -10 702.81 173.65 729.91 260.98 -1000 -1000 -1000 -10 -1 -1 -1
289 13988 Pedestrian -1 -1 -10 344.34 177.09 385.67 304.74 -1000 -1000 -1000 -10 -1 -1 -1
289 13989 Pedestrian -1 -1 -10 308.45 169.68 347.07 298.26 -1000 -1000 -1000 -10 -1 -1 -1
289 13990 Pedestrian -1 -1 -10 710.84 173.62 740.06 264.62 -1000 -1000 -1000 -10 -1 -1 -1
290 13991 Pedestrian -1 -1 -10 287.06 166.60 327.97 306.70 -1000 -1000 -1000 -10 -1 -1 -1
290 13992 Pedestrian -1 -1 -10 324.89 176.71 371.52 315.61 -1000 -1000 -1000 -10 -1 -1 -1
290 13993 Pedestrian -1 -1 -10 717.69 170.90 748.78 267.77 -1000 -1000 -1000 -10 -1 -1 -1
291 13994 Pedestrian -1 -1 -10 303.08 175.92 351.02 324.83 -1000 -1000 -1000 -10 -1 -1 -1
291 13995 Pedestrian -1 -1 -10 261.85 165.15 305.13 316.81 -1000 -1000 -1000 -10 -1 -1 -1
291 13996 Pedestrian -1 -1 -10 726.81 168.02 759.88 271.57 -1000 -1000 -1000 -10 -1 -1 -1
292 13997 Pedestrian -1 -1 -10 230.26 165.68 278.06 329.10 -1000 -1000 -1000 -10 -1 -1 -1
292 13998 Pedestrian -1 -1 -10 272.51 174.53 330.64 339.80 -1000 -1000 -1000 -10 -1 -1 -1
292 14000 Pedestrian -1 -1 -10 732.47 165.98 773.94 279.75 -1000 -1000 -1000 -10 -1 -1 -1
293 14001 Pedestrian -1 -1 -10 236.76 173.31 299.97 357.81 -1000 -1000 -1000 -10 -1 -1 -1
293 14002 Pedestrian -1 -1 -10 189.49 160.81 245.20 345.61 -1000 -1000 -1000 -10 -1 -1 -1
293 14003 Pedestrian -1 -1 -10 748.37 169.37 788.29 287.67 -1000 -1000 -1000 -10 -1 -1 -1
294 14004 Pedestrian -1 -1 -10 138.50 160.55 204.63 372.59 -1000 -1000 -1000 -10 -1 -1 -1
294 14005 Pedestrian -1 -1 -10 190.43 175.01 264.79 373.45 -1000 -1000 -1000 -10 -1 -1 -1
294 14006 Pedestrian -1 -1 -10 765.33 166.47 806.95 295.22 -1000 -1000 -1000 -10 -1 -1 -1
294 14007 Pedestrian -1 -1 -10 495.94 170.93 513.74 224.43 -1000 -1000 -1000 -10 -1 -1 -1
294 14008 Pedestrian -1 -1 -10 745.03 171.90 767.20 217.67 -1000 -1000 -1000 -10 -1 -1 -1
294 14009 Pedestrian -1 -1 -10 448.43 184.89 469.53 242.95 -1000 -1000 -1000 -10 -1 -1 -1
295 14010 Pedestrian -1 -1 -10 128.25 173.53 220.58 373.77 -1000 -1000 -1000 -10 -1 -1 -1
295 14011 Pedestrian -1 -1 -10 67.84 159.33 150.40 371.91 -1000 -1000 -1000 -10 -1 -1 -1
295 14012 Pedestrian -1 -1 -10 781.23 164.92 822.48 303.02 -1000 -1000 -1000 -10 -1 -1 -1
295 14013 Pedestrian -1 -1 -10 493.18 165.01 513.68 225.66 -1000 -1000 -1000 -10 -1 -1 -1
296 14014 Pedestrian -1 -1 -10 33.81 172.57 159.54 374.21 -1000 -1000 -1000 -10 -1 -1 -1
296 14015 Pedestrian -1 -1 -10 0.00 155.48 81.15 372.21 -1000 -1000 -1000 -10 -1 -1 -1
296 14016 Pedestrian -1 -1 -10 797.14 160.53 847.57 314.82 -1000 -1000 -1000 -10 -1 -1 -1
296 14017 Pedestrian -1 -1 -10 758.47 171.41 779.24 216.36 -1000 -1000 -1000 -10 -1 -1 -1
296 14018 Pedestrian -1 -1 -10 434.68 170.22 460.82 250.19 -1000 -1000 -1000 -10 -1 -1 -1
296 14020 Pedestrian -1 -1 -10 492.88 169.82 511.27 225.79 -1000 -1000 -1000 -10 -1 -1 -1
297 14022 Pedestrian -1 -1 -10 0.00 171.93 72.10 373.09 -1000 -1000 -1000 -10 -1 -1 -1
297 14023 Pedestrian -1 -1 -10 820.38 163.93 876.28 327.95 -1000 -1000 -1000 -10 -1 -1 -1
297 14024 Pedestrian -1 -1 -10 426.90 168.39 458.39 254.29 -1000 -1000 -1000 -10 -1 -1 -1
297 14025 Pedestrian -1 -1 -10 487.70 163.11 508.93 232.07 -1000 -1000 -1000 -10 -1 -1 -1
298 14026 Pedestrian -1 -1 -10 844.11 161.66 904.64 343.75 -1000 -1000 -1000 -10 -1 -1 -1
298 14027 Pedestrian -1 -1 -10 417.05 170.78 452.01 259.41 -1000 -1000 -1000 -10 -1 -1 -1
298 14028 Pedestrian -1 -1 -10 770.33 170.12 795.19 220.50 -1000 -1000 -1000 -10 -1 -1 -1
298 14029 Pedestrian -1 -1 -10 484.71 165.57 508.04 235.30 -1000 -1000 -1000 -10 -1 -1 -1
299 14030 Pedestrian -1 -1 -10 875.58 160.69 948.15 371.06 -1000 -1000 -1000 -10 -1 -1 -1
299 14031 Pedestrian -1 -1 -10 479.98 166.92 500.18 239.84 -1000 -1000 -1000 -10 -1 -1 -1
299 14032 Pedestrian -1 -1 -10 406.47 169.85 440.49 264.65 -1000 -1000 -1000 -10 -1 -1 -1
300 14033 Pedestrian -1 -1 -10 910.68 158.08 977.35 372.79 -1000 -1000 -1000 -10 -1 -1 -1
300 14034 Pedestrian -1 -1 -10 389.32 172.13 428.32 271.25 -1000 -1000 -1000 -10 -1 -1 -1
300 14035 Pedestrian -1 -1 -10 470.10 172.50 494.51 244.86 -1000 -1000 -1000 -10 -1 -1 -1
300 14036 Pedestrian -1 -1 -10 784.02 171.72 809.52 225.57 -1000 -1000 -1000 -10 -1 -1 -1
301 14038 Pedestrian -1 -1 -10 959.33 158.57 1036.85 373.13 -1000 -1000 -1000 -10 -1 -1 -1
301 14039 Pedestrian -1 -1 -10 463.84 170.48 488.86 254.20 -1000 -1000 -1000 -10 -1 -1 -1
301 14040 Pedestrian -1 -1 -10 376.59 173.85 418.76 277.89 -1000 -1000 -1000 -10 -1 -1 -1
302 14041 Pedestrian -1 -1 -10 1022.87 156.45 1120.42 373.42 -1000 -1000 -1000 -10 -1 -1 -1
302 14042 Pedestrian -1 -1 -10 364.32 171.12 403.48 287.62 -1000 -1000 -1000 -10 -1 -1 -1
302 14043 Pedestrian -1 -1 -10 453.15 168.74 481.77 260.94 -1000 -1000 -1000 -10 -1 -1 -1
302 14044 Pedestrian -1 -1 -10 795.24 172.57 828.60 231.06 -1000 -1000 -1000 -10 -1 -1 -1
302 14045 Pedestrian -1 -1 -10 545.16 180.91 557.18 216.34 -1000 -1000 -1000 -10 -1 -1 -1
303 14046 Pedestrian -1 -1 -10 1111.90 151.76 1241.54 373.62 -1000 -1000 -1000 -10 -1 -1 -1
303 14047 Pedestrian -1 -1 -10 337.79 171.47 384.83 294.85 -1000 -1000 -1000 -10 -1 -1 -1
303 14048 Pedestrian -1 -1 -10 442.70 165.41 472.30 267.35 -1000 -1000 -1000 -10 -1 -1 -1
303 14049 Pedestrian -1 -1 -10 802.28 171.66 835.28 231.68 -1000 -1000 -1000 -10 -1 -1 -1
303 14050 Pedestrian -1 -1 -10 543.06 178.89 555.98 220.73 -1000 -1000 -1000 -10 -1 -1 -1
304 14051 Pedestrian -1 -1 -10 307.37 171.62 365.27 302.64 -1000 -1000 -1000 -10 -1 -1 -1
304 14053 Pedestrian -1 -1 -10 810.78 170.25 842.10 231.62 -1000 -1000 -1000 -10 -1 -1 -1
304 14054 Pedestrian -1 -1 -10 429.30 163.13 464.52 272.77 -1000 -1000 -1000 -10 -1 -1 -1
305 14056 Pedestrian -1 -1 -10 282.40 171.77 340.33 317.22 -1000 -1000 -1000 -10 -1 -1 -1
305 14057 Pedestrian -1 -1 -10 418.80 159.94 452.98 273.98 -1000 -1000 -1000 -10 -1 -1 -1
305 14061 Pedestrian -1 -1 -10 822.38 172.07 854.09 234.73 -1000 -1000 -1000 -10 -1 -1 -1
306 14062 Pedestrian -1 -1 -10 235.24 169.81 309.61 326.29 -1000 -1000 -1000 -10 -1 -1 -1
306 14065 Pedestrian -1 -1 -10 394.47 159.75 439.13 277.92 -1000 -1000 -1000 -10 -1 -1 -1
306 14066 Pedestrian -1 -1 -10 832.27 169.81 862.84 237.14 -1000 -1000 -1000 -10 -1 -1 -1
307 14067 Pedestrian -1 -1 -10 169.45 169.23 265.55 357.29 -1000 -1000 -1000 -10 -1 -1 -1
307 14069 Pedestrian -1 -1 -10 363.79 155.14 418.86 297.41 -1000 -1000 -1000 -10 -1 -1 -1
307 14071 Pedestrian -1 -1 -10 844.06 168.19 873.91 237.12 -1000 -1000 -1000 -10 -1 -1 -1
308 14073 Pedestrian -1 -1 -10 89.33 165.44 209.83 373.42 -1000 -1000 -1000 -10 -1 -1 -1
308 14075 Pedestrian -1 -1 -10 328.53 154.60 407.10 319.67 -1000 -1000 -1000 -10 -1 -1 -1
308 14076 Pedestrian -1 -1 -10 527.36 176.90 542.84 225.46 -1000 -1000 -1000 -10 -1 -1 -1
308 14078 Pedestrian -1 -1 -10 856.90 170.59 888.47 242.43 -1000 -1000 -1000 -10 -1 -1 -1
309 14080 Pedestrian -1 -1 -10 0.00 169.34 129.74 374.28 -1000 -1000 -1000 -10 -1 -1 -1
309 14081 Pedestrian -1 -1 -10 282.28 153.99 367.00 344.36 -1000 -1000 -1000 -10 -1 -1 -1
309 14082 Pedestrian -1 -1 -10 867.03 168.86 902.51 245.95 -1000 -1000 -1000 -10 -1 -1 -1
309 14084 Pedestrian -1 -1 -10 526.20 178.43 543.15 222.36 -1000 -1000 -1000 -10 -1 -1 -1
310 14085 Pedestrian -1 -1 -10 215.79 151.05 329.39 368.50 -1000 -1000 -1000 -10 -1 -1 -1
310 14087 Pedestrian -1 -1 -10 877.87 169.63 918.64 251.13 -1000 -1000 -1000 -10 -1 -1 -1
310 14088 Pedestrian -1 -1 -10 522.61 178.67 542.60 225.42 -1000 -1000 -1000 -10 -1 -1 -1
311 14089 Pedestrian -1 -1 -10 132.06 148.10 265.08 373.62 -1000 -1000 -1000 -10 -1 -1 -1
311 14090 Pedestrian -1 -1 -10 895.52 171.22 935.43 253.70 -1000 -1000 -1000 -10 -1 -1 -1
312 14091 Pedestrian -1 -1 -10 0.42 138.82 176.11 373.27 -1000 -1000 -1000 -10 -1 -1 -1
312 14092 Pedestrian -1 -1 -10 910.54 167.24 954.95 257.26 -1000 -1000 -1000 -10 -1 -1 -1
312 14093 Pedestrian -1 -1 -10 496.71 178.75 513.64 239.17 -1000 -1000 -1000 -10 -1 -1 -1
313 14094 Pedestrian -1 -1 -10 928.67 166.59 973.50 261.08 -1000 -1000 -1000 -10 -1 -1 -1
313 14096 Pedestrian -1 -1 -10 492.98 176.86 512.23 239.65 -1000 -1000 -1000 -10 -1 -1 -1
313 14097 Pedestrian -1 -1 -10 511.80 177.67 532.75 238.57 -1000 -1000 -1000 -10 -1 -1 -1
314 14098 Pedestrian -1 -1 -10 948.51 164.75 1002.81 265.49 -1000 -1000 -1000 -10 -1 -1 -1
314 14099 Pedestrian -1 -1 -10 507.92 175.81 527.32 236.87 -1000 -1000 -1000 -10 -1 -1 -1
315 14102 Pedestrian -1 -1 -10 970.66 160.29 1029.23 270.18 -1000 -1000 -1000 -10 -1 -1 -1
315 14103 Pedestrian -1 -1 -10 486.50 173.79 505.75 238.49 -1000 -1000 -1000 -10 -1 -1 -1
315 14104 Pedestrian -1 -1 -10 504.69 175.94 526.29 239.41 -1000 -1000 -1000 -10 -1 -1 -1
316 14105 Pedestrian -1 -1 -10 479.21 172.59 502.70 239.94 -1000 -1000 -1000 -10 -1 -1 -1
316 14106 Pedestrian -1 -1 -10 994.45 156.06 1057.42 275.59 -1000 -1000 -1000 -10 -1 -1 -1
317 14108 Pedestrian -1 -1 -10 1024.43 155.79 1095.76 282.60 -1000 -1000 -1000 -10 -1 -1 -1
317 14109 Pedestrian -1 -1 -10 473.84 179.06 498.19 245.84 -1000 -1000 -1000 -10 -1 -1 -1
317 14110 Pedestrian -1 -1 -10 495.67 177.66 522.00 242.04 -1000 -1000 -1000 -10 -1 -1 -1
318 14111 Pedestrian -1 -1 -10 1056.85 155.96 1136.87 292.20 -1000 -1000 -1000 -10 -1 -1 -1
318 14112 Pedestrian -1 -1 -10 467.86 175.20 492.86 248.22 -1000 -1000 -1000 -10 -1 -1 -1
318 14113 Pedestrian -1 -1 -10 493.03 171.95 520.72 246.42 -1000 -1000 -1000 -10 -1 -1 -1
319 14114 Pedestrian -1 -1 -10 463.87 174.99 485.59 251.98 -1000 -1000 -1000 -10 -1 -1 -1
319 14115 Pedestrian -1 -1 -10 1096.36 150.31 1186.94 303.73 -1000 -1000 -1000 -10 -1 -1 -1
319 14116 Pedestrian -1 -1 -10 487.78 180.02 515.17 250.96 -1000 -1000 -1000 -10 -1 -1 -1
319 14118 Pedestrian -1 -1 -10 692.42 164.89 714.02 227.62 -1000 -1000 -1000 -10 -1 -1 -1
320 14119 Pedestrian -1 -1 -10 485.38 183.39 515.16 254.43 -1000 -1000 -1000 -10 -1 -1 -1
320 14120 Pedestrian -1 -1 -10 1144.04 153.80 1240.72 313.69 -1000 -1000 -1000 -10 -1 -1 -1
320 14121 Pedestrian -1 -1 -10 458.06 175.25 486.26 257.54 -1000 -1000 -1000 -10 -1 -1 -1
321 14124 Pedestrian -1 -1 -10 450.59 180.43 478.72 258.29 -1000 -1000 -1000 -10 -1 -1 -1
321 14125 Pedestrian -1 -1 -10 482.16 181.93 509.54 255.72 -1000 -1000 -1000 -10 -1 -1 -1
321 14126 Pedestrian -1 -1 -10 415.15 169.86 436.36 229.92 -1000 -1000 -1000 -10 -1 -1 -1
321 14127 Pedestrian -1 -1 -10 1198.21 108.29 1241.68 329.47 -1000 -1000 -1000 -10 -1 -1 -1
322 14128 Pedestrian -1 -1 -10 445.80 174.54 475.40 262.56 -1000 -1000 -1000 -10 -1 -1 -1
322 14129 Pedestrian -1 -1 -10 476.78 177.46 504.75 259.52 -1000 -1000 -1000 -10 -1 -1 -1
322 14130 Pedestrian -1 -1 -10 712.32 161.37 734.06 223.67 -1000 -1000 -1000 -10 -1 -1 -1
322 14131 Pedestrian -1 -1 -10 409.44 170.84 431.77 230.03 -1000 -1000 -1000 -10 -1 -1 -1
323 14132 Pedestrian -1 -1 -10 472.99 179.64 500.26 262.36 -1000 -1000 -1000 -10 -1 -1 -1
323 14133 Pedestrian -1 -1 -10 440.43 179.92 469.86 265.56 -1000 -1000 -1000 -10 -1 -1 -1
323 14134 Pedestrian -1 -1 -10 404.55 169.02 427.58 233.30 -1000 -1000 -1000 -10 -1 -1 -1
324 14135 Pedestrian -1 -1 -10 467.75 178.78 495.65 267.93 -1000 -1000 -1000 -10 -1 -1 -1
324 14136 Pedestrian -1 -1 -10 434.34 171.31 462.96 269.64 -1000 -1000 -1000 -10 -1 -1 -1
324 14137 Pedestrian -1 -1 -10 397.52 172.75 420.64 234.99 -1000 -1000 -1000 -10 -1 -1 -1
325 14138 Pedestrian -1 -1 -10 461.08 180.95 493.75 273.21 -1000 -1000 -1000 -10 -1 -1 -1
325 14139 Pedestrian -1 -1 -10 426.93 174.68 458.50 278.18 -1000 -1000 -1000 -10 -1 -1 -1
325 14140 Pedestrian -1 -1 -10 728.58 158.84 754.40 234.06 -1000 -1000 -1000 -10 -1 -1 -1
326 14141 Pedestrian -1 -1 -10 417.87 173.09 447.59 281.45 -1000 -1000 -1000 -10 -1 -1 -1
326 14142 Pedestrian -1 -1 -10 453.14 185.11 489.19 279.21 -1000 -1000 -1000 -10 -1 -1 -1
326 14143 Pedestrian -1 -1 -10 736.32 160.92 762.76 238.81 -1000 -1000 -1000 -10 -1 -1 -1
326 14144 Pedestrian -1 -1 -10 706.12 158.93 728.11 232.36 -1000 -1000 -1000 -10 -1 -1 -1
327 14145 Pedestrian -1 -1 -10 407.11 174.20 442.79 292.17 -1000 -1000 -1000 -10 -1 -1 -1
327 14146 Pedestrian -1 -1 -10 446.31 179.36 485.84 285.62 -1000 -1000 -1000 -10 -1 -1 -1
327 14147 Pedestrian -1 -1 -10 711.15 158.21 736.17 240.75 -1000 -1000 -1000 -10 -1 -1 -1
327 14148 Pedestrian -1 -1 -10 741.91 157.17 774.80 242.06 -1000 -1000 -1000 -10 -1 -1 -1
327 14149 Pedestrian -1 -1 -10 369.86 176.22 402.51 245.75 -1000 -1000 -1000 -10 -1 -1 -1
328 14152 Pedestrian -1 -1 -10 393.61 172.39 432.47 293.95 -1000 -1000 -1000 -10 -1 -1 -1
328 14153 Pedestrian -1 -1 -10 439.57 184.59 478.96 293.01 -1000 -1000 -1000 -10 -1 -1 -1
328 14154 Pedestrian -1 -1 -10 360.39 176.61 391.04 249.24 -1000 -1000 -1000 -10 -1 -1 -1
328 14155 Pedestrian -1 -1 -10 717.01 160.36 743.38 241.68 -1000 -1000 -1000 -10 -1 -1 -1
328 14156 Pedestrian -1 -1 -10 755.44 161.07 779.48 236.65 -1000 -1000 -1000 -10 -1 -1 -1
329 14157 Pedestrian -1 -1 -10 378.80 168.10 423.01 299.18 -1000 -1000 -1000 -10 -1 -1 -1
329 14158 Pedestrian -1 -1 -10 425.10 181.20 471.79 297.96 -1000 -1000 -1000 -10 -1 -1 -1
329 14159 Pedestrian -1 -1 -10 760.50 158.63 789.94 245.89 -1000 -1000 -1000 -10 -1 -1 -1
329 14160 Pedestrian -1 -1 -10 349.93 172.78 379.73 252.43 -1000 -1000 -1000 -10 -1 -1 -1
330 14161 Pedestrian -1 -1 -10 364.14 170.01 410.89 306.22 -1000 -1000 -1000 -10 -1 -1 -1
330 14162 Pedestrian -1 -1 -10 729.52 157.67 759.32 253.11 -1000 -1000 -1000 -10 -1 -1 -1
330 14163 Pedestrian -1 -1 -10 414.10 183.18 460.30 307.57 -1000 -1000 -1000 -10 -1 -1 -1
330 14164 Pedestrian -1 -1 -10 769.14 157.31 798.59 250.68 -1000 -1000 -1000 -10 -1 -1 -1
330 14165 Pedestrian -1 -1 -10 334.58 174.18 366.01 255.94 -1000 -1000 -1000 -10 -1 -1 -1
330 14166 Pedestrian -1 -1 -10 876.79 178.56 895.71 234.80 -1000 -1000 -1000 -10 -1 -1 -1
331 14167 Pedestrian -1 -1 -10 397.03 182.79 444.30 317.55 -1000 -1000 -1000 -10 -1 -1 -1
331 14168 Pedestrian -1 -1 -10 731.88 157.88 764.81 256.75 -1000 -1000 -1000 -10 -1 -1 -1
331 14169 Pedestrian -1 -1 -10 348.23 173.30 397.40 319.14 -1000 -1000 -1000 -10 -1 -1 -1
331 14170 Pedestrian -1 -1 -10 771.84 157.36 808.78 251.12 -1000 -1000 -1000 -10 -1 -1 -1
331 14171 Pedestrian -1 -1 -10 884.43 181.07 904.12 237.42 -1000 -1000 -1000 -10 -1 -1 -1
332 14172 Pedestrian -1 -1 -10 738.29 159.98 773.17 258.70 -1000 -1000 -1000 -10 -1 -1 -1
332 14173 Pedestrian -1 -1 -10 376.95 182.48 429.42 327.44 -1000 -1000 -1000 -10 -1 -1 -1
332 14174 Pedestrian -1 -1 -10 327.24 177.74 374.83 333.43 -1000 -1000 -1000 -10 -1 -1 -1
332 14175 Pedestrian -1 -1 -10 782.36 158.12 826.66 259.13 -1000 -1000 -1000 -10 -1 -1 -1
332 14176 Pedestrian -1 -1 -10 889.41 180.05 913.06 241.77 -1000 -1000 -1000 -10 -1 -1 -1
333 14177 Pedestrian -1 -1 -10 356.66 180.49 412.76 333.27 -1000 -1000 -1000 -10 -1 -1 -1
333 14178 Pedestrian -1 -1 -10 745.56 157.89 782.59 265.47 -1000 -1000 -1000 -10 -1 -1 -1
333 14179 Pedestrian -1 -1 -10 307.32 172.26 362.96 342.15 -1000 -1000 -1000 -10 -1 -1 -1
333 14180 Pedestrian -1 -1 -10 897.17 183.18 922.25 248.13 -1000 -1000 -1000 -10 -1 -1 -1
333 14182 Pedestrian -1 -1 -10 794.50 159.83 834.16 265.92 -1000 -1000 -1000 -10 -1 -1 -1
333 14183 Pedestrian -1 -1 -10 937.11 176.08 960.87 240.18 -1000 -1000 -1000 -10 -1 -1 -1
334 14184 Pedestrian -1 -1 -10 324.01 180.30 395.83 343.75 -1000 -1000 -1000 -10 -1 -1 -1
334 14185 Pedestrian -1 -1 -10 805.07 156.59 845.64 269.35 -1000 -1000 -1000 -10 -1 -1 -1
334 14186 Pedestrian -1 -1 -10 279.66 171.40 335.76 348.32 -1000 -1000 -1000 -10 -1 -1 -1
334 14187 Pedestrian -1 -1 -10 752.66 157.70 790.28 269.36 -1000 -1000 -1000 -10 -1 -1 -1
335 14189 Pedestrian -1 -1 -10 760.30 154.21 802.67 276.41 -1000 -1000 -1000 -10 -1 -1 -1
335 14190 Pedestrian -1 -1 -10 815.83 153.73 857.95 274.25 -1000 -1000 -1000 -10 -1 -1 -1
335 14191 Pedestrian -1 -1 -10 308.20 184.79 365.98 357.67 -1000 -1000 -1000 -10 -1 -1 -1
335 14192 Pedestrian -1 -1 -10 254.00 172.21 311.82 362.95 -1000 -1000 -1000 -10 -1 -1 -1
335 14193 Pedestrian -1 -1 -10 915.64 179.19 948.54 255.14 -1000 -1000 -1000 -10 -1 -1 -1
335 14194 Pedestrian -1 -1 -10 952.31 175.19 979.12 250.79 -1000 -1000 -1000 -10 -1 -1 -1
336 14196 Pedestrian -1 -1 -10 833.65 152.40 877.33 283.85 -1000 -1000 -1000 -10 -1 -1 -1
336 14197 Pedestrian -1 -1 -10 771.81 155.01 814.70 278.86 -1000 -1000 -1000 -10 -1 -1 -1
336 14198 Pedestrian -1 -1 -10 282.73 183.54 351.70 374.20 -1000 -1000 -1000 -10 -1 -1 -1
336 14199 Pedestrian -1 -1 -10 959.51 173.36 991.10 254.16 -1000 -1000 -1000 -10 -1 -1 -1
336 14200 Pedestrian -1 -1 -10 927.01 177.53 960.13 258.80 -1000 -1000 -1000 -10 -1 -1 -1
336 14201 Pedestrian -1 -1 -10 221.17 172.84 289.75 372.03 -1000 -1000 -1000 -10 -1 -1 -1
337 14202 Pedestrian -1 -1 -10 249.98 180.71 325.86 373.91 -1000 -1000 -1000 -10 -1 -1 -1
337 14203 Pedestrian -1 -1 -10 782.79 152.73 836.49 285.05 -1000 -1000 -1000 -10 -1 -1 -1
337 14204 Pedestrian -1 -1 -10 849.30 150.98 892.79 295.85 -1000 -1000 -1000 -10 -1 -1 -1
337 14205 Pedestrian -1 -1 -10 184.37 176.12 259.13 373.31 -1000 -1000 -1000 -10 -1 -1 -1
337 14206 Pedestrian -1 -1 -10 939.22 179.18 975.85 261.37 -1000 -1000 -1000 -10 -1 -1 -1
337 14207 Pedestrian -1 -1 -10 975.09 174.05 1006.07 253.25 -1000 -1000 -1000 -10 -1 -1 -1
338 14210 Pedestrian -1 -1 -10 796.17 149.76 846.36 288.54 -1000 -1000 -1000 -10 -1 -1 -1
338 14211 Pedestrian -1 -1 -10 204.82 177.53 295.62 373.23 -1000 -1000 -1000 -10 -1 -1 -1
338 14212 Pedestrian -1 -1 -10 866.94 149.82 914.24 292.97 -1000 -1000 -1000 -10 -1 -1 -1
338 14213 Pedestrian -1 -1 -10 955.87 180.55 991.92 269.75 -1000 -1000 -1000 -10 -1 -1 -1
338 14214 Pedestrian -1 -1 -10 990.99 174.99 1022.05 254.54 -1000 -1000 -1000 -10 -1 -1 -1
339 14216 Pedestrian -1 -1 -10 173.37 179.97 262.81 372.75 -1000 -1000 -1000 -10 -1 -1 -1
339 14217 Pedestrian -1 -1 -10 810.27 146.46 861.92 299.26 -1000 -1000 -1000 -10 -1 -1 -1
339 14218 Pedestrian -1 -1 -10 887.94 147.27 936.56 296.66 -1000 -1000 -1000 -10 -1 -1 -1
339 14219 Pedestrian -1 -1 -10 89.20 159.67 179.35 374.99 -1000 -1000 -1000 -10 -1 -1 -1
339 14220 Pedestrian -1 -1 -10 976.49 180.12 1009.10 276.33 -1000 -1000 -1000 -10 -1 -1 -1
339 14221 Pedestrian -1 -1 -10 1006.62 173.69 1035.88 256.19 -1000 -1000 -1000 -10 -1 -1 -1
