0 14223 Pedestrian -1 -1 -10 933.76 157.68 954.55 220.40 -1000 -1000 -1000 -10 -1 -1 -1
0 14224 Pedestrian -1 -1 -10 956.49 159.01 980.07 218.01 -1000 -1000 -1000 -10 -1 -1 -1
0 14225 Car -1 -1 -10 1055.94 156.44 1205.90 210.72 -1000 -1000 -1000 -10 -1 -1 -1
1 14226 Car -1 -1 -10 1057.31 154.57 1222.82 210.66 -1000 -1000 -1000 -10 -1 -1 -1
1 14227 Pedestrian -1 -1 -10 934.10 157.51 954.20 219.92 -1000 -1000 -1000 -10 -1 -1 -1
1 14228 Pedestrian -1 -1 -10 955.63 157.83 981.27 216.68 -1000 -1000 -1000 -10 -1 -1 -1
2 14229 Pedestrian -1 -1 -10 934.96 156.77 955.29 219.53 -1000 -1000 -1000 -10 -1 -1 -1
2 14230 Car -1 -1 -10 1057.93 155.35 1222.70 210.79 -1000 -1000 -1000 -10 -1 -1 -1
2 14231 Pedestrian -1 -1 -10 956.51 158.87 981.65 216.32 -1000 -1000 -1000 -10 -1 -1 -1
3 14232 Car -1 -1 -10 1058.41 150.77 1222.63 210.42 -1000 -1000 -1000 -10 -1 -1 -1
3 14233 Pedestrian -1 -1 -10 935.22 157.52 956.19 218.56 -1000 -1000 -1000 -10 -1 -1 -1
3 14234 Pedestrian -1 -1 -10 955.47 158.39 981.31 218.87 -1000 -1000 -1000 -10 -1 -1 -1
3 14235 Car -1 -1 -10 478.97 165.85 528.17 191.50 -1000 -1000 -1000 -10 -1 -1 -1
4 14236 Car -1 -1 -10 1060.60 153.82 1222.43 211.29 -1000 -1000 -1000 -10 -1 -1 -1
4 14237 Pedestrian -1 -1 -10 955.49 158.40 981.14 219.12 -1000 -1000 -1000 -10 -1 -1 -1
4 14238 Pedestrian -1 -1 -10 936.55 158.76 956.81 218.59 -1000 -1000 -1000 -10 -1 -1 -1
5 14239 Car -1 -1 -10 1062.05 155.62 1212.94 209.88 -1000 -1000 -1000 -10 -1 -1 -1
5 14240 Pedestrian -1 -1 -10 937.07 159.83 956.89 219.67 -1000 -1000 -1000 -10 -1 -1 -1
5 14241 Pedestrian -1 -1 -10 956.66 160.94 980.15 217.82 -1000 -1000 -1000 -10 -1 -1 -1
6 14242 Car -1 -1 -10 1067.21 155.16 1210.04 211.76 -1000 -1000 -1000 -10 -1 -1 -1
6 14243 Pedestrian -1 -1 -10 956.96 161.66 979.40 219.23 -1000 -1000 -1000 -10 -1 -1 -1
6 14244 Pedestrian -1 -1 -10 936.84 159.32 957.23 221.28 -1000 -1000 -1000 -10 -1 -1 -1
6 14245 Car -1 -1 -10 480.61 166.35 526.46 191.08 -1000 -1000 -1000 -10 -1 -1 -1
7 14246 Car -1 -1 -10 1069.70 157.81 1196.37 211.35 -1000 -1000 -1000 -10 -1 -1 -1
7 14247 Pedestrian -1 -1 -10 936.89 162.63 956.56 221.19 -1000 -1000 -1000 -10 -1 -1 -1
7 14248 Pedestrian -1 -1 -10 956.23 162.96 978.70 219.06 -1000 -1000 -1000 -10 -1 -1 -1
7 14249 Car -1 -1 -10 480.02 167.13 527.95 192.58 -1000 -1000 -1000 -10 -1 -1 -1
8 14250 Car -1 -1 -10 1071.84 156.42 1198.36 212.72 -1000 -1000 -1000 -10 -1 -1 -1
9 14251 Car -1 -1 -10 480.99 168.50 528.56 196.34 -1000 -1000 -1000 -10 -1 -1 -1
9 14252 Pedestrian -1 -1 -10 942.26 156.57 974.85 223.52 -1000 -1000 -1000 -10 -1 -1 -1
9 14253 Car -1 -1 -10 1078.48 156.89 1198.36 212.84 -1000 -1000 -1000 -10 -1 -1 -1
10 14254 Car -1 -1 -10 1082.33 156.37 1223.07 213.64 -1000 -1000 -1000 -10 -1 -1 -1
10 14255 Car -1 -1 -10 481.45 169.41 527.89 196.23 -1000 -1000 -1000 -10 -1 -1 -1
10 14256 Pedestrian -1 -1 -10 941.35 160.65 973.98 222.14 -1000 -1000 -1000 -10 -1 -1 -1
11 14258 Car -1 -1 -10 1087.52 156.78 1217.63 212.77 -1000 -1000 -1000 -10 -1 -1 -1
11 14259 Pedestrian -1 -1 -10 941.90 162.84 975.56 221.78 -1000 -1000 -1000 -10 -1 -1 -1
11 14260 Car -1 -1 -10 482.98 167.56 530.68 194.67 -1000 -1000 -1000 -10 -1 -1 -1
12 14261 Car -1 -1 -10 1096.02 156.00 1223.21 212.87 -1000 -1000 -1000 -10 -1 -1 -1
12 14262 Pedestrian -1 -1 -10 943.92 160.16 974.39 222.76 -1000 -1000 -1000 -10 -1 -1 -1
13 14264 Car -1 -1 -10 1105.20 156.54 1223.36 214.04 -1000 -1000 -1000 -10 -1 -1 -1
13 14265 Pedestrian -1 -1 -10 944.54 159.37 976.30 223.46 -1000 -1000 -1000 -10 -1 -1 -1
14 14266 Car -1 -1 -10 1116.78 156.77 1223.32 215.86 -1000 -1000 -1000 -10 -1 -1 -1
14 14267 Pedestrian -1 -1 -10 946.97 157.64 976.49 224.77 -1000 -1000 -1000 -10 -1 -1 -1
15 14268 Car -1 -1 -10 1130.84 157.24 1222.88 213.69 -1000 -1000 -1000 -10 -1 -1 -1
15 14269 Pedestrian -1 -1 -10 950.12 155.31 984.39 223.54 -1000 -1000 -1000 -10 -1 -1 -1
16 14271 Car -1 -1 -10 1146.52 156.82 1223.94 214.26 -1000 -1000 -1000 -10 -1 -1 -1
16 14272 Pedestrian -1 -1 -10 954.59 156.04 987.33 223.42 -1000 -1000 -1000 -10 -1 -1 -1
17 14273 Car -1 -1 -10 494.54 166.70 551.34 198.24 -1000 -1000 -1000 -10 -1 -1 -1
18 14276 Car -1 -1 -10 498.62 168.29 551.70 198.12 -1000 -1000 -1000 -10 -1 -1 -1
19 14277 Car -1 -1 -10 502.12 167.51 554.09 196.67 -1000 -1000 -1000 -10 -1 -1 -1
19 14278 Pedestrian -1 -1 -10 966.01 156.48 994.29 220.84 -1000 -1000 -1000 -10 -1 -1 -1
20 14280 Car -1 -1 -10 505.35 166.72 556.89 196.14 -1000 -1000 -1000 -10 -1 -1 -1
21 14281 Pedestrian -1 -1 -10 977.01 154.95 1005.75 220.49 -1000 -1000 -1000 -10 -1 -1 -1
21 14283 Car -1 -1 -10 508.70 165.16 562.42 196.48 -1000 -1000 -1000 -10 -1 -1 -1
22 14284 Pedestrian -1 -1 -10 981.85 154.12 1010.73 222.20 -1000 -1000 -1000 -10 -1 -1 -1
22 14285 Car -1 -1 -10 510.51 165.05 561.81 196.62 -1000 -1000 -1000 -10 -1 -1 -1
23 14287 Car -1 -1 -10 515.36 164.82 563.72 195.26 -1000 -1000 -1000 -10 -1 -1 -1
24 14288 Car -1 -1 -10 518.62 165.55 570.21 197.83 -1000 -1000 -1000 -10 -1 -1 -1
25 14291 Car -1 -1 -10 522.13 165.92 577.10 199.72 -1000 -1000 -1000 -10 -1 -1 -1
25 14292 Pedestrian -1 -1 -10 998.89 152.05 1029.93 220.76 -1000 -1000 -1000 -10 -1 -1 -1
26 14293 Pedestrian -1 -1 -10 1006.41 152.98 1037.49 219.32 -1000 -1000 -1000 -10 -1 -1 -1
26 14294 Car -1 -1 -10 524.40 164.17 576.81 198.93 -1000 -1000 -1000 -10 -1 -1 -1
26 14295 Pedestrian -1 -1 -10 981.20 169.99 998.69 223.08 -1000 -1000 -1000 -10 -1 -1 -1
27 14296 Car -1 -1 -10 527.33 162.79 579.14 199.02 -1000 -1000 -1000 -10 -1 -1 -1
27 14297 Pedestrian -1 -1 -10 1006.44 155.15 1044.56 221.02 -1000 -1000 -1000 -10 -1 -1 -1
28 14298 Car -1 -1 -10 528.40 163.43 581.67 199.56 -1000 -1000 -1000 -10 -1 -1 -1
28 14299 Pedestrian -1 -1 -10 1006.28 156.66 1051.76 223.46 -1000 -1000 -1000 -10 -1 -1 -1
29 14300 Car -1 -1 -10 528.38 164.68 580.07 200.26 -1000 -1000 -1000 -10 -1 -1 -1
29 14302 Pedestrian -1 -1 -10 1012.16 157.58 1049.57 226.32 -1000 -1000 -1000 -10 -1 -1 -1
30 14303 Car -1 -1 -10 524.82 166.61 576.50 203.50 -1000 -1000 -1000 -10 -1 -1 -1
31 14304 Car -1 -1 -10 520.17 167.16 572.18 204.23 -1000 -1000 -1000 -10 -1 -1 -1
31 14305 Pedestrian -1 -1 -10 1002.19 159.21 1039.37 236.31 -1000 -1000 -1000 -10 -1 -1 -1
32 14306 Car -1 -1 -10 511.91 168.71 564.52 205.24 -1000 -1000 -1000 -10 -1 -1 -1
32 14307 Pedestrian -1 -1 -10 995.10 161.87 1036.17 237.90 -1000 -1000 -1000 -10 -1 -1 -1
33 14308 Car -1 -1 -10 502.87 166.59 561.71 205.71 -1000 -1000 -1000 -10 -1 -1 -1
33 14309 Pedestrian -1 -1 -10 986.02 158.88 1029.56 240.49 -1000 -1000 -1000 -10 -1 -1 -1
34 14310 Car -1 -1 -10 492.47 164.93 552.11 204.71 -1000 -1000 -1000 -10 -1 -1 -1
35 14311 Car -1 -1 -10 481.34 164.72 542.31 205.93 -1000 -1000 -1000 -10 -1 -1 -1
35 14312 Pedestrian -1 -1 -10 958.69 158.76 997.67 223.66 -1000 -1000 -1000 -10 -1 -1 -1
36 14313 Car -1 -1 -10 467.11 166.83 522.92 209.81 -1000 -1000 -1000 -10 -1 -1 -1
37 14314 Car -1 -1 -10 451.78 166.84 515.27 211.46 -1000 -1000 -1000 -10 -1 -1 -1
37 14315 Pedestrian -1 -1 -10 933.95 158.03 967.05 224.79 -1000 -1000 -1000 -10 -1 -1 -1
38 14316 Car -1 -1 -10 433.92 166.14 497.53 213.52 -1000 -1000 -1000 -10 -1 -1 -1
38 14317 Pedestrian -1 -1 -10 918.06 155.81 964.25 223.09 -1000 -1000 -1000 -10 -1 -1 -1
38 14318 Car -1 -1 -10 1181.48 177.78 1223.26 222.79 -1000 -1000 -1000 -10 -1 -1 -1
39 14319 Car -1 -1 -10 416.74 165.05 485.02 211.12 -1000 -1000 -1000 -10 -1 -1 -1
39 14320 Pedestrian -1 -1 -10 967.44 172.96 990.81 242.54 -1000 -1000 -1000 -10 -1 -1 -1
39 14321 Pedestrian -1 -1 -10 901.07 156.97 927.44 220.96 -1000 -1000 -1000 -10 -1 -1 -1
39 14322 Car -1 -1 -10 1166.55 172.58 1223.36 223.18 -1000 -1000 -1000 -10 -1 -1 -1
40 14323 Car -1 -1 -10 1151.54 159.95 1223.64 225.98 -1000 -1000 -1000 -10 -1 -1 -1
40 14324 Pedestrian -1 -1 -10 892.07 154.95 924.08 221.32 -1000 -1000 -1000 -10 -1 -1 -1
40 14325 Car -1 -1 -10 395.50 163.10 462.95 213.74 -1000 -1000 -1000 -10 -1 -1 -1
41 14326 Car -1 -1 -10 1134.53 161.99 1223.30 228.41 -1000 -1000 -1000 -10 -1 -1 -1
41 14327 Pedestrian -1 -1 -10 874.64 156.86 905.47 222.76 -1000 -1000 -1000 -10 -1 -1 -1
41 14328 Car -1 -1 -10 372.03 164.22 444.91 216.50 -1000 -1000 -1000 -10 -1 -1 -1
42 14329 Car -1 -1 -10 1114.52 161.87 1223.29 230.36 -1000 -1000 -1000 -10 -1 -1 -1
42 14330 Car -1 -1 -10 346.01 165.90 415.64 222.21 -1000 -1000 -1000 -10 -1 -1 -1
42 14331 Pedestrian -1 -1 -10 861.30 159.87 883.81 224.60 -1000 -1000 -1000 -10 -1 -1 -1
43 14332 Car -1 -1 -10 1089.49 161.58 1223.34 231.57 -1000 -1000 -1000 -10 -1 -1 -1
43 14333 Car -1 -1 -10 315.94 167.49 387.53 228.22 -1000 -1000 -1000 -10 -1 -1 -1
43 14334 Pedestrian -1 -1 -10 826.98 158.11 861.68 228.42 -1000 -1000 -1000 -10 -1 -1 -1
44 14336 Car -1 -1 -10 1062.99 162.57 1223.44 234.45 -1000 -1000 -1000 -10 -1 -1 -1
44 14337 Car -1 -1 -10 282.29 167.47 361.45 230.19 -1000 -1000 -1000 -10 -1 -1 -1
44 14338 Pedestrian -1 -1 -10 806.93 161.12 831.96 229.85 -1000 -1000 -1000 -10 -1 -1 -1
44 14339 Pedestrian -1 -1 -10 790.66 158.59 816.20 229.55 -1000 -1000 -1000 -10 -1 -1 -1
45 14340 Car -1 -1 -10 241.61 168.38 328.44 237.10 -1000 -1000 -1000 -10 -1 -1 -1
45 14341 Car -1 -1 -10 1033.44 164.69 1217.23 236.32 -1000 -1000 -1000 -10 -1 -1 -1
46 14343 Car -1 -1 -10 196.36 169.89 290.78 244.04 -1000 -1000 -1000 -10 -1 -1 -1
46 14344 Pedestrian -1 -1 -10 743.97 160.82 769.36 232.24 -1000 -1000 -1000 -10 -1 -1 -1
46 14345 Car -1 -1 -10 1000.85 165.96 1175.90 236.36 -1000 -1000 -1000 -10 -1 -1 -1
47 14346 Pedestrian -1 -1 -10 712.98 168.87 737.13 233.70 -1000 -1000 -1000 -10 -1 -1 -1
47 14347 Car -1 -1 -10 141.04 172.42 250.07 252.39 -1000 -1000 -1000 -10 -1 -1 -1
47 14348 Pedestrian -1 -1 -10 693.91 166.11 715.42 233.68 -1000 -1000 -1000 -10 -1 -1 -1
47 14349 Car -1 -1 -10 968.93 167.44 1137.93 237.35 -1000 -1000 -1000 -10 -1 -1 -1
48 14350 Car -1 -1 -10 81.86 173.83 201.88 259.80 -1000 -1000 -1000 -10 -1 -1 -1
48 14351 Pedestrian -1 -1 -10 779.94 186.18 807.25 261.56 -1000 -1000 -1000 -10 -1 -1 -1
48 14352 Pedestrian -1 -1 -10 659.59 167.04 703.28 237.72 -1000 -1000 -1000 -10 -1 -1 -1
48 14353 Car -1 -1 -10 929.30 167.76 1097.26 236.73 -1000 -1000 -1000 -10 -1 -1 -1
49 14354 Car -1 -1 -10 0.89 173.98 149.41 268.41 -1000 -1000 -1000 -10 -1 -1 -1
49 14355 Pedestrian -1 -1 -10 635.67 166.38 663.09 232.96 -1000 -1000 -1000 -10 -1 -1 -1
49 14356 Car -1 -1 -10 887.28 166.03 1050.28 234.97 -1000 -1000 -1000 -10 -1 -1 -1
49 14357 Pedestrian -1 -1 -10 618.02 165.00 640.61 232.82 -1000 -1000 -1000 -10 -1 -1 -1
50 14358 Car -1 -1 -10 0.15 173.49 92.34 274.62 -1000 -1000 -1000 -10 -1 -1 -1
50 14359 Pedestrian -1 -1 -10 711.83 183.66 740.39 262.96 -1000 -1000 -1000 -10 -1 -1 -1
50 14360 Car -1 -1 -10 856.38 163.00 1010.05 232.22 -1000 -1000 -1000 -10 -1 -1 -1
51 14361 Car -1 -1 -10 0.00 203.00 29.15 279.37 -1000 -1000 -1000 -10 -1 -1 -1
51 14362 Pedestrian -1 -1 -10 525.86 161.91 569.98 232.32 -1000 -1000 -1000 -10 -1 -1 -1
51 14363 Car -1 -1 -10 818.74 161.66 966.88 230.58 -1000 -1000 -1000 -10 -1 -1 -1
51 14365 Car -1 -1 -10 819.25 161.04 966.37 230.03 -1000 -1000 -1000 -10 -1 -1 -1
52 14366 Pedestrian -1 -1 -10 487.64 156.78 531.94 232.64 -1000 -1000 -1000 -10 -1 -1 -1
52 14367 Car -1 -1 -10 779.84 159.06 928.83 229.36 -1000 -1000 -1000 -10 -1 -1 -1
53 14368 Pedestrian -1 -1 -10 441.90 155.65 490.09 233.95 -1000 -1000 -1000 -10 -1 -1 -1
53 14369 Car -1 -1 -10 743.56 158.63 890.36 226.87 -1000 -1000 -1000 -10 -1 -1 -1
54 14370 Pedestrian -1 -1 -10 408.10 156.72 440.53 235.42 -1000 -1000 -1000 -10 -1 -1 -1
54 14371 Car -1 -1 -10 704.07 158.12 851.75 227.17 -1000 -1000 -1000 -10 -1 -1 -1
54 14372 Car -1 -1 -10 703.04 158.34 851.03 226.44 -1000 -1000 -1000 -10 -1 -1 -1
54 14373 Pedestrian -1 -1 -10 389.13 156.73 413.39 235.88 -1000 -1000 -1000 -10 -1 -1 -1
55 14375 Car -1 -1 -10 669.71 159.35 813.08 230.77 -1000 -1000 -1000 -10 -1 -1 -1
55 14376 Pedestrian -1 -1 -10 331.70 157.66 367.92 239.13 -1000 -1000 -1000 -10 -1 -1 -1
55 14377 Pedestrian -1 -1 -10 355.38 156.56 385.30 237.17 -1000 -1000 -1000 -10 -1 -1 -1
56 14378 Pedestrian -1 -1 -10 266.62 159.26 311.50 245.01 -1000 -1000 -1000 -10 -1 -1 -1
56 14379 Pedestrian -1 -1 -10 299.07 156.92 331.36 243.02 -1000 -1000 -1000 -10 -1 -1 -1
56 14380 Car -1 -1 -10 636.65 159.55 778.95 231.69 -1000 -1000 -1000 -10 -1 -1 -1
56 14381 Car -1 -1 -10 1108.57 168.27 1158.76 196.44 -1000 -1000 -1000 -10 -1 -1 -1
57 14382 Pedestrian -1 -1 -10 236.04 157.02 275.52 245.64 -1000 -1000 -1000 -10 -1 -1 -1
57 14383 Car -1 -1 -10 1055.82 171.65 1099.31 196.77 -1000 -1000 -1000 -10 -1 -1 -1
57 14384 Pedestrian -1 -1 -10 211.14 158.30 245.33 246.60 -1000 -1000 -1000 -10 -1 -1 -1
57 14385 Car -1 -1 -10 596.76 161.13 739.62 234.52 -1000 -1000 -1000 -10 -1 -1 -1
58 14386 Car -1 -1 -10 1000.36 173.53 1044.45 196.88 -1000 -1000 -1000 -10 -1 -1 -1
58 14387 Pedestrian -1 -1 -10 162.28 158.37 212.52 249.40 -1000 -1000 -1000 -10 -1 -1 -1
58 14388 Pedestrian -1 -1 -10 134.78 154.77 172.05 252.30 -1000 -1000 -1000 -10 -1 -1 -1
58 14389 Car -1 -1 -10 550.08 164.20 701.78 237.89 -1000 -1000 -1000 -10 -1 -1 -1
59 14390 Pedestrian -1 -1 -10 46.54 153.33 83.32 260.84 -1000 -1000 -1000 -10 -1 -1 -1
59 14391 Pedestrian -1 -1 -10 78.26 156.77 134.08 257.57 -1000 -1000 -1000 -10 -1 -1 -1
59 14392 Car -1 -1 -10 508.25 165.56 662.01 241.01 -1000 -1000 -1000 -10 -1 -1 -1
59 14393 Car -1 -1 -10 507.06 165.24 661.92 241.04 -1000 -1000 -1000 -10 -1 -1 -1
60 14394 Car -1 -1 -10 466.20 164.67 621.84 243.85 -1000 -1000 -1000 -10 -1 -1 -1
60 14395 Car -1 -1 -10 1168.31 192.12 1223.68 293.43 -1000 -1000 -1000 -10 -1 -1 -1
60 14396 Car -1 -1 -10 898.56 178.43 939.60 201.97 -1000 -1000 -1000 -10 -1 -1 -1
61 14397 Car -1 -1 -10 1122.93 190.81 1223.28 283.27 -1000 -1000 -1000 -10 -1 -1 -1
61 14398 Car -1 -1 -10 850.70 173.88 891.66 199.85 -1000 -1000 -1000 -10 -1 -1 -1
61 14399 Car -1 -1 -10 416.58 162.48 580.11 245.27 -1000 -1000 -1000 -10 -1 -1 -1
62 14400 Car -1 -1 -10 1076.19 188.62 1222.83 278.92 -1000 -1000 -1000 -10 -1 -1 -1
62 14401 Car -1 -1 -10 805.55 171.98 844.92 196.31 -1000 -1000 -1000 -10 -1 -1 -1
62 14402 Car -1 -1 -10 362.41 161.87 535.99 247.68 -1000 -1000 -1000 -10 -1 -1 -1
62 14403 Car -1 -1 -10 1041.49 176.15 1120.89 227.42 -1000 -1000 -1000 -10 -1 -1 -1
63 14404 Car -1 -1 -10 1030.77 189.17 1160.94 279.72 -1000 -1000 -1000 -10 -1 -1 -1
63 14405 Car -1 -1 -10 993.13 179.34 1054.38 227.56 -1000 -1000 -1000 -10 -1 -1 -1
63 14406 Car -1 -1 -10 759.67 173.67 800.05 200.05 -1000 -1000 -1000 -10 -1 -1 -1
63 14407 Car -1 -1 -10 306.00 161.27 492.46 250.61 -1000 -1000 -1000 -10 -1 -1 -1
63 14408 Car -1 -1 -10 306.37 161.94 492.10 250.09 -1000 -1000 -1000 -10 -1 -1 -1
64 14409 Car -1 -1 -10 996.31 193.56 1144.10 283.99 -1000 -1000 -1000 -10 -1 -1 -1
64 14410 Car -1 -1 -10 715.43 173.68 754.89 198.88 -1000 -1000 -1000 -10 -1 -1 -1
64 14411 Car -1 -1 -10 242.36 161.09 444.03 256.19 -1000 -1000 -1000 -10 -1 -1 -1
64 14412 Car -1 -1 -10 946.08 181.44 1004.58 226.42 -1000 -1000 -1000 -10 -1 -1 -1
64 14414 Car -1 -1 -10 832.29 178.01 856.43 194.66 -1000 -1000 -1000 -10 -1 -1 -1
65 14415 Car -1 -1 -10 962.50 196.20 1110.45 285.20 -1000 -1000 -1000 -10 -1 -1 -1
65 14416 Car -1 -1 -10 673.27 175.00 713.23 200.10 -1000 -1000 -1000 -10 -1 -1 -1
65 14417 Car -1 -1 -10 171.97 159.40 396.10 261.83 -1000 -1000 -1000 -10 -1 -1 -1
65 14418 Car -1 -1 -10 905.51 182.05 961.90 225.98 -1000 -1000 -1000 -10 -1 -1 -1
65 14419 Car -1 -1 -10 172.30 159.37 396.13 261.37 -1000 -1000 -1000 -10 -1 -1 -1
66 14420 Car -1 -1 -10 928.43 194.31 1074.17 284.69 -1000 -1000 -1000 -10 -1 -1 -1
66 14421 Car -1 -1 -10 631.24 172.30 671.66 199.94 -1000 -1000 -1000 -10 -1 -1 -1
66 14422 Car -1 -1 -10 93.95 158.23 342.74 265.94 -1000 -1000 -1000 -10 -1 -1 -1
66 14423 Car -1 -1 -10 863.78 180.13 922.59 226.79 -1000 -1000 -1000 -10 -1 -1 -1
67 14424 Car -1 -1 -10 6.70 157.71 290.98 274.24 -1000 -1000 -1000 -10 -1 -1 -1
67 14425 Car -1 -1 -10 897.07 191.95 1032.95 284.04 -1000 -1000 -1000 -10 -1 -1 -1
67 14426 Car -1 -1 -10 593.91 170.75 634.64 198.18 -1000 -1000 -1000 -10 -1 -1 -1
67 14427 Car -1 -1 -10 838.51 177.84 886.78 223.80 -1000 -1000 -1000 -10 -1 -1 -1
67 14428 Car -1 -1 -10 882.76 180.92 965.10 236.66 -1000 -1000 -1000 -10 -1 -1 -1
67 14429 Car -1 -1 -10 715.82 174.70 737.94 189.64 -1000 -1000 -1000 -10 -1 -1 -1
68 14430 Car -1 -1 -10 0.03 156.19 238.84 281.61 -1000 -1000 -1000 -10 -1 -1 -1
68 14431 Car -1 -1 -10 854.36 178.83 941.72 238.77 -1000 -1000 -1000 -10 -1 -1 -1
68 14432 Car -1 -1 -10 874.25 189.03 1025.93 284.31 -1000 -1000 -1000 -10 -1 -1 -1
68 14433 Car -1 -1 -10 558.73 169.95 604.06 196.09 -1000 -1000 -1000 -10 -1 -1 -1
69 14434 Car -1 -1 -10 0.19 151.08 182.00 273.20 -1000 -1000 -1000 -10 -1 -1 -1
69 14435 Car -1 -1 -10 852.57 188.06 1019.55 285.97 -1000 -1000 -1000 -10 -1 -1 -1
69 14436 Car -1 -1 -10 525.76 166.15 572.22 194.89 -1000 -1000 -1000 -10 -1 -1 -1
69 14437 Car -1 -1 -10 768.66 173.34 831.32 227.05 -1000 -1000 -1000 -10 -1 -1 -1
69 14438 Car -1 -1 -10 832.74 177.90 923.06 239.74 -1000 -1000 -1000 -10 -1 -1 -1
70 14439 Car -1 -1 -10 840.38 189.15 1013.78 294.18 -1000 -1000 -1000 -10 -1 -1 -1
70 14440 Car -1 -1 -10 0.49 148.34 124.83 277.95 -1000 -1000 -1000 -10 -1 -1 -1
70 14441 Car -1 -1 -10 768.01 176.29 814.03 217.50 -1000 -1000 -1000 -10 -1 -1 -1
70 14442 Car -1 -1 -10 495.46 162.68 544.41 195.19 -1000 -1000 -1000 -10 -1 -1 -1
70 14443 Car -1 -1 -10 816.63 177.44 907.02 245.52 -1000 -1000 -1000 -10 -1 -1 -1
71 14444 Car -1 -1 -10 832.44 187.91 1017.96 299.40 -1000 -1000 -1000 -10 -1 -1 -1
71 14445 Car -1 -1 -10 469.60 165.14 519.07 198.45 -1000 -1000 -1000 -10 -1 -1 -1
71 14446 Car -1 -1 -10 800.81 176.45 895.87 247.71 -1000 -1000 -1000 -10 -1 -1 -1
71 14447 Car -1 -1 -10 0.09 147.21 64.70 284.75 -1000 -1000 -1000 -10 -1 -1 -1
71 14448 Car -1 -1 -10 612.59 169.36 637.53 187.39 -1000 -1000 -1000 -10 -1 -1 -1
72 14449 Car -1 -1 -10 825.24 189.79 1023.52 308.04 -1000 -1000 -1000 -10 -1 -1 -1
72 14450 Car -1 -1 -10 789.91 177.96 889.11 250.92 -1000 -1000 -1000 -10 -1 -1 -1
72 14451 Car -1 -1 -10 738.81 175.97 789.12 219.47 -1000 -1000 -1000 -10 -1 -1 -1
72 14452 Car -1 -1 -10 442.79 168.02 497.20 202.16 -1000 -1000 -1000 -10 -1 -1 -1
73 14453 Car -1 -1 -10 819.80 191.33 1037.18 320.35 -1000 -1000 -1000 -10 -1 -1 -1
73 14454 Car -1 -1 -10 779.81 178.21 883.91 260.84 -1000 -1000 -1000 -10 -1 -1 -1
73 14455 Car -1 -1 -10 416.32 171.39 475.03 208.28 -1000 -1000 -1000 -10 -1 -1 -1
73 14456 Car -1 -1 -10 724.83 176.49 775.87 222.45 -1000 -1000 -1000 -10 -1 -1 -1
73 14457 Car -1 -1 -10 577.42 174.49 602.14 192.02 -1000 -1000 -1000 -10 -1 -1 -1
74 14458 Car -1 -1 -10 821.14 192.48 1061.35 332.11 -1000 -1000 -1000 -10 -1 -1 -1
74 14459 Car -1 -1 -10 775.39 179.91 886.72 268.02 -1000 -1000 -1000 -10 -1 -1 -1
74 14460 Car -1 -1 -10 393.40 171.67 454.96 208.98 -1000 -1000 -1000 -10 -1 -1 -1
75 14461 Car -1 -1 -10 824.12 194.62 1093.74 342.95 -1000 -1000 -1000 -10 -1 -1 -1
75 14462 Car -1 -1 -10 780.44 179.65 888.88 268.93 -1000 -1000 -1000 -10 -1 -1 -1
75 14463 Car -1 -1 -10 550.35 175.86 578.06 193.04 -1000 -1000 -1000 -10 -1 -1 -1
76 14464 Car -1 -1 -10 831.37 197.19 1143.06 365.75 -1000 -1000 -1000 -10 -1 -1 -1
76 14465 Car -1 -1 -10 771.70 181.35 899.96 273.79 -1000 -1000 -1000 -10 -1 -1 -1
76 14466 Car -1 -1 -10 705.87 177.15 759.11 225.91 -1000 -1000 -1000 -10 -1 -1 -1
76 14467 Car -1 -1 -10 539.51 176.35 566.51 193.23 -1000 -1000 -1000 -10 -1 -1 -1
77 14468 Car -1 -1 -10 836.61 198.68 1192.87 368.87 -1000 -1000 -1000 -10 -1 -1 -1
77 14469 Car -1 -1 -10 769.45 181.37 905.25 279.24 -1000 -1000 -1000 -10 -1 -1 -1
77 14470 Car -1 -1 -10 696.05 176.90 753.00 226.28 -1000 -1000 -1000 -10 -1 -1 -1
78 14471 Car -1 -1 -10 845.82 200.47 1223.42 367.18 -1000 -1000 -1000 -10 -1 -1 -1
78 14472 Car -1 -1 -10 772.57 182.38 914.11 283.95 -1000 -1000 -1000 -10 -1 -1 -1
78 14473 Car -1 -1 -10 512.81 177.52 547.03 196.20 -1000 -1000 -1000 -10 -1 -1 -1
78 14474 Car -1 -1 -10 297.67 172.78 379.41 222.28 -1000 -1000 -1000 -10 -1 -1 -1
79 14475 Car -1 -1 -10 863.53 202.74 1223.33 365.36 -1000 -1000 -1000 -10 -1 -1 -1
79 14476 Car -1 -1 -10 505.67 177.56 537.99 196.07 -1000 -1000 -1000 -10 -1 -1 -1
79 14477 Car -1 -1 -10 266.20 173.02 359.57 222.85 -1000 -1000 -1000 -10 -1 -1 -1
79 14478 Car -1 -1 -10 772.96 182.72 946.62 290.48 -1000 -1000 -1000 -10 -1 -1 -1
80 14479 Car -1 -1 -10 885.39 207.19 1223.64 366.71 -1000 -1000 -1000 -10 -1 -1 -1
80 14480 Car -1 -1 -10 779.84 181.88 972.66 297.30 -1000 -1000 -1000 -10 -1 -1 -1
80 14481 Car -1 -1 -10 498.04 175.40 533.07 195.95 -1000 -1000 -1000 -10 -1 -1 -1
80 14482 Car -1 -1 -10 240.86 171.29 339.53 226.60 -1000 -1000 -1000 -10 -1 -1 -1
80 14483 Car -1 -1 -10 240.17 172.19 339.02 225.81 -1000 -1000 -1000 -10 -1 -1 -1
80 14484 Car -1 -1 -10 689.71 175.58 750.04 232.96 -1000 -1000 -1000 -10 -1 -1 -1
81 14485 Car -1 -1 -10 914.07 211.45 1223.18 367.69 -1000 -1000 -1000 -10 -1 -1 -1
81 14486 Car -1 -1 -10 213.52 171.61 318.67 227.69 -1000 -1000 -1000 -10 -1 -1 -1
81 14487 Car -1 -1 -10 787.43 180.11 1009.63 305.89 -1000 -1000 -1000 -10 -1 -1 -1
81 14488 Car -1 -1 -10 489.66 173.66 523.50 195.52 -1000 -1000 -1000 -10 -1 -1 -1
82 14489 Car -1 -1 -10 959.55 226.56 1223.39 366.71 -1000 -1000 -1000 -10 -1 -1 -1
82 14490 Car -1 -1 -10 177.76 171.18 296.97 232.84 -1000 -1000 -1000 -10 -1 -1 -1
82 14491 Car -1 -1 -10 794.80 182.05 1045.62 318.95 -1000 -1000 -1000 -10 -1 -1 -1
82 14492 Car -1 -1 -10 480.31 173.05 518.55 193.76 -1000 -1000 -1000 -10 -1 -1 -1
83 14493 Car -1 -1 -10 142.09 170.83 271.40 235.84 -1000 -1000 -1000 -10 -1 -1 -1
83 14494 Car -1 -1 -10 1013.99 282.78 1223.36 367.12 -1000 -1000 -1000 -10 -1 -1 -1
83 14495 Car -1 -1 -10 806.84 182.71 1094.32 330.85 -1000 -1000 -1000 -10 -1 -1 -1
84 14496 Car -1 -1 -10 818.73 182.69 1156.53 353.63 -1000 -1000 -1000 -10 -1 -1 -1
84 14497 Car -1 -1 -10 98.70 169.82 244.50 239.92 -1000 -1000 -1000 -10 -1 -1 -1
84 14498 Car -1 -1 -10 691.22 174.60 760.77 237.52 -1000 -1000 -1000 -10 -1 -1 -1
84 14499 Car -1 -1 -10 464.06 174.63 498.81 193.89 -1000 -1000 -1000 -10 -1 -1 -1
85 14500 Car -1 -1 -10 835.24 181.34 1223.59 367.10 -1000 -1000 -1000 -10 -1 -1 -1
85 14501 Car -1 -1 -10 48.96 169.11 215.85 245.17 -1000 -1000 -1000 -10 -1 -1 -1
85 14502 Car -1 -1 -10 453.52 175.36 492.09 195.63 -1000 -1000 -1000 -10 -1 -1 -1
85 14503 Car -1 -1 -10 697.56 175.02 766.91 240.97 -1000 -1000 -1000 -10 -1 -1 -1
86 14504 Car -1 -1 -10 857.14 182.86 1223.66 369.12 -1000 -1000 -1000 -10 -1 -1 -1
86 14505 Car -1 -1 -10 0.42 171.55 183.72 253.65 -1000 -1000 -1000 -10 -1 -1 -1
86 14506 Car -1 -1 -10 445.88 175.82 485.99 198.06 -1000 -1000 -1000 -10 -1 -1 -1
86 14507 Car -1 -1 -10 701.81 174.85 773.78 245.86 -1000 -1000 -1000 -10 -1 -1 -1
87 14508 Car -1 -1 -10 882.59 185.57 1224.00 369.00 -1000 -1000 -1000 -10 -1 -1 -1
87 14509 Car -1 -1 -10 0.17 173.37 143.42 263.28 -1000 -1000 -1000 -10 -1 -1 -1
87 14510 Car -1 -1 -10 703.59 174.80 783.64 248.66 -1000 -1000 -1000 -10 -1 -1 -1
87 14511 Car -1 -1 -10 435.61 177.41 480.14 201.21 -1000 -1000 -1000 -10 -1 -1 -1
88 14512 Car -1 -1 -10 917.93 187.86 1223.71 366.43 -1000 -1000 -1000 -10 -1 -1 -1
88 14513 Car -1 -1 -10 710.20 175.99 789.01 249.86 -1000 -1000 -1000 -10 -1 -1 -1
88 14514 Car -1 -1 -10 428.81 177.88 474.57 202.83 -1000 -1000 -1000 -10 -1 -1 -1
88 14515 Car -1 -1 -10 0.44 174.12 98.63 260.34 -1000 -1000 -1000 -10 -1 -1 -1
89 14516 Car -1 -1 -10 962.92 197.47 1223.15 365.69 -1000 -1000 -1000 -10 -1 -1 -1
89 14517 Car -1 -1 -10 718.31 176.46 803.39 253.19 -1000 -1000 -1000 -10 -1 -1 -1
89 14518 Car -1 -1 -10 419.99 179.78 467.82 202.04 -1000 -1000 -1000 -10 -1 -1 -1
89 14519 Car -1 -1 -10 693.48 175.58 742.70 231.17 -1000 -1000 -1000 -10 -1 -1 -1
90 14520 Car -1 -1 -10 1025.41 241.46 1223.37 365.07 -1000 -1000 -1000 -10 -1 -1 -1
90 14521 Car -1 -1 -10 697.17 175.51 751.13 234.15 -1000 -1000 -1000 -10 -1 -1 -1
90 14522 Car -1 -1 -10 725.21 176.37 814.73 258.44 -1000 -1000 -1000 -10 -1 -1 -1
90 14523 Car -1 -1 -10 412.45 179.08 458.85 199.16 -1000 -1000 -1000 -10 -1 -1 -1
91 14524 Car -1 -1 -10 700.70 175.81 762.97 236.57 -1000 -1000 -1000 -10 -1 -1 -1
91 14525 Car -1 -1 -10 733.01 175.72 829.74 265.46 -1000 -1000 -1000 -10 -1 -1 -1
91 14526 Car -1 -1 -10 401.15 179.42 452.48 207.18 -1000 -1000 -1000 -10 -1 -1 -1
92 14527 Car -1 -1 -10 741.21 176.91 847.88 270.65 -1000 -1000 -1000 -10 -1 -1 -1
92 14528 Car -1 -1 -10 703.02 176.59 770.57 240.43 -1000 -1000 -1000 -10 -1 -1 -1
92 14529 Car -1 -1 -10 389.47 178.45 442.97 210.66 -1000 -1000 -1000 -10 -1 -1 -1
93 14530 Car -1 -1 -10 747.66 176.60 866.94 273.98 -1000 -1000 -1000 -10 -1 -1 -1
93 14531 Car -1 -1 -10 708.32 176.55 775.13 241.34 -1000 -1000 -1000 -10 -1 -1 -1
93 14532 Car -1 -1 -10 374.97 178.25 434.05 210.15 -1000 -1000 -1000 -10 -1 -1 -1
93 14533 Car -1 -1 -10 680.08 177.39 722.28 223.12 -1000 -1000 -1000 -10 -1 -1 -1
94 14534 Car -1 -1 -10 760.70 175.63 890.27 278.55 -1000 -1000 -1000 -10 -1 -1 -1
94 14535 Car -1 -1 -10 709.69 176.29 789.70 243.03 -1000 -1000 -1000 -10 -1 -1 -1
94 14536 Car -1 -1 -10 363.18 179.21 425.59 210.43 -1000 -1000 -1000 -10 -1 -1 -1
95 14537 Car -1 -1 -10 347.76 178.18 412.17 212.25 -1000 -1000 -1000 -10 -1 -1 -1
95 14538 Car -1 -1 -10 766.01 176.23 914.02 291.25 -1000 -1000 -1000 -10 -1 -1 -1
95 14539 Car -1 -1 -10 719.45 175.96 800.59 249.85 -1000 -1000 -1000 -10 -1 -1 -1
95 14540 Car -1 -1 -10 694.18 178.35 739.15 228.07 -1000 -1000 -1000 -10 -1 -1 -1
96 14541 Car -1 -1 -10 780.36 177.69 953.02 301.08 -1000 -1000 -1000 -10 -1 -1 -1
96 14542 Car -1 -1 -10 331.89 179.29 400.52 212.40 -1000 -1000 -1000 -10 -1 -1 -1
96 14543 Car -1 -1 -10 704.19 178.60 743.73 235.17 -1000 -1000 -1000 -10 -1 -1 -1
96 14544 Car -1 -1 -10 724.98 177.17 811.21 257.66 -1000 -1000 -1000 -10 -1 -1 -1
96 14545 Car -1 -1 -10 679.46 177.23 716.78 223.64 -1000 -1000 -1000 -10 -1 -1 -1
97 14546 Car -1 -1 -10 795.22 178.10 999.61 313.70 -1000 -1000 -1000 -10 -1 -1 -1
97 14547 Car -1 -1 -10 313.23 180.81 387.27 215.75 -1000 -1000 -1000 -10 -1 -1 -1
97 14548 Car -1 -1 -10 731.27 175.42 833.82 267.05 -1000 -1000 -1000 -10 -1 -1 -1
97 14549 Car -1 -1 -10 682.19 178.71 723.15 229.01 -1000 -1000 -1000 -10 -1 -1 -1
98 14550 Car -1 -1 -10 815.27 179.82 1060.86 360.66 -1000 -1000 -1000 -10 -1 -1 -1
98 14551 Car -1 -1 -10 290.61 180.66 374.20 221.90 -1000 -1000 -1000 -10 -1 -1 -1
98 14552 Car -1 -1 -10 709.77 179.36 763.74 242.82 -1000 -1000 -1000 -10 -1 -1 -1
98 14553 Car -1 -1 -10 740.11 176.90 853.36 272.99 -1000 -1000 -1000 -10 -1 -1 -1
98 14554 Car -1 -1 -10 681.51 179.81 725.95 231.03 -1000 -1000 -1000 -10 -1 -1 -1
99 14555 Car -1 -1 -10 837.45 180.70 1155.94 366.91 -1000 -1000 -1000 -10 -1 -1 -1
99 14556 Car -1 -1 -10 267.51 179.78 359.60 225.33 -1000 -1000 -1000 -10 -1 -1 -1
99 14557 Car -1 -1 -10 750.36 175.79 876.10 281.22 -1000 -1000 -1000 -10 -1 -1 -1
99 14558 Car -1 -1 -10 687.04 178.65 733.75 231.26 -1000 -1000 -1000 -10 -1 -1 -1
99 14559 Car -1 -1 -10 715.35 179.66 773.77 248.51 -1000 -1000 -1000 -10 -1 -1 -1
100 14560 Car -1 -1 -10 870.45 182.83 1223.28 366.45 -1000 -1000 -1000 -10 -1 -1 -1
100 14561 Car -1 -1 -10 237.59 180.77 339.39 228.47 -1000 -1000 -1000 -10 -1 -1 -1
100 14562 Car -1 -1 -10 760.57 175.79 924.10 293.26 -1000 -1000 -1000 -10 -1 -1 -1
100 14563 Car -1 -1 -10 723.84 178.78 786.83 248.29 -1000 -1000 -1000 -10 -1 -1 -1
100 14564 Car -1 -1 -10 690.28 180.58 736.91 232.63 -1000 -1000 -1000 -10 -1 -1 -1
101 14565 Car -1 -1 -10 911.79 184.59 1223.65 366.80 -1000 -1000 -1000 -10 -1 -1 -1
101 14566 Car -1 -1 -10 207.60 179.69 319.44 229.71 -1000 -1000 -1000 -10 -1 -1 -1
101 14567 Car -1 -1 -10 771.88 175.07 967.93 304.12 -1000 -1000 -1000 -10 -1 -1 -1
101 14568 Car -1 -1 -10 731.63 180.09 797.67 253.79 -1000 -1000 -1000 -10 -1 -1 -1
102 14569 Car -1 -1 -10 172.05 180.35 297.83 235.88 -1000 -1000 -1000 -10 -1 -1 -1
102 14570 Car -1 -1 -10 968.58 197.30 1223.68 365.63 -1000 -1000 -1000 -10 -1 -1 -1
102 14571 Car -1 -1 -10 786.14 173.86 1022.17 323.66 -1000 -1000 -1000 -10 -1 -1 -1
102 14572 Car -1 -1 -10 698.92 177.65 753.84 238.09 -1000 -1000 -1000 -10 -1 -1 -1
102 14573 Car -1 -1 -10 735.22 178.92 811.68 261.93 -1000 -1000 -1000 -10 -1 -1 -1
103 14574 Car -1 -1 -10 1054.72 227.58 1223.42 365.80 -1000 -1000 -1000 -10 -1 -1 -1
103 14575 Car -1 -1 -10 128.23 180.74 273.29 239.93 -1000 -1000 -1000 -10 -1 -1 -1
103 14576 Car -1 -1 -10 806.48 175.77 1096.27 353.18 -1000 -1000 -1000 -10 -1 -1 -1
103 14577 Car -1 -1 -10 749.77 183.20 837.45 264.92 -1000 -1000 -1000 -10 -1 -1 -1
103 14578 Car -1 -1 -10 690.09 177.31 762.02 240.28 -1000 -1000 -1000 -10 -1 -1 -1
104 14579 Car -1 -1 -10 830.92 178.89 1198.23 368.71 -1000 -1000 -1000 -10 -1 -1 -1
104 14580 Car -1 -1 -10 79.38 183.51 241.45 247.33 -1000 -1000 -1000 -10 -1 -1 -1
104 14581 Car -1 -1 -10 709.13 178.25 768.85 242.11 -1000 -1000 -1000 -10 -1 -1 -1
104 14582 Car -1 -1 -10 752.70 182.02 858.56 279.72 -1000 -1000 -1000 -10 -1 -1 -1
105 14583 Car -1 -1 -10 861.43 180.87 1223.67 368.85 -1000 -1000 -1000 -10 -1 -1 -1
105 14584 Car -1 -1 -10 16.40 186.19 206.24 257.85 -1000 -1000 -1000 -10 -1 -1 -1
105 14585 Car -1 -1 -10 758.34 186.70 894.24 289.37 -1000 -1000 -1000 -10 -1 -1 -1
105 14586 Car -1 -1 -10 705.82 179.49 780.25 247.71 -1000 -1000 -1000 -10 -1 -1 -1
105 14587 Car -1 -1 -10 548.77 182.00 575.08 200.27 -1000 -1000 -1000 -10 -1 -1 -1
