14 14589 Car -1 -1 -10 551.44 166.34 577.40 186.57 -1000 -1000 -1000 -10 -1 -1 -1
16 14590 Car -1 -1 -10 545.61 166.44 575.12 186.95 -1000 -1000 -1000 -10 -1 -1 -1
17 14591 Car -1 -1 -10 544.81 166.53 570.71 187.12 -1000 -1000 -1000 -10 -1 -1 -1
19 14592 Car -1 -1 -10 542.66 168.89 569.91 190.28 -1000 -1000 -1000 -10 -1 -1 -1
25 14593 Car -1 -1 -10 528.27 172.51 561.88 197.13 -1000 -1000 -1000 -10 -1 -1 -1
26 14594 Car -1 -1 -10 526.55 176.56 560.20 200.34 -1000 -1000 -1000 -10 -1 -1 -1
27 14595 Car -1 -1 -10 525.39 180.06 558.33 204.06 -1000 -1000 -1000 -10 -1 -1 -1
27 14596 Car -1 -1 -10 889.36 150.81 1014.14 194.95 -1000 -1000 -1000 -10 -1 -1 -1
28 14597 Car -1 -1 -10 522.22 177.89 555.60 203.32 -1000 -1000 -1000 -10 -1 -1 -1
29 14598 Car -1 -1 -10 915.84 148.79 1018.58 197.26 -1000 -1000 -1000 -10 -1 -1 -1
29 14599 Car -1 -1 -10 517.96 176.33 554.38 202.90 -1000 -1000 -1000 -10 -1 -1 -1
30 14600 Car -1 -1 -10 930.89 148.45 1046.19 197.06 -1000 -1000 -1000 -10 -1 -1 -1
31 14601 Car -1 -1 -10 946.16 145.52 1081.02 197.90 -1000 -1000 -1000 -10 -1 -1 -1
31 14602 Car -1 -1 -10 513.54 176.16 553.01 205.29 -1000 -1000 -1000 -10 -1 -1 -1
32 14603 Car -1 -1 -10 959.92 142.30 1111.74 196.93 -1000 -1000 -1000 -10 -1 -1 -1
33 14604 Car -1 -1 -10 976.33 141.61 1134.57 196.96 -1000 -1000 -1000 -10 -1 -1 -1
33 14605 Car -1 -1 -10 505.38 173.74 548.40 205.04 -1000 -1000 -1000 -10 -1 -1 -1
34 14606 Car -1 -1 -10 996.11 141.24 1158.90 199.57 -1000 -1000 -1000 -10 -1 -1 -1
34 14607 Car -1 -1 -10 502.69 175.27 548.50 208.10 -1000 -1000 -1000 -10 -1 -1 -1
35 14608 Car -1 -1 -10 498.62 175.29 547.95 207.96 -1000 -1000 -1000 -10 -1 -1 -1
35 14609 Car -1 -1 -10 1021.68 139.37 1190.65 200.53 -1000 -1000 -1000 -10 -1 -1 -1
36 14610 Car -1 -1 -10 498.90 175.32 548.10 209.27 -1000 -1000 -1000 -10 -1 -1 -1
36 14611 Car -1 -1 -10 1061.15 136.03 1223.32 200.82 -1000 -1000 -1000 -10 -1 -1 -1
37 14612 Car -1 -1 -10 1094.35 133.22 1223.22 201.76 -1000 -1000 -1000 -10 -1 -1 -1
37 14613 Car -1 -1 -10 492.77 174.88 547.61 210.06 -1000 -1000 -1000 -10 -1 -1 -1
38 14614 Car -1 -1 -10 1095.73 133.55 1222.93 203.93 -1000 -1000 -1000 -10 -1 -1 -1
38 14615 Car -1 -1 -10 492.53 176.12 544.40 211.78 -1000 -1000 -1000 -10 -1 -1 -1
39 14616 Car -1 -1 -10 490.60 175.20 543.15 213.64 -1000 -1000 -1000 -10 -1 -1 -1
40 14617 Car -1 -1 -10 485.81 175.35 541.29 216.61 -1000 -1000 -1000 -10 -1 -1 -1
41 14618 Car -1 -1 -10 481.62 175.22 537.46 218.60 -1000 -1000 -1000 -10 -1 -1 -1
42 14619 Car -1 -1 -10 476.95 176.30 536.48 221.25 -1000 -1000 -1000 -10 -1 -1 -1
43 14620 Car -1 -1 -10 472.39 175.29 536.45 220.72 -1000 -1000 -1000 -10 -1 -1 -1
44 14621 Car -1 -1 -10 467.66 174.36 533.73 222.66 -1000 -1000 -1000 -10 -1 -1 -1
45 14623 Car -1 -1 -10 463.00 173.35 531.02 223.40 -1000 -1000 -1000 -10 -1 -1 -1
46 14625 Car -1 -1 -10 455.57 173.54 531.30 226.66 -1000 -1000 -1000 -10 -1 -1 -1
47 14628 Car -1 -1 -10 450.97 174.96 531.80 231.55 -1000 -1000 -1000 -10 -1 -1 -1
48 14629 Car -1 -1 -10 446.44 173.68 528.28 232.58 -1000 -1000 -1000 -10 -1 -1 -1
49 14631 Car -1 -1 -10 439.31 173.86 523.77 233.02 -1000 -1000 -1000 -10 -1 -1 -1
50 14633 Car -1 -1 -10 431.72 174.19 521.59 236.97 -1000 -1000 -1000 -10 -1 -1 -1
51 14634 Car -1 -1 -10 426.16 175.13 518.13 240.51 -1000 -1000 -1000 -10 -1 -1 -1
52 14636 Car -1 -1 -10 415.30 177.77 514.69 248.38 -1000 -1000 -1000 -10 -1 -1 -1
53 14638 Car -1 -1 -10 407.80 179.20 512.34 251.53 -1000 -1000 -1000 -10 -1 -1 -1
54 14640 Car -1 -1 -10 398.50 180.30 507.56 253.55 -1000 -1000 -1000 -10 -1 -1 -1
54 14641 Pedestrian -1 -1 -10 548.71 174.63 565.47 219.30 -1000 -1000 -1000 -10 -1 -1 -1
55 14642 Car -1 -1 -10 385.75 180.33 505.41 262.22 -1000 -1000 -1000 -10 -1 -1 -1
55 14643 Pedestrian -1 -1 -10 547.65 164.16 575.98 222.34 -1000 -1000 -1000 -10 -1 -1 -1
56 14644 Car -1 -1 -10 375.80 179.62 500.26 267.40 -1000 -1000 -1000 -10 -1 -1 -1
57 14645 Car -1 -1 -10 363.09 180.75 493.76 271.73 -1000 -1000 -1000 -10 -1 -1 -1
58 14647 Car -1 -1 -10 350.05 182.30 489.41 279.35 -1000 -1000 -1000 -10 -1 -1 -1
58 14649 Car -1 -1 -10 474.43 169.25 499.67 190.51 -1000 -1000 -1000 -10 -1 -1 -1
59 14650 Car -1 -1 -10 336.91 182.20 484.68 285.04 -1000 -1000 -1000 -10 -1 -1 -1
59 14651 Car -1 -1 -10 473.80 169.56 498.70 191.26 -1000 -1000 -1000 -10 -1 -1 -1
59 14652 Pedestrian -1 -1 -10 570.67 166.54 592.99 227.24 -1000 -1000 -1000 -10 -1 -1 -1
60 14653 Car -1 -1 -10 320.05 181.96 480.39 293.31 -1000 -1000 -1000 -10 -1 -1 -1
60 14654 Pedestrian -1 -1 -10 229.46 177.00 249.39 241.24 -1000 -1000 -1000 -10 -1 -1 -1
60 14655 Car -1 -1 -10 471.67 171.05 497.76 191.70 -1000 -1000 -1000 -10 -1 -1 -1
60 14656 Pedestrian -1 -1 -10 568.49 162.48 608.33 228.38 -1000 -1000 -1000 -10 -1 -1 -1
60 14657 Pedestrian -1 -1 -10 568.45 164.14 608.99 230.38 -1000 -1000 -1000 -10 -1 -1 -1
60 14658 Pedestrian -1 -1 -10 568.61 161.33 608.07 230.44 -1000 -1000 -1000 -10 -1 -1 -1
60 14659 Pedestrian -1 -1 -10 568.69 162.52 608.33 228.83 -1000 -1000 -1000 -10 -1 -1 -1
60 14660 Pedestrian -1 -1 -10 568.31 162.47 607.98 229.38 -1000 -1000 -1000 -10 -1 -1 -1
61 14661 Car -1 -1 -10 305.87 181.59 474.57 301.54 -1000 -1000 -1000 -10 -1 -1 -1
61 14662 Pedestrian -1 -1 -10 209.16 176.10 237.44 242.41 -1000 -1000 -1000 -10 -1 -1 -1
61 14663 Car -1 -1 -10 470.57 170.07 497.45 190.89 -1000 -1000 -1000 -10 -1 -1 -1
61 14664 Pedestrian -1 -1 -10 169.34 172.63 207.13 252.46 -1000 -1000 -1000 -10 -1 -1 -1
61 14665 Pedestrian -1 -1 -10 170.89 173.98 209.13 252.19 -1000 -1000 -1000 -10 -1 -1 -1
61 14666 Pedestrian -1 -1 -10 573.25 158.11 615.31 231.85 -1000 -1000 -1000 -10 -1 -1 -1
61 14667 Pedestrian -1 -1 -10 169.55 173.86 207.31 252.52 -1000 -1000 -1000 -10 -1 -1 -1
61 14668 Pedestrian -1 -1 -10 572.61 157.65 613.19 232.17 -1000 -1000 -1000 -10 -1 -1 -1
61 14669 Pedestrian -1 -1 -10 171.51 174.78 206.76 252.30 -1000 -1000 -1000 -10 -1 -1 -1
62 14670 Pedestrian -1 -1 -10 586.61 158.88 614.25 231.42 -1000 -1000 -1000 -10 -1 -1 -1
62 14671 Car -1 -1 -10 467.97 170.07 496.55 190.93 -1000 -1000 -1000 -10 -1 -1 -1
62 14672 Car -1 -1 -10 289.07 183.89 470.95 278.69 -1000 -1000 -1000 -10 -1 -1 -1
62 14673 Pedestrian -1 -1 -10 185.42 178.33 224.10 246.64 -1000 -1000 -1000 -10 -1 -1 -1
62 14674 Pedestrian -1 -1 -10 151.82 176.09 177.92 254.42 -1000 -1000 -1000 -10 -1 -1 -1
63 14675 Car -1 -1 -10 268.42 184.36 465.54 295.22 -1000 -1000 -1000 -10 -1 -1 -1
63 14676 Pedestrian -1 -1 -10 129.23 173.30 155.92 256.32 -1000 -1000 -1000 -10 -1 -1 -1
63 14677 Car -1 -1 -10 467.10 170.37 495.71 190.71 -1000 -1000 -1000 -10 -1 -1 -1
63 14678 Pedestrian -1 -1 -10 592.86 154.80 619.52 232.49 -1000 -1000 -1000 -10 -1 -1 -1
63 14679 Pedestrian -1 -1 -10 592.97 154.84 619.14 232.12 -1000 -1000 -1000 -10 -1 -1 -1
63 14680 Pedestrian -1 -1 -10 592.88 155.87 618.98 231.19 -1000 -1000 -1000 -10 -1 -1 -1
63 14681 Pedestrian -1 -1 -10 173.69 179.42 208.86 244.97 -1000 -1000 -1000 -10 -1 -1 -1
63 14682 Pedestrian -1 -1 -10 594.08 155.82 619.46 232.21 -1000 -1000 -1000 -10 -1 -1 -1
63 14683 Pedestrian -1 -1 -10 174.46 179.80 199.40 244.57 -1000 -1000 -1000 -10 -1 -1 -1
63 14684 Pedestrian -1 -1 -10 174.31 179.70 200.76 244.63 -1000 -1000 -1000 -10 -1 -1 -1
63 14685 Pedestrian -1 -1 -10 173.31 178.83 207.17 245.40 -1000 -1000 -1000 -10 -1 -1 -1
63 14686 Pedestrian -1 -1 -10 173.56 177.86 202.23 245.20 -1000 -1000 -1000 -10 -1 -1 -1
64 14687 Car -1 -1 -10 244.92 185.42 458.41 306.18 -1000 -1000 -1000 -10 -1 -1 -1
64 14688 Car -1 -1 -10 466.49 169.52 494.50 191.17 -1000 -1000 -1000 -10 -1 -1 -1
64 14689 Pedestrian -1 -1 -10 596.69 159.19 638.66 237.79 -1000 -1000 -1000 -10 -1 -1 -1
64 14690 Pedestrian -1 -1 -10 104.12 173.79 135.17 260.03 -1000 -1000 -1000 -10 -1 -1 -1
64 14691 Pedestrian -1 -1 -10 151.90 177.66 185.61 250.99 -1000 -1000 -1000 -10 -1 -1 -1
65 14692 Car -1 -1 -10 220.70 184.52 449.63 315.53 -1000 -1000 -1000 -10 -1 -1 -1
65 14693 Pedestrian -1 -1 -10 596.00 157.33 651.21 242.49 -1000 -1000 -1000 -10 -1 -1 -1
65 14694 Car -1 -1 -10 465.26 170.01 494.28 191.04 -1000 -1000 -1000 -10 -1 -1 -1
65 14695 Pedestrian -1 -1 -10 133.49 180.98 161.92 253.93 -1000 -1000 -1000 -10 -1 -1 -1
65 14696 Pedestrian -1 -1 -10 65.85 175.63 122.79 264.93 -1000 -1000 -1000 -10 -1 -1 -1
65 14697 Pedestrian -1 -1 -10 159.79 181.39 184.73 248.46 -1000 -1000 -1000 -10 -1 -1 -1
66 14698 Car -1 -1 -10 195.09 187.60 444.69 328.17 -1000 -1000 -1000 -10 -1 -1 -1
66 14699 Pedestrian -1 -1 -10 41.34 179.86 94.97 274.47 -1000 -1000 -1000 -10 -1 -1 -1
66 14700 Car -1 -1 -10 463.38 169.48 491.59 192.63 -1000 -1000 -1000 -10 -1 -1 -1
66 14701 Pedestrian -1 -1 -10 605.05 157.44 648.76 241.99 -1000 -1000 -1000 -10 -1 -1 -1
66 14702 Pedestrian -1 -1 -10 109.25 181.74 142.05 257.34 -1000 -1000 -1000 -10 -1 -1 -1
66 14703 Pedestrian -1 -1 -10 401.22 161.21 430.63 221.82 -1000 -1000 -1000 -10 -1 -1 -1
66 14704 Pedestrian -1 -1 -10 147.84 182.03 180.26 251.11 -1000 -1000 -1000 -10 -1 -1 -1
67 14705 Car -1 -1 -10 165.41 189.91 434.53 340.19 -1000 -1000 -1000 -10 -1 -1 -1
67 14706 Pedestrian -1 -1 -10 622.66 153.62 667.02 244.45 -1000 -1000 -1000 -10 -1 -1 -1
67 14707 Pedestrian -1 -1 -10 399.81 155.37 447.04 265.40 -1000 -1000 -1000 -10 -1 -1 -1
67 14708 Pedestrian -1 -1 -10 23.86 178.23 76.40 275.78 -1000 -1000 -1000 -10 -1 -1 -1
67 14709 Pedestrian -1 -1 -10 82.74 184.60 122.39 262.95 -1000 -1000 -1000 -10 -1 -1 -1
67 14710 Car -1 -1 -10 460.91 169.20 491.72 194.55 -1000 -1000 -1000 -10 -1 -1 -1
68 14711 Car -1 -1 -10 133.72 190.91 427.73 359.71 -1000 -1000 -1000 -10 -1 -1 -1
68 14712 Car -1 -1 -10 461.04 170.06 491.71 195.18 -1000 -1000 -1000 -10 -1 -1 -1
68 14713 Pedestrian -1 -1 -10 400.46 155.51 446.77 272.69 -1000 -1000 -1000 -10 -1 -1 -1
68 14714 Pedestrian -1 -1 -10 630.71 156.69 661.13 244.46 -1000 -1000 -1000 -10 -1 -1 -1
68 14715 Pedestrian -1 -1 -10 0.00 179.15 42.43 279.99 -1000 -1000 -1000 -10 -1 -1 -1
68 14716 Pedestrian -1 -1 -10 63.42 184.77 97.93 268.23 -1000 -1000 -1000 -10 -1 -1 -1
69 14717 Car -1 -1 -10 100.83 191.40 421.63 366.31 -1000 -1000 -1000 -10 -1 -1 -1
69 14718 Pedestrian -1 -1 -10 637.87 158.86 682.07 250.56 -1000 -1000 -1000 -10 -1 -1 -1
69 14720 Pedestrian -1 -1 -10 400.16 157.01 453.66 274.79 -1000 -1000 -1000 -10 -1 -1 -1
69 14721 Pedestrian -1 -1 -10 43.66 185.46 76.94 267.32 -1000 -1000 -1000 -10 -1 -1 -1
69 14722 Car -1 -1 -10 459.42 168.97 491.57 194.99 -1000 -1000 -1000 -10 -1 -1 -1
70 14723 Car -1 -1 -10 61.23 194.55 414.86 366.57 -1000 -1000 -1000 -10 -1 -1 -1
70 14724 Pedestrian -1 -1 -10 404.02 157.78 459.34 277.51 -1000 -1000 -1000 -10 -1 -1 -1
70 14725 Pedestrian -1 -1 -10 18.19 185.66 55.72 273.64 -1000 -1000 -1000 -10 -1 -1 -1
70 14726 Pedestrian -1 -1 -10 649.22 156.43 689.02 252.29 -1000 -1000 -1000 -10 -1 -1 -1
70 14727 Car -1 -1 -10 458.95 168.32 489.48 195.28 -1000 -1000 -1000 -10 -1 -1 -1
71 14728 Car -1 -1 -10 19.54 196.92 408.46 368.17 -1000 -1000 -1000 -10 -1 -1 -1
71 14729 Pedestrian -1 -1 -10 405.22 156.19 458.31 276.68 -1000 -1000 -1000 -10 -1 -1 -1
71 14730 Pedestrian -1 -1 -10 661.90 152.17 714.30 253.41 -1000 -1000 -1000 -10 -1 -1 -1
71 14731 Car -1 -1 -10 458.52 168.71 489.19 194.53 -1000 -1000 -1000 -10 -1 -1 -1
71 14732 Pedestrian -1 -1 -10 0.00 188.48 35.11 272.97 -1000 -1000 -1000 -10 -1 -1 -1
72 14733 Car -1 -1 -10 0.00 198.12 397.88 369.11 -1000 -1000 -1000 -10 -1 -1 -1
72 14734 Pedestrian -1 -1 -10 673.71 155.37 706.63 256.51 -1000 -1000 -1000 -10 -1 -1 -1
72 14735 Pedestrian -1 -1 -10 408.97 153.53 464.97 279.83 -1000 -1000 -1000 -10 -1 -1 -1
72 14736 Car -1 -1 -10 456.75 168.54 487.17 194.26 -1000 -1000 -1000 -10 -1 -1 -1
73 14737 Car -1 -1 -10 0.27 199.21 389.14 369.53 -1000 -1000 -1000 -10 -1 -1 -1
73 14738 Pedestrian -1 -1 -10 679.86 157.63 734.74 261.02 -1000 -1000 -1000 -10 -1 -1 -1
73 14739 Car -1 -1 -10 456.40 167.99 486.46 192.72 -1000 -1000 -1000 -10 -1 -1 -1
73 14740 Pedestrian -1 -1 -10 410.83 153.20 462.57 283.17 -1000 -1000 -1000 -10 -1 -1 -1
73 14741 Pedestrian -1 -1 -10 375.47 170.67 416.34 255.85 -1000 -1000 -1000 -10 -1 -1 -1
74 14743 Car -1 -1 -10 0.23 200.85 378.32 368.84 -1000 -1000 -1000 -10 -1 -1 -1
74 14744 Pedestrian -1 -1 -10 680.08 159.33 749.99 264.42 -1000 -1000 -1000 -10 -1 -1 -1
74 14745 Pedestrian -1 -1 -10 414.05 154.40 471.02 288.15 -1000 -1000 -1000 -10 -1 -1 -1
74 14746 Car -1 -1 -10 455.38 169.16 485.97 193.79 -1000 -1000 -1000 -10 -1 -1 -1
74 14747 Car -1 -1 -10 1173.84 163.77 1222.03 200.52 -1000 -1000 -1000 -10 -1 -1 -1
75 14749 Car -1 -1 -10 0.57 203.04 370.31 369.41 -1000 -1000 -1000 -10 -1 -1 -1
75 14750 Pedestrian -1 -1 -10 695.14 155.21 755.42 266.17 -1000 -1000 -1000 -10 -1 -1 -1
75 14751 Car -1 -1 -10 1181.57 164.08 1223.45 200.21 -1000 -1000 -1000 -10 -1 -1 -1
75 14753 Pedestrian -1 -1 -10 399.99 157.59 487.95 294.91 -1000 -1000 -1000 -10 -1 -1 -1
75 14754 Pedestrian -1 -1 -10 106.65 177.83 133.28 204.73 -1000 -1000 -1000 -10 -1 -1 -1
76 14755 Car -1 -1 -10 0.22 202.72 361.13 368.56 -1000 -1000 -1000 -10 -1 -1 -1
76 14756 Pedestrian -1 -1 -10 723.73 158.31 759.70 264.61 -1000 -1000 -1000 -10 -1 -1 -1
76 14757 Pedestrian -1 -1 -10 417.97 151.80 490.39 301.35 -1000 -1000 -1000 -10 -1 -1 -1
76 14758 Car -1 -1 -10 1185.56 165.43 1223.39 199.18 -1000 -1000 -1000 -10 -1 -1 -1
76 14759 Pedestrian -1 -1 -10 971.17 146.41 991.70 212.35 -1000 -1000 -1000 -10 -1 -1 -1
77 14760 Car -1 -1 -10 0.14 205.12 351.69 368.06 -1000 -1000 -1000 -10 -1 -1 -1
77 14761 Pedestrian -1 -1 -10 738.01 154.63 795.20 269.83 -1000 -1000 -1000 -10 -1 -1 -1
77 14762 Pedestrian -1 -1 -10 432.68 152.76 493.67 299.69 -1000 -1000 -1000 -10 -1 -1 -1
77 14764 Car -1 -1 -10 1193.28 165.98 1223.51 198.18 -1000 -1000 -1000 -10 -1 -1 -1
78 14765 Car -1 -1 -10 0.24 207.92 344.41 368.02 -1000 -1000 -1000 -10 -1 -1 -1
78 14766 Pedestrian -1 -1 -10 742.48 155.96 810.86 273.92 -1000 -1000 -1000 -10 -1 -1 -1
78 14767 Pedestrian -1 -1 -10 436.40 148.35 508.03 302.12 -1000 -1000 -1000 -10 -1 -1 -1
78 14768 Pedestrian -1 -1 -10 100.40 181.01 125.59 208.84 -1000 -1000 -1000 -10 -1 -1 -1
79 14769 Car -1 -1 -10 0.44 210.87 335.25 367.84 -1000 -1000 -1000 -10 -1 -1 -1
79 14770 Pedestrian -1 -1 -10 748.65 157.78 821.56 278.04 -1000 -1000 -1000 -10 -1 -1 -1
79 14771 Pedestrian -1 -1 -10 445.50 151.13 511.06 308.34 -1000 -1000 -1000 -10 -1 -1 -1
79 14773 Pedestrian -1 -1 -10 97.59 178.72 124.84 210.89 -1000 -1000 -1000 -10 -1 -1 -1
80 14774 Car -1 -1 -10 0.58 212.50 326.85 366.06 -1000 -1000 -1000 -10 -1 -1 -1
80 14775 Pedestrian -1 -1 -10 778.23 153.31 825.32 276.74 -1000 -1000 -1000 -10 -1 -1 -1
80 14776 Pedestrian -1 -1 -10 451.53 154.75 532.13 309.38 -1000 -1000 -1000 -10 -1 -1 -1
81 14778 Car -1 -1 -10 0.57 214.50 323.06 366.05 -1000 -1000 -1000 -10 -1 -1 -1
81 14779 Pedestrian -1 -1 -10 798.55 151.26 840.42 277.08 -1000 -1000 -1000 -10 -1 -1 -1
81 14780 Pedestrian -1 -1 -10 449.76 154.74 534.82 306.25 -1000 -1000 -1000 -10 -1 -1 -1
81 14782 Car -1 -1 -10 449.49 168.87 482.57 195.81 -1000 -1000 -1000 -10 -1 -1 -1
82 14783 Car -1 -1 -10 0.28 213.94 313.71 365.53 -1000 -1000 -1000 -10 -1 -1 -1
82 14784 Pedestrian -1 -1 -10 800.87 152.88 874.08 281.01 -1000 -1000 -1000 -10 -1 -1 -1
82 14786 Car -1 -1 -10 449.14 169.12 483.57 194.97 -1000 -1000 -1000 -10 -1 -1 -1
82 14787 Pedestrian -1 -1 -10 464.33 152.95 533.12 309.29 -1000 -1000 -1000 -10 -1 -1 -1
83 14790 Car -1 -1 -10 0.58 215.37 308.40 366.27 -1000 -1000 -1000 -10 -1 -1 -1
83 14791 Pedestrian -1 -1 -10 807.40 155.54 891.33 283.68 -1000 -1000 -1000 -10 -1 -1 -1
83 14794 Pedestrian -1 -1 -10 472.28 146.22 540.89 299.99 -1000 -1000 -1000 -10 -1 -1 -1
83 14795 Car -1 -1 -10 448.27 169.67 482.01 195.26 -1000 -1000 -1000 -10 -1 -1 -1
83 14796 Pedestrian -1 -1 -10 74.87 179.27 113.57 219.88 -1000 -1000 -1000 -10 -1 -1 -1
84 14797 Car -1 -1 -10 0.43 216.70 304.55 366.29 -1000 -1000 -1000 -10 -1 -1 -1
84 14799 Pedestrian -1 -1 -10 489.40 148.26 557.79 307.51 -1000 -1000 -1000 -10 -1 -1 -1
84 14800 Pedestrian -1 -1 -10 832.95 151.38 893.24 284.28 -1000 -1000 -1000 -10 -1 -1 -1
84 14801 Pedestrian -1 -1 -10 564.42 157.60 625.60 255.73 -1000 -1000 -1000 -10 -1 -1 -1
84 14803 Car -1 -1 -10 447.99 170.09 482.34 195.30 -1000 -1000 -1000 -10 -1 -1 -1
84 14805 Pedestrian -1 -1 -10 108.12 176.93 140.31 219.73 -1000 -1000 -1000 -10 -1 -1 -1
84 14806 Pedestrian -1 -1 -10 82.91 180.36 116.17 220.94 -1000 -1000 -1000 -10 -1 -1 -1
85 14807 Car -1 -1 -10 0.00 216.83 296.81 365.95 -1000 -1000 -1000 -10 -1 -1 -1
85 14808 Pedestrian -1 -1 -10 505.64 152.97 584.02 311.84 -1000 -1000 -1000 -10 -1 -1 -1
85 14809 Pedestrian -1 -1 -10 862.87 152.38 901.78 280.37 -1000 -1000 -1000 -10 -1 -1 -1
85 14810 Pedestrian -1 -1 -10 587.32 161.72 649.55 251.00 -1000 -1000 -1000 -10 -1 -1 -1
85 14812 Car -1 -1 -10 447.43 170.84 482.39 195.53 -1000 -1000 -1000 -10 -1 -1 -1
85 14814 Pedestrian -1 -1 -10 110.99 178.10 144.76 222.38 -1000 -1000 -1000 -10 -1 -1 -1
85 14815 Pedestrian -1 -1 -10 85.10 183.42 120.05 226.67 -1000 -1000 -1000 -10 -1 -1 -1
86 14818 Car -1 -1 -10 0.32 217.54 295.32 365.87 -1000 -1000 -1000 -10 -1 -1 -1
86 14819 Pedestrian -1 -1 -10 513.75 156.62 595.01 309.57 -1000 -1000 -1000 -10 -1 -1 -1
86 14820 Pedestrian -1 -1 -10 871.87 148.93 937.88 286.87 -1000 -1000 -1000 -10 -1 -1 -1
86 14821 Pedestrian -1 -1 -10 607.71 163.25 673.96 250.37 -1000 -1000 -1000 -10 -1 -1 -1
86 14822 Car -1 -1 -10 447.82 171.28 481.80 196.11 -1000 -1000 -1000 -10 -1 -1 -1
86 14823 Pedestrian -1 -1 -10 89.38 181.95 121.30 229.83 -1000 -1000 -1000 -10 -1 -1 -1
86 14826 Pedestrian -1 -1 -10 115.89 180.39 148.74 222.33 -1000 -1000 -1000 -10 -1 -1 -1
87 14827 Car -1 -1 -10 0.30 217.62 292.63 365.16 -1000 -1000 -1000 -10 -1 -1 -1
87 14828 Pedestrian -1 -1 -10 872.55 155.45 961.69 288.89 -1000 -1000 -1000 -10 -1 -1 -1
87 14829 Pedestrian -1 -1 -10 514.56 156.29 599.40 315.41 -1000 -1000 -1000 -10 -1 -1 -1
87 14831 Pedestrian -1 -1 -10 627.95 164.57 693.06 254.95 -1000 -1000 -1000 -10 -1 -1 -1
87 14834 Car -1 -1 -10 447.43 171.48 481.61 196.29 -1000 -1000 -1000 -10 -1 -1 -1
87 14835 Pedestrian -1 -1 -10 90.51 179.35 126.10 232.12 -1000 -1000 -1000 -10 -1 -1 -1
87 14836 Pedestrian -1 -1 -10 120.92 179.98 155.78 242.14 -1000 -1000 -1000 -10 -1 -1 -1
88 14837 Car -1 -1 -10 0.26 218.37 288.66 365.65 -1000 -1000 -1000 -10 -1 -1 -1
88 14839 Pedestrian -1 -1 -10 524.36 147.83 603.74 312.81 -1000 -1000 -1000 -10 -1 -1 -1
88 14840 Pedestrian -1 -1 -10 652.13 162.20 715.38 258.30 -1000 -1000 -1000 -10 -1 -1 -1
88 14841 Pedestrian -1 -1 -10 887.99 152.69 960.71 290.04 -1000 -1000 -1000 -10 -1 -1 -1
88 14843 Car -1 -1 -10 447.41 171.32 481.43 196.48 -1000 -1000 -1000 -10 -1 -1 -1
88 14845 Pedestrian -1 -1 -10 125.54 176.09 161.90 253.06 -1000 -1000 -1000 -10 -1 -1 -1
89 14846 Car -1 -1 -10 0.23 219.48 289.08 365.67 -1000 -1000 -1000 -10 -1 -1 -1
89 14848 Pedestrian -1 -1 -10 673.82 164.92 736.84 256.73 -1000 -1000 -1000 -10 -1 -1 -1
89 14849 Pedestrian -1 -1 -10 544.24 147.31 610.87 312.05 -1000 -1000 -1000 -10 -1 -1 -1
89 14850 Pedestrian -1 -1 -10 919.97 147.33 965.91 288.51 -1000 -1000 -1000 -10 -1 -1 -1
89 14851 Car -1 -1 -10 446.79 171.76 481.67 196.24 -1000 -1000 -1000 -10 -1 -1 -1
89 14854 Pedestrian -1 -1 -10 99.20 180.89 136.64 241.09 -1000 -1000 -1000 -10 -1 -1 -1
90 14855 Car -1 -1 -10 0.21 219.60 289.10 365.78 -1000 -1000 -1000 -10 -1 -1 -1
90 14856 Pedestrian -1 -1 -10 560.45 149.00 639.82 311.13 -1000 -1000 -1000 -10 -1 -1 -1
90 14858 Pedestrian -1 -1 -10 937.95 146.90 986.19 291.12 -1000 -1000 -1000 -10 -1 -1 -1
90 14859 Pedestrian -1 -1 -10 697.38 159.32 763.69 254.35 -1000 -1000 -1000 -10 -1 -1 -1
90 14860 Car -1 -1 -10 446.59 171.48 481.40 196.36 -1000 -1000 -1000 -10 -1 -1 -1
90 14863 Pedestrian -1 -1 -10 108.69 181.33 145.40 244.31 -1000 -1000 -1000 -10 -1 -1 -1
91 14864 Car -1 -1 -10 0.17 219.68 287.58 365.73 -1000 -1000 -1000 -10 -1 -1 -1
91 14865 Pedestrian -1 -1 -10 571.47 152.34 665.36 317.92 -1000 -1000 -1000 -10 -1 -1 -1
91 14866 Pedestrian -1 -1 -10 938.95 147.45 1018.96 291.19 -1000 -1000 -1000 -10 -1 -1 -1
91 14868 Car -1 -1 -10 446.47 171.42 481.53 196.31 -1000 -1000 -1000 -10 -1 -1 -1
91 14869 Pedestrian -1 -1 -10 720.09 163.81 775.13 251.88 -1000 -1000 -1000 -10 -1 -1 -1
91 14871 Pedestrian -1 -1 -10 114.74 180.12 157.98 260.64 -1000 -1000 -1000 -10 -1 -1 -1
92 14873 Car -1 -1 -10 0.20 219.49 288.11 365.77 -1000 -1000 -1000 -10 -1 -1 -1
92 14875 Pedestrian -1 -1 -10 743.82 160.40 805.51 251.80 -1000 -1000 -1000 -10 -1 -1 -1
92 14876 Pedestrian -1 -1 -10 943.71 147.14 1025.21 287.19 -1000 -1000 -1000 -10 -1 -1 -1
92 14877 Pedestrian -1 -1 -10 575.69 153.92 655.55 320.61 -1000 -1000 -1000 -10 -1 -1 -1
92 14878 Car -1 -1 -10 446.97 171.42 481.24 196.86 -1000 -1000 -1000 -10 -1 -1 -1
92 14881 Pedestrian -1 -1 -10 125.08 178.81 157.83 255.88 -1000 -1000 -1000 -10 -1 -1 -1
93 14882 Car -1 -1 -10 0.21 221.64 287.74 365.35 -1000 -1000 -1000 -10 -1 -1 -1
93 14883 Pedestrian -1 -1 -10 578.88 154.01 667.57 315.67 -1000 -1000 -1000 -10 -1 -1 -1
93 14884 Pedestrian -1 -1 -10 766.60 163.66 831.91 248.68 -1000 -1000 -1000 -10 -1 -1 -1
93 14885 Car -1 -1 -10 447.98 171.42 481.44 197.70 -1000 -1000 -1000 -10 -1 -1 -1
93 14886 Pedestrian -1 -1 -10 968.39 149.52 1025.96 288.10 -1000 -1000 -1000 -10 -1 -1 -1
93 14889 Pedestrian -1 -1 -10 177.47 176.02 200.11 272.04 -1000 -1000 -1000 -10 -1 -1 -1
93 14890 Pedestrian -1 -1 -10 131.12 179.66 163.63 258.34 -1000 -1000 -1000 -10 -1 -1 -1
94 14891 Car -1 -1 -10 0.20 223.49 287.10 365.35 -1000 -1000 -1000 -10 -1 -1 -1
94 14892 Pedestrian -1 -1 -10 997.59 144.35 1050.24 288.18 -1000 -1000 -1000 -10 -1 -1 -1
94 14893 Pedestrian -1 -1 -10 592.04 156.73 666.36 310.32 -1000 -1000 -1000 -10 -1 -1 -1
94 14894 Car -1 -1 -10 447.13 173.33 482.19 199.56 -1000 -1000 -1000 -10 -1 -1 -1
94 14895 Pedestrian -1 -1 -10 175.79 173.14 202.97 274.81 -1000 -1000 -1000 -10 -1 -1 -1
94 14897 Pedestrian -1 -1 -10 789.33 165.37 858.56 251.07 -1000 -1000 -1000 -10 -1 -1 -1
95 14899 Car -1 -1 -10 0.23 224.47 286.44 365.00 -1000 -1000 -1000 -10 -1 -1 -1
95 14900 Pedestrian -1 -1 -10 1000.05 148.59 1077.29 289.70 -1000 -1000 -1000 -10 -1 -1 -1
95 14902 Pedestrian -1 -1 -10 177.09 174.08 211.24 279.78 -1000 -1000 -1000 -10 -1 -1 -1
95 14903 Pedestrian -1 -1 -10 619.60 155.53 681.46 310.52 -1000 -1000 -1000 -10 -1 -1 -1
95 14905 Car -1 -1 -10 446.68 174.47 481.78 199.76 -1000 -1000 -1000 -10 -1 -1 -1
95 14906 Pedestrian -1 -1 -10 814.74 161.48 889.95 259.03 -1000 -1000 -1000 -10 -1 -1 -1
96 14908 Car -1 -1 -10 0.20 224.07 286.72 365.35 -1000 -1000 -1000 -10 -1 -1 -1
96 14909 Pedestrian -1 -1 -10 631.60 154.28 719.28 314.91 -1000 -1000 -1000 -10 -1 -1 -1
96 14911 Pedestrian -1 -1 -10 1007.02 149.99 1105.49 289.67 -1000 -1000 -1000 -10 -1 -1 -1
96 14912 Car -1 -1 -10 447.19 173.34 482.18 199.65 -1000 -1000 -1000 -10 -1 -1 -1
96 14913 Pedestrian -1 -1 -10 181.13 175.12 220.47 271.55 -1000 -1000 -1000 -10 -1 -1 -1
96 14915 Pedestrian -1 -1 -10 835.75 155.47 891.00 251.63 -1000 -1000 -1000 -10 -1 -1 -1
97 14917 Car -1 -1 -10 0.21 224.23 287.24 365.58 -1000 -1000 -1000 -10 -1 -1 -1
97 14919 Pedestrian -1 -1 -10 1014.73 148.96 1104.06 291.10 -1000 -1000 -1000 -10 -1 -1 -1
97 14920 Pedestrian -1 -1 -10 635.49 156.50 731.89 318.07 -1000 -1000 -1000 -10 -1 -1 -1
97 14922 Car -1 -1 -10 446.73 174.04 481.97 199.78 -1000 -1000 -1000 -10 -1 -1 -1
97 14923 Pedestrian -1 -1 -10 185.04 174.63 225.87 274.67 -1000 -1000 -1000 -10 -1 -1 -1
97 14924 Pedestrian -1 -1 -10 858.69 158.83 921.53 249.71 -1000 -1000 -1000 -10 -1 -1 -1
98 14926 Car -1 -1 -10 0.22 224.10 286.79 365.82 -1000 -1000 -1000 -10 -1 -1 -1
98 14928 Pedestrian -1 -1 -10 1040.25 141.13 1102.25 284.69 -1000 -1000 -1000 -10 -1 -1 -1
98 14929 Car -1 -1 -10 446.94 173.21 481.78 199.61 -1000 -1000 -1000 -10 -1 -1 -1
98 14931 Pedestrian -1 -1 -10 196.26 175.16 232.17 269.89 -1000 -1000 -1000 -10 -1 -1 -1
98 14932 Pedestrian -1 -1 -10 640.09 153.83 729.01 317.32 -1000 -1000 -1000 -10 -1 -1 -1
98 14933 Pedestrian -1 -1 -10 883.34 162.58 956.66 245.02 -1000 -1000 -1000 -10 -1 -1 -1
99 14935 Car -1 -1 -10 0.22 223.40 286.93 365.67 -1000 -1000 -1000 -10 -1 -1 -1
99 14937 Pedestrian -1 -1 -10 1064.51 132.30 1117.65 289.86 -1000 -1000 -1000 -10 -1 -1 -1
99 14938 Car -1 -1 -10 447.22 173.38 482.19 199.61 -1000 -1000 -1000 -10 -1 -1 -1
99 14939 Pedestrian -1 -1 -10 202.31 172.78 242.51 281.47 -1000 -1000 -1000 -10 -1 -1 -1
99 14942 Pedestrian -1 -1 -10 179.56 176.47 214.37 279.64 -1000 -1000 -1000 -10 -1 -1 -1
100 14943 Car -1 -1 -10 0.22 224.50 287.03 365.64 -1000 -1000 -1000 -10 -1 -1 -1
100 14944 Pedestrian -1 -1 -10 1075.58 137.63 1149.93 283.48 -1000 -1000 -1000 -10 -1 -1 -1
100 14946 Car -1 -1 -10 446.97 173.87 481.80 199.70 -1000 -1000 -1000 -10 -1 -1 -1
100 14947 Pedestrian -1 -1 -10 691.32 148.90 739.99 311.18 -1000 -1000 -1000 -10 -1 -1 -1
100 14948 Pedestrian -1 -1 -10 210.79 174.07 253.76 280.51 -1000 -1000 -1000 -10 -1 -1 -1
100 14950 Pedestrian -1 -1 -10 183.40 178.51 225.70 283.15 -1000 -1000 -1000 -10 -1 -1 -1
101 14951 Car -1 -1 -10 0.21 224.44 286.21 365.48 -1000 -1000 -1000 -10 -1 -1 -1
101 14952 Pedestrian -1 -1 -10 1078.37 132.77 1167.59 285.59 -1000 -1000 -1000 -10 -1 -1 -1
101 14953 Pedestrian -1 -1 -10 964.58 142.92 1014.28 252.92 -1000 -1000 -1000 -10 -1 -1 -1
101 14955 Car -1 -1 -10 447.09 173.33 481.97 199.67 -1000 -1000 -1000 -10 -1 -1 -1
101 14956 Pedestrian -1 -1 -10 219.03 175.09 265.72 276.47 -1000 -1000 -1000 -10 -1 -1 -1
101 14957 Pedestrian -1 -1 -10 693.24 151.58 768.12 313.55 -1000 -1000 -1000 -10 -1 -1 -1
101 14958 Pedestrian -1 -1 -10 192.39 178.45 231.10 282.76 -1000 -1000 -1000 -10 -1 -1 -1
102 14961 Car -1 -1 -10 0.22 224.04 286.12 365.67 -1000 -1000 -1000 -10 -1 -1 -1
102 14962 Pedestrian -1 -1 -10 1091.41 133.69 1167.05 283.23 -1000 -1000 -1000 -10 -1 -1 -1
102 14963 Pedestrian -1 -1 -10 692.79 160.33 729.76 298.65 -1000 -1000 -1000 -10 -1 -1 -1
102 14966 Car -1 -1 -10 447.22 173.44 482.06 199.70 -1000 -1000 -1000 -10 -1 -1 -1
102 14967 Pedestrian -1 -1 -10 715.29 156.31 796.39 312.60 -1000 -1000 -1000 -10 -1 -1 -1
102 14968 Car -1 -1 -10 875.68 158.11 986.57 198.13 -1000 -1000 -1000 -10 -1 -1 -1
102 14969 Pedestrian -1 -1 -10 197.41 176.59 231.04 280.59 -1000 -1000 -1000 -10 -1 -1 -1
102 14970 Pedestrian -1 -1 -10 227.00 173.42 274.87 275.29 -1000 -1000 -1000 -10 -1 -1 -1
103 14972 Car -1 -1 -10 0.22 224.38 286.82 365.65 -1000 -1000 -1000 -10 -1 -1 -1
103 14974 Pedestrian -1 -1 -10 709.97 151.53 798.16 315.48 -1000 -1000 -1000 -10 -1 -1 -1
103 14975 Pedestrian -1 -1 -10 1124.51 131.54 1175.91 282.11 -1000 -1000 -1000 -10 -1 -1 -1
103 14976 Pedestrian -1 -1 -10 237.77 171.91 278.38 277.60 -1000 -1000 -1000 -10 -1 -1 -1
103 14977 Car -1 -1 -10 447.18 173.38 481.84 199.59 -1000 -1000 -1000 -10 -1 -1 -1
103 14978 Pedestrian -1 -1 -10 696.34 158.21 745.09 305.01 -1000 -1000 -1000 -10 -1 -1 -1
103 14979 Car -1 -1 -10 858.84 162.06 968.37 198.69 -1000 -1000 -1000 -10 -1 -1 -1
103 14980 Pedestrian -1 -1 -10 203.62 174.59 243.22 280.33 -1000 -1000 -1000 -10 -1 -1 -1
104 14983 Car -1 -1 -10 0.22 224.06 286.61 365.94 -1000 -1000 -1000 -10 -1 -1 -1
104 14984 Pedestrian -1 -1 -10 1135.08 130.75 1208.78 281.98 -1000 -1000 -1000 -10 -1 -1 -1
104 14985 Pedestrian -1 -1 -10 734.98 151.19 799.45 310.84 -1000 -1000 -1000 -10 -1 -1 -1
104 14986 Car -1 -1 -10 842.74 162.93 951.59 198.78 -1000 -1000 -1000 -10 -1 -1 -1
104 14987 Pedestrian -1 -1 -10 207.26 176.49 249.59 283.55 -1000 -1000 -1000 -10 -1 -1 -1
104 14989 Car -1 -1 -10 447.27 173.32 482.07 199.57 -1000 -1000 -1000 -10 -1 -1 -1
104 14991 Pedestrian -1 -1 -10 244.88 173.31 279.17 279.03 -1000 -1000 -1000 -10 -1 -1 -1
104 14993 Pedestrian -1 -1 -10 703.06 161.70 759.19 303.16 -1000 -1000 -1000 -10 -1 -1 -1
105 14994 Car -1 -1 -10 0.21 224.13 286.97 365.59 -1000 -1000 -1000 -10 -1 -1 -1
105 14995 Pedestrian -1 -1 -10 1136.88 133.45 1223.39 282.99 -1000 -1000 -1000 -10 -1 -1 -1
105 14997 Car -1 -1 -10 825.97 162.35 932.26 199.57 -1000 -1000 -1000 -10 -1 -1 -1
105 14999 Pedestrian -1 -1 -10 755.18 148.82 808.07 310.27 -1000 -1000 -1000 -10 -1 -1 -1
105 15000 Car -1 -1 -10 447.18 173.28 481.95 199.54 -1000 -1000 -1000 -10 -1 -1 -1
105 15001 Pedestrian -1 -1 -10 251.43 170.72 289.82 279.00 -1000 -1000 -1000 -10 -1 -1 -1
105 15002 Pedestrian -1 -1 -10 215.72 177.76 256.87 281.57 -1000 -1000 -1000 -10 -1 -1 -1
106 15004 Car -1 -1 -10 0.24 223.80 286.62 365.73 -1000 -1000 -1000 -10 -1 -1 -1
106 15005 Pedestrian -1 -1 -10 1142.35 131.51 1223.36 282.83 -1000 -1000 -1000 -10 -1 -1 -1
106 15006 Pedestrian -1 -1 -10 764.97 147.64 825.80 311.56 -1000 -1000 -1000 -10 -1 -1 -1
106 15007 Pedestrian -1 -1 -10 742.47 159.58 780.25 293.67 -1000 -1000 -1000 -10 -1 -1 -1
106 15008 Car -1 -1 -10 812.47 162.75 915.41 199.21 -1000 -1000 -1000 -10 -1 -1 -1
106 15010 Car -1 -1 -10 447.20 173.30 481.99 199.70 -1000 -1000 -1000 -10 -1 -1 -1
106 15013 Pedestrian -1 -1 -10 260.41 174.05 296.98 268.19 -1000 -1000 -1000 -10 -1 -1 -1
106 15014 Pedestrian -1 -1 -10 228.09 175.01 259.83 282.18 -1000 -1000 -1000 -10 -1 -1 -1
107 15015 Car -1 -1 -10 0.24 223.82 286.36 365.83 -1000 -1000 -1000 -10 -1 -1 -1
107 15017 Pedestrian -1 -1 -10 772.21 150.69 859.15 313.91 -1000 -1000 -1000 -10 -1 -1 -1
107 15018 Pedestrian -1 -1 -10 1161.65 125.47 1223.75 278.39 -1000 -1000 -1000 -10 -1 -1 -1
107 15019 Pedestrian -1 -1 -10 745.86 160.13 785.37 301.10 -1000 -1000 -1000 -10 -1 -1 -1
107 15020 Car -1 -1 -10 447.12 173.27 481.97 199.54 -1000 -1000 -1000 -10 -1 -1 -1
107 15022 Car -1 -1 -10 817.26 159.74 896.42 198.65 -1000 -1000 -1000 -10 -1 -1 -1
107 15023 Pedestrian -1 -1 -10 234.99 174.84 267.37 273.44 -1000 -1000 -1000 -10 -1 -1 -1
107 15025 Pedestrian -1 -1 -10 265.93 172.65 305.27 276.19 -1000 -1000 -1000 -10 -1 -1 -1
108 15026 Car -1 -1 -10 0.24 223.81 285.85 365.47 -1000 -1000 -1000 -10 -1 -1 -1
108 15027 Pedestrian -1 -1 -10 772.44 151.81 869.48 313.65 -1000 -1000 -1000 -10 -1 -1 -1
108 15028 Pedestrian -1 -1 -10 238.08 172.85 275.82 285.54 -1000 -1000 -1000 -10 -1 -1 -1
108 15029 Pedestrian -1 -1 -10 745.05 159.39 801.41 302.77 -1000 -1000 -1000 -10 -1 -1 -1
108 15031 Car -1 -1 -10 447.29 173.25 481.77 199.52 -1000 -1000 -1000 -10 -1 -1 -1
108 15033 Pedestrian -1 -1 -10 274.44 172.84 310.69 259.15 -1000 -1000 -1000 -10 -1 -1 -1
109 15035 Car -1 -1 -10 0.18 224.38 287.12 365.98 -1000 -1000 -1000 -10 -1 -1 -1
109 15036 Pedestrian -1 -1 -10 277.94 170.73 317.88 284.71 -1000 -1000 -1000 -10 -1 -1 -1
109 15037 Pedestrian -1 -1 -10 785.84 149.18 866.03 314.21 -1000 -1000 -1000 -10 -1 -1 -1
109 15039 Car -1 -1 -10 447.05 173.37 482.02 199.64 -1000 -1000 -1000 -10 -1 -1 -1
109 15041 Pedestrian -1 -1 -10 752.14 159.32 818.32 301.15 -1000 -1000 -1000 -10 -1 -1 -1
109 15043 Pedestrian -1 -1 -10 246.57 174.26 284.32 286.01 -1000 -1000 -1000 -10 -1 -1 -1
110 15044 Car -1 -1 -10 0.26 223.55 287.31 365.26 -1000 -1000 -1000 -10 -1 -1 -1
110 15045 Pedestrian -1 -1 -10 810.49 147.29 876.96 310.61 -1000 -1000 -1000 -10 -1 -1 -1
110 15046 Car -1 -1 -10 447.27 173.31 482.06 199.48 -1000 -1000 -1000 -10 -1 -1 -1
110 15049 Pedestrian -1 -1 -10 287.90 170.63 325.79 275.32 -1000 -1000 -1000 -10 -1 -1 -1
110 15050 Pedestrian -1 -1 -10 786.14 159.81 832.14 292.46 -1000 -1000 -1000 -10 -1 -1 -1
111 15051 Car -1 -1 -10 0.25 223.77 285.90 365.29 -1000 -1000 -1000 -10 -1 -1 -1
111 15052 Pedestrian -1 -1 -10 796.76 157.01 841.85 297.70 -1000 -1000 -1000 -10 -1 -1 -1
111 15053 Pedestrian -1 -1 -10 827.54 146.01 888.45 313.62 -1000 -1000 -1000 -10 -1 -1 -1
111 15055 Car -1 -1 -10 447.21 173.36 481.96 199.55 -1000 -1000 -1000 -10 -1 -1 -1
111 15056 Pedestrian -1 -1 -10 290.99 169.98 347.72 278.01 -1000 -1000 -1000 -10 -1 -1 -1
111 15057 Car -1 -1 -10 742.42 168.83 815.38 201.43 -1000 -1000 -1000 -10 -1 -1 -1
111 15060 Pedestrian -1 -1 -10 265.47 173.66 302.98 281.48 -1000 -1000 -1000 -10 -1 -1 -1
112 15061 Car -1 -1 -10 0.23 223.72 286.33 365.30 -1000 -1000 -1000 -10 -1 -1 -1
112 15062 Pedestrian -1 -1 -10 840.16 146.35 912.66 311.36 -1000 -1000 -1000 -10 -1 -1 -1
112 15063 Pedestrian -1 -1 -10 808.44 161.77 848.14 303.97 -1000 -1000 -1000 -10 -1 -1 -1
112 15064 Car -1 -1 -10 729.17 169.26 818.58 200.44 -1000 -1000 -1000 -10 -1 -1 -1
112 15066 Car -1 -1 -10 447.12 173.41 482.09 199.73 -1000 -1000 -1000 -10 -1 -1 -1
112 15067 Pedestrian -1 -1 -10 306.71 170.12 347.64 268.36 -1000 -1000 -1000 -10 -1 -1 -1
112 15068 Pedestrian -1 -1 -10 272.56 170.55 310.72 282.03 -1000 -1000 -1000 -10 -1 -1 -1
113 15070 Car -1 -1 -10 0.25 224.30 286.28 365.23 -1000 -1000 -1000 -10 -1 -1 -1
113 15071 Pedestrian -1 -1 -10 843.06 152.08 933.53 311.53 -1000 -1000 -1000 -10 -1 -1 -1
113 15073 Pedestrian -1 -1 -10 812.14 159.91 864.02 303.97 -1000 -1000 -1000 -10 -1 -1 -1
113 15074 Car -1 -1 -10 447.11 173.50 482.06 199.71 -1000 -1000 -1000 -10 -1 -1 -1
113 15075 Pedestrian -1 -1 -10 277.84 171.19 315.64 284.23 -1000 -1000 -1000 -10 -1 -1 -1
113 15076 Pedestrian -1 -1 -10 311.92 172.88 353.95 275.18 -1000 -1000 -1000 -10 -1 -1 -1
113 15077 Car -1 -1 -10 717.96 167.29 806.53 200.53 -1000 -1000 -1000 -10 -1 -1 -1
114 15079 Car -1 -1 -10 0.24 223.95 287.10 365.11 -1000 -1000 -1000 -10 -1 -1 -1
114 15080 Car -1 -1 -10 709.63 168.28 791.18 199.63 -1000 -1000 -1000 -10 -1 -1 -1
114 15081 Pedestrian -1 -1 -10 814.46 158.18 878.48 303.40 -1000 -1000 -1000 -10 -1 -1 -1
114 15082 Pedestrian -1 -1 -10 847.60 149.51 933.78 311.74 -1000 -1000 -1000 -10 -1 -1 -1
114 15084 Car -1 -1 -10 447.25 173.48 482.09 199.67 -1000 -1000 -1000 -10 -1 -1 -1
114 15085 Pedestrian -1 -1 -10 321.56 167.59 358.95 290.03 -1000 -1000 -1000 -10 -1 -1 -1
114 15086 Pedestrian -1 -1 -10 283.85 172.84 323.18 295.29 -1000 -1000 -1000 -10 -1 -1 -1
115 15088 Car -1 -1 -10 0.24 223.98 287.99 365.13 -1000 -1000 -1000 -10 -1 -1 -1
115 15089 Pedestrian -1 -1 -10 870.19 146.09 936.81 311.40 -1000 -1000 -1000 -10 -1 -1 -1
115 15090 Car -1 -1 -10 700.12 165.93 775.57 200.01 -1000 -1000 -1000 -10 -1 -1 -1
115 15091 Pedestrian -1 -1 -10 846.52 160.16 890.69 291.30 -1000 -1000 -1000 -10 -1 -1 -1
115 15092 Pedestrian -1 -1 -10 330.72 169.21 369.24 287.31 -1000 -1000 -1000 -10 -1 -1 -1
115 15093 Car -1 -1 -10 447.03 173.38 482.11 199.75 -1000 -1000 -1000 -10 -1 -1 -1
115 15096 Pedestrian -1 -1 -10 289.21 172.80 330.42 280.57 -1000 -1000 -1000 -10 -1 -1 -1
116 15097 Car -1 -1 -10 0.26 223.75 287.17 365.32 -1000 -1000 -1000 -10 -1 -1 -1
116 15098 Car -1 -1 -10 691.31 166.01 765.03 200.16 -1000 -1000 -1000 -10 -1 -1 -1
116 15099 Pedestrian -1 -1 -10 890.06 143.99 950.55 312.24 -1000 -1000 -1000 -10 -1 -1 -1
116 15100 Pedestrian -1 -1 -10 858.00 152.87 902.47 299.04 -1000 -1000 -1000 -10 -1 -1 -1
116 15101 Car -1 -1 -10 447.01 173.31 482.05 199.79 -1000 -1000 -1000 -10 -1 -1 -1
116 15104 Pedestrian -1 -1 -10 338.13 174.38 377.23 264.60 -1000 -1000 -1000 -10 -1 -1 -1
117 15105 Car -1 -1 -10 0.25 223.99 287.34 365.12 -1000 -1000 -1000 -10 -1 -1 -1
117 15106 Car -1 -1 -10 685.98 165.79 754.98 199.78 -1000 -1000 -1000 -10 -1 -1 -1
117 15107 Pedestrian -1 -1 -10 900.89 143.70 971.73 313.74 -1000 -1000 -1000 -10 -1 -1 -1
117 15109 Pedestrian -1 -1 -10 349.77 175.93 383.19 267.48 -1000 -1000 -1000 -10 -1 -1 -1
117 15110 Car -1 -1 -10 447.12 173.34 482.06 199.61 -1000 -1000 -1000 -10 -1 -1 -1
117 15111 Pedestrian -1 -1 -10 868.00 155.73 917.27 302.56 -1000 -1000 -1000 -10 -1 -1 -1
118 15113 Car -1 -1 -10 0.18 225.09 286.90 365.77 -1000 -1000 -1000 -10 -1 -1 -1
118 15114 Pedestrian -1 -1 -10 907.67 145.52 1004.70 311.92 -1000 -1000 -1000 -10 -1 -1 -1
118 15115 Car -1 -1 -10 678.63 165.17 745.10 198.62 -1000 -1000 -1000 -10 -1 -1 -1
118 15116 Car -1 -1 -10 447.06 173.23 482.10 199.60 -1000 -1000 -1000 -10 -1 -1 -1
118 15118 Pedestrian -1 -1 -10 869.96 153.92 925.56 302.36 -1000 -1000 -1000 -10 -1 -1 -1
118 15119 Pedestrian -1 -1 -10 350.71 169.85 397.24 288.02 -1000 -1000 -1000 -10 -1 -1 -1
119 15121 Car -1 -1 -10 0.25 224.10 287.16 365.47 -1000 -1000 -1000 -10 -1 -1 -1
119 15122 Pedestrian -1 -1 -10 908.59 146.96 1010.86 312.32 -1000 -1000 -1000 -10 -1 -1 -1
119 15123 Car -1 -1 -10 447.18 173.28 482.15 199.61 -1000 -1000 -1000 -10 -1 -1 -1
119 15124 Pedestrian -1 -1 -10 873.30 158.44 934.85 298.69 -1000 -1000 -1000 -10 -1 -1 -1
119 15126 Pedestrian -1 -1 -10 361.30 174.54 403.03 281.51 -1000 -1000 -1000 -10 -1 -1 -1
119 15128 Car -1 -1 -10 673.63 164.77 734.10 197.37 -1000 -1000 -1000 -10 -1 -1 -1
120 15129 Car -1 -1 -10 0.24 223.76 287.03 365.18 -1000 -1000 -1000 -10 -1 -1 -1
120 15130 Pedestrian -1 -1 -10 921.08 146.60 1014.76 311.80 -1000 -1000 -1000 -10 -1 -1 -1
120 15131 Pedestrian -1 -1 -10 370.29 170.88 417.00 280.69 -1000 -1000 -1000 -10 -1 -1 -1
120 15132 Car -1 -1 -10 447.33 173.30 482.13 199.76 -1000 -1000 -1000 -10 -1 -1 -1
120 15134 Pedestrian -1 -1 -10 887.93 156.60 956.62 298.49 -1000 -1000 -1000 -10 -1 -1 -1
120 15135 Car -1 -1 -10 670.95 167.00 724.02 197.03 -1000 -1000 -1000 -10 -1 -1 -1
121 15137 Car -1 -1 -10 0.23 224.11 286.83 364.95 -1000 -1000 -1000 -10 -1 -1 -1
121 15138 Pedestrian -1 -1 -10 944.78 142.89 1018.85 310.94 -1000 -1000 -1000 -10 -1 -1 -1
121 15139 Pedestrian -1 -1 -10 375.87 169.73 433.70 279.04 -1000 -1000 -1000 -10 -1 -1 -1
121 15140 Car -1 -1 -10 447.55 173.14 482.26 199.73 -1000 -1000 -1000 -10 -1 -1 -1
121 15142 Pedestrian -1 -1 -10 921.11 152.86 966.83 293.86 -1000 -1000 -1000 -10 -1 -1 -1
121 15144 Pedestrian -1 -1 -10 350.94 167.87 383.76 282.43 -1000 -1000 -1000 -10 -1 -1 -1
122 15145 Car -1 -1 -10 0.23 224.11 287.02 364.91 -1000 -1000 -1000 -10 -1 -1 -1
122 15147 Car -1 -1 -10 447.74 173.10 482.46 199.71 -1000 -1000 -1000 -10 -1 -1 -1
122 15148 Pedestrian -1 -1 -10 935.14 146.90 981.89 301.90 -1000 -1000 -1000 -10 -1 -1 -1
122 15149 Pedestrian -1 -1 -10 384.09 181.58 437.38 277.05 -1000 -1000 -1000 -10 -1 -1 -1
122 15150 Pedestrian -1 -1 -10 971.06 144.24 1024.74 307.91 -1000 -1000 -1000 -10 -1 -1 -1
122 15152 Pedestrian -1 -1 -10 358.79 167.06 392.95 281.18 -1000 -1000 -1000 -10 -1 -1 -1
123 15153 Car -1 -1 -10 0.18 224.19 286.50 365.61 -1000 -1000 -1000 -10 -1 -1 -1
123 15154 Pedestrian -1 -1 -10 980.12 143.09 1058.65 311.88 -1000 -1000 -1000 -10 -1 -1 -1
123 15155 Pedestrian -1 -1 -10 942.97 152.68 992.71 304.07 -1000 -1000 -1000 -10 -1 -1 -1
123 15157 Car -1 -1 -10 448.11 172.75 482.25 199.45 -1000 -1000 -1000 -10 -1 -1 -1
123 15158 Pedestrian -1 -1 -10 395.71 177.02 445.51 291.35 -1000 -1000 -1000 -10 -1 -1 -1
123 15160 Car -1 -1 -10 658.48 169.27 704.78 195.42 -1000 -1000 -1000 -10 -1 -1 -1
123 15161 Pedestrian -1 -1 -10 367.42 168.97 405.21 286.75 -1000 -1000 -1000 -10 -1 -1 -1
124 15162 Car -1 -1 -10 0.24 224.24 287.72 365.04 -1000 -1000 -1000 -10 -1 -1 -1
124 15163 Pedestrian -1 -1 -10 945.49 155.28 1006.39 304.96 -1000 -1000 -1000 -10 -1 -1 -1
124 15164 Pedestrian -1 -1 -10 985.35 144.44 1073.70 308.39 -1000 -1000 -1000 -10 -1 -1 -1
124 15166 Car -1 -1 -10 448.30 172.81 482.03 199.28 -1000 -1000 -1000 -10 -1 -1 -1
124 15168 Pedestrian -1 -1 -10 401.63 177.96 446.60 279.64 -1000 -1000 -1000 -10 -1 -1 -1
125 15169 Car -1 -1 -10 0.24 224.35 287.01 365.24 -1000 -1000 -1000 -10 -1 -1 -1
125 15170 Pedestrian -1 -1 -10 992.79 144.38 1076.06 306.88 -1000 -1000 -1000 -10 -1 -1 -1
125 15171 Pedestrian -1 -1 -10 971.01 154.44 1022.58 292.61 -1000 -1000 -1000 -10 -1 -1 -1
125 15172 Car -1 -1 -10 447.21 173.09 482.18 199.86 -1000 -1000 -1000 -10 -1 -1 -1
125 15174 Pedestrian -1 -1 -10 413.54 169.65 456.54 278.17 -1000 -1000 -1000 -10 -1 -1 -1
126 15176 Car -1 -1 -10 0.22 223.87 287.02 365.02 -1000 -1000 -1000 -10 -1 -1 -1
126 15177 Pedestrian -1 -1 -10 986.41 150.78 1034.30 292.32 -1000 -1000 -1000 -10 -1 -1 -1
126 15178 Pedestrian -1 -1 -10 1016.04 138.67 1081.30 306.61 -1000 -1000 -1000 -10 -1 -1 -1
126 15179 Car -1 -1 -10 447.60 173.07 482.19 199.48 -1000 -1000 -1000 -10 -1 -1 -1
126 15181 Pedestrian -1 -1 -10 419.51 173.76 468.14 276.87 -1000 -1000 -1000 -10 -1 -1 -1
126 15183 Car -1 -1 -10 653.65 169.36 690.38 194.71 -1000 -1000 -1000 -10 -1 -1 -1
127 15184 Car -1 -1 -10 0.23 224.52 286.92 365.09 -1000 -1000 -1000 -10 -1 -1 -1
127 15185 Pedestrian -1 -1 -10 1034.13 136.16 1098.83 305.26 -1000 -1000 -1000 -10 -1 -1 -1
127 15186 Pedestrian -1 -1 -10 1000.47 151.05 1052.80 299.16 -1000 -1000 -1000 -10 -1 -1 -1
127 15188 Pedestrian -1 -1 -10 428.91 175.69 479.14 283.78 -1000 -1000 -1000 -10 -1 -1 -1
127 15189 Car -1 -1 -10 652.16 167.91 686.52 194.18 -1000 -1000 -1000 -10 -1 -1 -1
128 15191 Car -1 -1 -10 0.22 223.82 287.27 364.91 -1000 -1000 -1000 -10 -1 -1 -1
128 15193 Pedestrian -1 -1 -10 439.15 166.70 491.43 290.73 -1000 -1000 -1000 -10 -1 -1 -1
128 15194 Pedestrian -1 -1 -10 1005.08 149.16 1061.42 298.97 -1000 -1000 -1000 -10 -1 -1 -1
128 15195 Pedestrian -1 -1 -10 1043.38 135.23 1123.19 304.20 -1000 -1000 -1000 -10 -1 -1 -1
128 15196 Car -1 -1 -10 651.59 167.41 684.51 192.08 -1000 -1000 -1000 -10 -1 -1 -1
129 15198 Car -1 -1 -10 0.23 223.48 287.18 364.81 -1000 -1000 -1000 -10 -1 -1 -1
129 15199 Pedestrian -1 -1 -10 1053.74 137.79 1153.73 305.22 -1000 -1000 -1000 -10 -1 -1 -1
129 15200 Pedestrian -1 -1 -10 1007.76 148.24 1073.49 300.56 -1000 -1000 -1000 -10 -1 -1 -1
129 15202 Car -1 -1 -10 650.83 168.20 680.50 191.57 -1000 -1000 -1000 -10 -1 -1 -1
129 15203 Pedestrian -1 -1 -10 444.33 168.25 489.03 285.11 -1000 -1000 -1000 -10 -1 -1 -1
130 15205 Car -1 -1 -10 0.23 223.51 287.06 364.77 -1000 -1000 -1000 -10 -1 -1 -1
130 15206 Pedestrian -1 -1 -10 1054.01 132.16 1168.67 305.96 -1000 -1000 -1000 -10 -1 -1 -1
130 15208 Pedestrian -1 -1 -10 1016.58 147.55 1081.03 296.16 -1000 -1000 -1000 -10 -1 -1 -1
130 15209 Pedestrian -1 -1 -10 455.94 168.68 499.95 275.91 -1000 -1000 -1000 -10 -1 -1 -1
130 15211 Car -1 -1 -10 647.97 168.82 677.40 191.07 -1000 -1000 -1000 -10 -1 -1 -1
131 15212 Car -1 -1 -10 0.23 223.60 286.96 364.70 -1000 -1000 -1000 -10 -1 -1 -1
131 15213 Pedestrian -1 -1 -10 1065.33 133.04 1167.95 306.26 -1000 -1000 -1000 -10 -1 -1 -1
131 15214 Pedestrian -1 -1 -10 444.41 169.88 516.04 276.48 -1000 -1000 -1000 -10 -1 -1 -1
131 15216 Pedestrian -1 -1 -10 1043.31 144.95 1097.82 291.54 -1000 -1000 -1000 -10 -1 -1 -1
131 15218 Car -1 -1 -10 647.87 168.57 676.42 190.66 -1000 -1000 -1000 -10 -1 -1 -1
132 15219 Car -1 -1 -10 0.23 223.58 286.72 364.92 -1000 -1000 -1000 -10 -1 -1 -1
132 15220 Pedestrian -1 -1 -10 1062.46 143.01 1110.43 286.73 -1000 -1000 -1000 -10 -1 -1 -1
132 15221 Pedestrian -1 -1 -10 1084.21 129.90 1167.41 303.89 -1000 -1000 -1000 -10 -1 -1 -1
132 15223 Pedestrian -1 -1 -10 469.98 173.61 527.61 284.43 -1000 -1000 -1000 -10 -1 -1 -1
132 15225 Car -1 -1 -10 646.31 167.98 676.49 190.55 -1000 -1000 -1000 -10 -1 -1 -1
133 15226 Car -1 -1 -10 0.23 223.80 286.85 364.83 -1000 -1000 -1000 -10 -1 -1 -1
133 15227 Pedestrian -1 -1 -10 1112.50 127.30 1177.60 305.16 -1000 -1000 -1000 -10 -1 -1 -1
133 15228 Pedestrian -1 -1 -10 1069.28 143.46 1126.56 296.05 -1000 -1000 -1000 -10 -1 -1 -1
133 15231 Pedestrian -1 -1 -10 462.20 171.40 525.07 278.14 -1000 -1000 -1000 -10 -1 -1 -1
133 15232 Car -1 -1 -10 446.86 174.64 476.37 198.92 -1000 -1000 -1000 -10 -1 -1 -1
134 15233 Car -1 -1 -10 0.25 223.79 286.99 364.97 -1000 -1000 -1000 -10 -1 -1 -1
134 15234 Pedestrian -1 -1 -10 1126.27 127.32 1201.05 301.59 -1000 -1000 -1000 -10 -1 -1 -1
134 15235 Pedestrian -1 -1 -10 1075.68 146.67 1144.86 295.72 -1000 -1000 -1000 -10 -1 -1 -1
134 15237 Car -1 -1 -10 447.16 172.75 480.04 200.84 -1000 -1000 -1000 -10 -1 -1 -1
134 15239 Pedestrian -1 -1 -10 490.45 170.29 525.57 278.21 -1000 -1000 -1000 -10 -1 -1 -1
135 15240 Car -1 -1 -10 0.25 223.60 286.82 364.82 -1000 -1000 -1000 -10 -1 -1 -1
135 15241 Pedestrian -1 -1 -10 1134.60 131.95 1223.42 302.99 -1000 -1000 -1000 -10 -1 -1 -1
135 15242 Pedestrian -1 -1 -10 1084.51 145.38 1146.67 294.79 -1000 -1000 -1000 -10 -1 -1 -1
135 15243 Car -1 -1 -10 447.46 172.83 484.01 200.10 -1000 -1000 -1000 -10 -1 -1 -1
135 15246 Pedestrian -1 -1 -10 477.83 158.08 537.53 277.44 -1000 -1000 -1000 -10 -1 -1 -1
136 15248 Car -1 -1 -10 0.24 223.45 287.07 365.06 -1000 -1000 -1000 -10 -1 -1 -1
136 15249 Pedestrian -1 -1 -10 1139.99 127.07 1223.72 302.21 -1000 -1000 -1000 -10 -1 -1 -1
136 15250 Car -1 -1 -10 447.42 172.11 481.83 199.78 -1000 -1000 -1000 -10 -1 -1 -1
136 15251 Pedestrian -1 -1 -10 1106.24 139.32 1161.74 289.75 -1000 -1000 -1000 -10 -1 -1 -1
136 15253 Pedestrian -1 -1 -10 490.33 170.51 555.63 272.66 -1000 -1000 -1000 -10 -1 -1 -1
137 15255 Car -1 -1 -10 0.24 223.51 287.01 365.11 -1000 -1000 -1000 -10 -1 -1 -1
137 15256 Pedestrian -1 -1 -10 1152.34 123.37 1223.16 299.95 -1000 -1000 -1000 -10 -1 -1 -1
137 15257 Pedestrian -1 -1 -10 1118.16 132.56 1176.37 281.50 -1000 -1000 -1000 -10 -1 -1 -1
137 15258 Car -1 -1 -10 447.49 172.23 481.96 199.54 -1000 -1000 -1000 -10 -1 -1 -1
137 15261 Pedestrian -1 -1 -10 498.40 168.34 566.31 277.98 -1000 -1000 -1000 -10 -1 -1 -1
138 15262 Car -1 -1 -10 0.24 223.63 286.95 365.10 -1000 -1000 -1000 -10 -1 -1 -1
138 15263 Pedestrian -1 -1 -10 1130.01 135.64 1194.95 287.42 -1000 -1000 -1000 -10 -1 -1 -1
138 15265 Car -1 -1 -10 447.41 173.04 482.32 199.60 -1000 -1000 -1000 -10 -1 -1 -1
138 15267 Pedestrian -1 -1 -10 504.74 171.73 550.17 275.47 -1000 -1000 -1000 -10 -1 -1 -1
138 15268 Pedestrian -1 -1 -10 1178.07 137.21 1223.72 288.51 -1000 -1000 -1000 -10 -1 -1 -1
139 15269 Car -1 -1 -10 0.25 223.37 287.06 365.16 -1000 -1000 -1000 -10 -1 -1 -1
139 15270 Pedestrian -1 -1 -10 1130.71 138.17 1223.31 288.98 -1000 -1000 -1000 -10 -1 -1 -1
139 15271 Car -1 -1 -10 447.39 173.15 482.00 199.34 -1000 -1000 -1000 -10 -1 -1 -1
139 15273 Pedestrian -1 -1 -10 521.29 172.95 569.62 275.52 -1000 -1000 -1000 -10 -1 -1 -1
140 15275 Car -1 -1 -10 0.25 223.57 287.21 365.07 -1000 -1000 -1000 -10 -1 -1 -1
140 15276 Pedestrian -1 -1 -10 1133.72 137.19 1223.54 290.64 -1000 -1000 -1000 -10 -1 -1 -1
140 15278 Car -1 -1 -10 447.35 173.18 481.90 199.46 -1000 -1000 -1000 -10 -1 -1 -1
140 15280 Pedestrian -1 -1 -10 529.15 167.03 580.32 269.15 -1000 -1000 -1000 -10 -1 -1 -1
141 15281 Car -1 -1 -10 0.24 223.61 287.35 365.16 -1000 -1000 -1000 -10 -1 -1 -1
141 15282 Pedestrian -1 -1 -10 1142.39 127.56 1223.72 290.54 -1000 -1000 -1000 -10 -1 -1 -1
141 15284 Car -1 -1 -10 447.27 172.54 481.86 199.99 -1000 -1000 -1000 -10 -1 -1 -1
141 15286 Pedestrian -1 -1 -10 537.89 168.65 594.79 272.76 -1000 -1000 -1000 -10 -1 -1 -1
142 15287 Car -1 -1 -10 0.24 223.44 287.45 365.22 -1000 -1000 -1000 -10 -1 -1 -1
142 15288 Pedestrian -1 -1 -10 1171.01 129.32 1223.67 285.56 -1000 -1000 -1000 -10 -1 -1 -1
142 15289 Car -1 -1 -10 447.31 173.42 481.99 199.73 -1000 -1000 -1000 -10 -1 -1 -1
142 15291 Pedestrian -1 -1 -10 543.15 172.20 600.36 274.81 -1000 -1000 -1000 -10 -1 -1 -1
143 15293 Car -1 -1 -10 0.24 223.67 287.33 365.12 -1000 -1000 -1000 -10 -1 -1 -1
143 15295 Car -1 -1 -10 447.34 173.43 482.01 199.63 -1000 -1000 -1000 -10 -1 -1 -1
143 15297 Pedestrian -1 -1 -10 1199.70 142.46 1223.67 289.08 -1000 -1000 -1000 -10 -1 -1 -1
143 15298 Pedestrian -1 -1 -10 540.88 170.08 610.07 274.09 -1000 -1000 -1000 -10 -1 -1 -1
144 15299 Car -1 -1 -10 0.22 224.06 287.18 365.08 -1000 -1000 -1000 -10 -1 -1 -1
144 15301 Car -1 -1 -10 447.11 173.41 482.01 199.57 -1000 -1000 -1000 -10 -1 -1 -1
144 15302 Pedestrian -1 -1 -10 566.40 167.36 608.35 271.20 -1000 -1000 -1000 -10 -1 -1 -1
145 15304 Car -1 -1 -10 0.23 224.33 287.22 365.11 -1000 -1000 -1000 -10 -1 -1 -1
145 15305 Car -1 -1 -10 447.12 173.41 482.05 199.70 -1000 -1000 -1000 -10 -1 -1 -1
145 15308 Pedestrian -1 -1 -10 571.06 166.84 615.54 274.25 -1000 -1000 -1000 -10 -1 -1 -1
146 15309 Car -1 -1 -10 0.23 224.35 287.35 365.20 -1000 -1000 -1000 -10 -1 -1 -1
146 15311 Pedestrian -1 -1 -10 579.06 168.05 635.57 273.75 -1000 -1000 -1000 -10 -1 -1 -1
146 15312 Car -1 -1 -10 447.50 172.44 481.71 200.11 -1000 -1000 -1000 -10 -1 -1 -1
147 15314 Car -1 -1 -10 0.22 224.23 287.19 365.33 -1000 -1000 -1000 -10 -1 -1 -1
147 15316 Car -1 -1 -10 447.28 173.31 482.02 199.76 -1000 -1000 -1000 -10 -1 -1 -1
147 15318 Pedestrian -1 -1 -10 583.36 169.60 642.79 272.58 -1000 -1000 -1000 -10 -1 -1 -1
148 15319 Car -1 -1 -10 0.24 224.33 287.30 365.19 -1000 -1000 -1000 -10 -1 -1 -1
148 15321 Car -1 -1 -10 447.27 173.38 482.06 199.69 -1000 -1000 -1000 -10 -1 -1 -1
148 15322 Pedestrian -1 -1 -10 595.40 171.13 643.93 274.07 -1000 -1000 -1000 -10 -1 -1 -1
149 15324 Car -1 -1 -10 0.24 223.76 287.27 365.31 -1000 -1000 -1000 -10 -1 -1 -1
149 15325 Pedestrian -1 -1 -10 603.69 168.84 645.67 275.55 -1000 -1000 -1000 -10 -1 -1 -1
149 15327 Car -1 -1 -10 447.24 173.21 482.09 199.65 -1000 -1000 -1000 -10 -1 -1 -1
150 15329 Car -1 -1 -10 0.24 224.20 286.97 365.33 -1000 -1000 -1000 -10 -1 -1 -1
150 15331 Car -1 -1 -10 447.49 172.39 481.69 200.04 -1000 -1000 -1000 -10 -1 -1 -1
150 15333 Pedestrian -1 -1 -10 613.89 168.56 664.21 273.99 -1000 -1000 -1000 -10 -1 -1 -1
151 15334 Car -1 -1 -10 0.24 224.01 287.41 365.39 -1000 -1000 -1000 -10 -1 -1 -1
151 15335 Pedestrian -1 -1 -10 621.13 163.50 671.53 271.88 -1000 -1000 -1000 -10 -1 -1 -1
151 15337 Car -1 -1 -10 447.25 173.34 482.00 199.65 -1000 -1000 -1000 -10 -1 -1 -1
152 15339 Car -1 -1 -10 0.22 223.48 287.35 365.35 -1000 -1000 -1000 -10 -1 -1 -1
152 15341 Car -1 -1 -10 447.41 172.41 481.67 200.03 -1000 -1000 -1000 -10 -1 -1 -1
152 15342 Pedestrian -1 -1 -10 624.33 167.24 679.30 272.78 -1000 -1000 -1000 -10 -1 -1 -1
153 15344 Car -1 -1 -10 0.24 222.77 287.01 365.20 -1000 -1000 -1000 -10 -1 -1 -1
153 15345 Pedestrian -1 -1 -10 635.16 165.88 682.77 273.14 -1000 -1000 -1000 -10 -1 -1 -1
153 15346 Car -1 -1 -10 447.42 172.45 481.60 200.06 -1000 -1000 -1000 -10 -1 -1 -1
154 15349 Car -1 -1 -10 0.22 223.16 287.23 365.36 -1000 -1000 -1000 -10 -1 -1 -1
154 15351 Car -1 -1 -10 447.41 172.60 481.61 199.91 -1000 -1000 -1000 -10 -1 -1 -1
154 15353 Pedestrian -1 -1 -10 644.80 165.47 686.32 272.67 -1000 -1000 -1000 -10 -1 -1 -1
155 15354 Car -1 -1 -10 0.21 222.99 287.15 365.34 -1000 -1000 -1000 -10 -1 -1 -1
155 15355 Car -1 -1 -10 447.21 172.59 481.55 200.02 -1000 -1000 -1000 -10 -1 -1 -1
155 15358 Pedestrian -1 -1 -10 655.79 163.20 692.28 272.05 -1000 -1000 -1000 -10 -1 -1 -1
156 15359 Car -1 -1 -10 0.21 223.23 286.95 365.32 -1000 -1000 -1000 -10 -1 -1 -1
156 15361 Car -1 -1 -10 447.20 172.63 481.41 200.01 -1000 -1000 -1000 -10 -1 -1 -1
156 15363 Pedestrian -1 -1 -10 661.80 170.10 704.23 272.26 -1000 -1000 -1000 -10 -1 -1 -1
157 15364 Car -1 -1 -10 0.23 223.98 287.17 365.27 -1000 -1000 -1000 -10 -1 -1 -1
157 15366 Car -1 -1 -10 447.22 172.63 481.20 199.96 -1000 -1000 -1000 -10 -1 -1 -1
157 15368 Pedestrian -1 -1 -10 661.25 166.43 726.91 274.07 -1000 -1000 -1000 -10 -1 -1 -1
158 15369 Car -1 -1 -10 0.23 224.25 287.38 365.48 -1000 -1000 -1000 -10 -1 -1 -1
158 15370 Car -1 -1 -10 447.15 172.55 481.02 200.01 -1000 -1000 -1000 -10 -1 -1 -1
159 15373 Car -1 -1 -10 0.23 223.48 287.05 365.24 -1000 -1000 -1000 -10 -1 -1 -1
159 15375 Car -1 -1 -10 447.12 172.64 480.95 200.00 -1000 -1000 -1000 -10 -1 -1 -1
160 15377 Car -1 -1 -10 0.23 223.88 287.06 365.38 -1000 -1000 -1000 -10 -1 -1 -1
160 15379 Car -1 -1 -10 446.75 172.67 480.87 200.04 -1000 -1000 -1000 -10 -1 -1 -1
160 15381 Pedestrian -1 -1 -10 696.39 168.06 733.24 271.72 -1000 -1000 -1000 -10 -1 -1 -1
161 15382 Car -1 -1 -10 0.23 223.49 287.19 365.27 -1000 -1000 -1000 -10 -1 -1 -1
161 15383 Pedestrian -1 -1 -10 700.36 166.15 754.61 273.69 -1000 -1000 -1000 -10 -1 -1 -1
161 15385 Car -1 -1 -10 446.30 172.70 480.87 200.10 -1000 -1000 -1000 -10 -1 -1 -1
162 15387 Car -1 -1 -10 0.22 223.58 287.37 365.35 -1000 -1000 -1000 -10 -1 -1 -1
162 15388 Pedestrian -1 -1 -10 703.86 163.86 754.71 271.29 -1000 -1000 -1000 -10 -1 -1 -1
162 15389 Car -1 -1 -10 446.05 172.65 480.72 200.10 -1000 -1000 -1000 -10 -1 -1 -1
163 15392 Car -1 -1 -10 0.24 223.27 287.52 365.43 -1000 -1000 -1000 -10 -1 -1 -1
163 15393 Car -1 -1 -10 445.85 172.70 480.60 200.02 -1000 -1000 -1000 -10 -1 -1 -1
163 15394 Pedestrian -1 -1 -10 716.02 168.85 761.39 270.39 -1000 -1000 -1000 -10 -1 -1 -1
164 15397 Car -1 -1 -10 0.22 223.32 287.06 365.65 -1000 -1000 -1000 -10 -1 -1 -1
164 15398 Pedestrian -1 -1 -10 723.86 168.34 768.07 270.62 -1000 -1000 -1000 -10 -1 -1 -1
164 15400 Car -1 -1 -10 445.88 172.80 480.41 200.09 -1000 -1000 -1000 -10 -1 -1 -1
165 15402 Car -1 -1 -10 0.22 223.38 287.39 365.44 -1000 -1000 -1000 -10 -1 -1 -1
165 15403 Pedestrian -1 -1 -10 734.31 170.74 773.44 270.31 -1000 -1000 -1000 -10 -1 -1 -1
165 15405 Car -1 -1 -10 445.44 172.96 480.51 200.45 -1000 -1000 -1000 -10 -1 -1 -1
166 15407 Car -1 -1 -10 0.22 223.68 287.42 365.44 -1000 -1000 -1000 -10 -1 -1 -1
166 15408 Pedestrian -1 -1 -10 739.46 168.63 788.93 273.58 -1000 -1000 -1000 -10 -1 -1 -1
166 15410 Car -1 -1 -10 444.55 172.97 480.81 200.70 -1000 -1000 -1000 -10 -1 -1 -1
167 15412 Car -1 -1 -10 0.22 223.50 287.25 365.32 -1000 -1000 -1000 -10 -1 -1 -1
167 15413 Pedestrian -1 -1 -10 745.82 164.69 801.25 274.19 -1000 -1000 -1000 -10 -1 -1 -1
167 15415 Car -1 -1 -10 444.64 172.71 480.09 200.70 -1000 -1000 -1000 -10 -1 -1 -1
168 15417 Car -1 -1 -10 0.22 224.01 287.36 365.33 -1000 -1000 -1000 -10 -1 -1 -1
168 15418 Pedestrian -1 -1 -10 752.30 166.24 802.34 269.79 -1000 -1000 -1000 -10 -1 -1 -1
168 15420 Car -1 -1 -10 444.22 172.97 479.55 200.42 -1000 -1000 -1000 -10 -1 -1 -1
169 15422 Car -1 -1 -10 0.22 224.38 287.37 365.30 -1000 -1000 -1000 -10 -1 -1 -1
169 15423 Pedestrian -1 -1 -10 762.03 164.91 813.15 269.88 -1000 -1000 -1000 -10 -1 -1 -1
169 15424 Car -1 -1 -10 443.60 173.16 479.35 200.65 -1000 -1000 -1000 -10 -1 -1 -1
170 15427 Car -1 -1 -10 0.22 224.28 287.21 365.36 -1000 -1000 -1000 -10 -1 -1 -1
170 15428 Pedestrian -1 -1 -10 773.24 165.78 814.77 270.05 -1000 -1000 -1000 -10 -1 -1 -1
170 15430 Car -1 -1 -10 443.07 173.61 479.41 200.52 -1000 -1000 -1000 -10 -1 -1 -1
171 15432 Car -1 -1 -10 0.23 223.83 287.11 365.27 -1000 -1000 -1000 -10 -1 -1 -1
171 15433 Pedestrian -1 -1 -10 778.49 161.64 830.35 271.19 -1000 -1000 -1000 -10 -1 -1 -1
171 15435 Car -1 -1 -10 442.74 173.14 478.88 200.52 -1000 -1000 -1000 -10 -1 -1 -1
172 15437 Car -1 -1 -10 0.23 224.06 287.37 365.23 -1000 -1000 -1000 -10 -1 -1 -1
172 15438 Pedestrian -1 -1 -10 785.85 166.27 830.11 267.20 -1000 -1000 -1000 -10 -1 -1 -1
172 15440 Car -1 -1 -10 442.71 173.20 478.72 200.83 -1000 -1000 -1000 -10 -1 -1 -1
173 15442 Car -1 -1 -10 0.23 224.47 287.35 365.08 -1000 -1000 -1000 -10 -1 -1 -1
173 15444 Pedestrian -1 -1 -10 793.45 166.73 845.54 270.54 -1000 -1000 -1000 -10 -1 -1 -1
173 15445 Car -1 -1 -10 442.13 173.11 477.55 200.89 -1000 -1000 -1000 -10 -1 -1 -1
174 15447 Car -1 -1 -10 0.22 224.74 287.11 365.26 -1000 -1000 -1000 -10 -1 -1 -1
174 15449 Pedestrian -1 -1 -10 795.49 169.05 847.91 269.06 -1000 -1000 -1000 -10 -1 -1 -1
174 15450 Car -1 -1 -10 441.13 172.87 476.93 201.07 -1000 -1000 -1000 -10 -1 -1 -1
175 15452 Car -1 -1 -10 0.21 224.48 287.33 365.30 -1000 -1000 -1000 -10 -1 -1 -1
175 15453 Pedestrian -1 -1 -10 811.97 167.17 859.03 271.31 -1000 -1000 -1000 -10 -1 -1 -1
175 15456 Car -1 -1 -10 440.74 174.52 476.54 201.36 -1000 -1000 -1000 -10 -1 -1 -1
176 15457 Car -1 -1 -10 0.22 224.22 287.12 365.47 -1000 -1000 -1000 -10 -1 -1 -1
176 15460 Car -1 -1 -10 438.81 174.31 476.57 202.18 -1000 -1000 -1000 -10 -1 -1 -1
176 15461 Pedestrian -1 -1 -10 822.40 168.67 869.97 271.00 -1000 -1000 -1000 -10 -1 -1 -1
177 15462 Car -1 -1 -10 0.21 224.89 287.20 365.46 -1000 -1000 -1000 -10 -1 -1 -1
177 15463 Pedestrian -1 -1 -10 827.44 165.67 873.68 268.41 -1000 -1000 -1000 -10 -1 -1 -1
177 15465 Car -1 -1 -10 438.72 172.99 476.83 201.81 -1000 -1000 -1000 -10 -1 -1 -1
178 15467 Car -1 -1 -10 0.22 224.21 287.56 365.40 -1000 -1000 -1000 -10 -1 -1 -1
178 15469 Pedestrian -1 -1 -10 830.02 167.55 886.73 268.28 -1000 -1000 -1000 -10 -1 -1 -1
178 15470 Car -1 -1 -10 438.18 173.97 476.93 203.11 -1000 -1000 -1000 -10 -1 -1 -1
179 15472 Car -1 -1 -10 0.22 223.67 287.21 365.41 -1000 -1000 -1000 -10 -1 -1 -1
179 15474 Pedestrian -1 -1 -10 842.80 167.53 896.17 269.48 -1000 -1000 -1000 -10 -1 -1 -1
179 15475 Car -1 -1 -10 437.83 173.75 477.09 203.35 -1000 -1000 -1000 -10 -1 -1 -1
180 15477 Car -1 -1 -10 0.22 224.71 287.26 365.33 -1000 -1000 -1000 -10 -1 -1 -1
180 15478 Pedestrian -1 -1 -10 854.69 154.75 909.42 268.71 -1000 -1000 -1000 -10 -1 -1 -1
180 15481 Car -1 -1 -10 438.54 172.61 476.39 203.62 -1000 -1000 -1000 -10 -1 -1 -1
181 15482 Car -1 -1 -10 0.23 224.13 287.13 365.47 -1000 -1000 -1000 -10 -1 -1 -1
181 15484 Pedestrian -1 -1 -10 862.77 164.00 916.02 269.70 -1000 -1000 -1000 -10 -1 -1 -1
181 15485 Car -1 -1 -10 437.56 174.12 476.87 204.55 -1000 -1000 -1000 -10 -1 -1 -1
182 15487 Car -1 -1 -10 0.22 223.56 287.05 365.50 -1000 -1000 -1000 -10 -1 -1 -1
182 15488 Pedestrian -1 -1 -10 873.99 167.59 918.70 268.26 -1000 -1000 -1000 -10 -1 -1 -1
182 15490 Car -1 -1 -10 437.70 174.33 477.23 205.20 -1000 -1000 -1000 -10 -1 -1 -1
183 15492 Car -1 -1 -10 0.22 223.79 286.79 365.42 -1000 -1000 -1000 -10 -1 -1 -1
183 15494 Pedestrian -1 -1 -10 879.62 163.98 929.30 268.73 -1000 -1000 -1000 -10 -1 -1 -1
183 15495 Car -1 -1 -10 438.69 173.90 478.27 205.99 -1000 -1000 -1000 -10 -1 -1 -1
184 15497 Car -1 -1 -10 0.21 223.34 287.34 365.39 -1000 -1000 -1000 -10 -1 -1 -1
184 15498 Pedestrian -1 -1 -10 886.89 166.12 939.21 267.54 -1000 -1000 -1000 -10 -1 -1 -1
184 15500 Car -1 -1 -10 439.83 174.09 479.12 206.27 -1000 -1000 -1000 -10 -1 -1 -1
185 15502 Car -1 -1 -10 0.23 223.94 287.15 365.36 -1000 -1000 -1000 -10 -1 -1 -1
185 15503 Pedestrian -1 -1 -10 896.99 167.60 952.67 267.75 -1000 -1000 -1000 -10 -1 -1 -1
185 15504 Car -1 -1 -10 439.55 174.98 481.74 206.76 -1000 -1000 -1000 -10 -1 -1 -1
186 15507 Car -1 -1 -10 0.23 224.75 287.06 365.35 -1000 -1000 -1000 -10 -1 -1 -1
186 15508 Car -1 -1 -10 440.65 173.93 482.34 206.70 -1000 -1000 -1000 -10 -1 -1 -1
186 15510 Pedestrian -1 -1 -10 906.26 165.56 960.97 266.42 -1000 -1000 -1000 -10 -1 -1 -1
187 15512 Car -1 -1 -10 0.24 224.80 286.99 365.21 -1000 -1000 -1000 -10 -1 -1 -1
187 15513 Car -1 -1 -10 440.34 173.87 482.64 206.92 -1000 -1000 -1000 -10 -1 -1 -1
187 15515 Pedestrian -1 -1 -10 910.92 166.97 940.23 262.35 -1000 -1000 -1000 -10 -1 -1 -1
187 15517 Pedestrian -1 -1 -10 929.77 164.27 963.38 263.27 -1000 -1000 -1000 -10 -1 -1 -1
188 15518 Car -1 -1 -10 0.24 224.27 287.05 365.35 -1000 -1000 -1000 -10 -1 -1 -1
188 15519 Car -1 -1 -10 440.77 174.08 484.19 207.59 -1000 -1000 -1000 -10 -1 -1 -1
188 15522 Pedestrian -1 -1 -10 917.38 162.83 960.76 262.06 -1000 -1000 -1000 -10 -1 -1 -1
189 15523 Car -1 -1 -10 0.25 224.26 287.43 365.32 -1000 -1000 -1000 -10 -1 -1 -1
189 15525 Car -1 -1 -10 441.60 174.02 486.28 207.99 -1000 -1000 -1000 -10 -1 -1 -1
189 15527 Pedestrian -1 -1 -10 921.05 166.23 957.39 261.75 -1000 -1000 -1000 -10 -1 -1 -1
189 15528 Pedestrian -1 -1 -10 945.48 161.54 993.08 261.69 -1000 -1000 -1000 -10 -1 -1 -1
190 15529 Car -1 -1 -10 0.24 224.10 287.39 365.34 -1000 -1000 -1000 -10 -1 -1 -1
190 15530 Car -1 -1 -10 442.76 174.18 487.78 208.04 -1000 -1000 -1000 -10 -1 -1 -1
190 15532 Pedestrian -1 -1 -10 930.30 162.35 971.45 262.07 -1000 -1000 -1000 -10 -1 -1 -1
190 15534 Pedestrian -1 -1 -10 956.92 161.42 1000.60 262.03 -1000 -1000 -1000 -10 -1 -1 -1
191 15535 Car -1 -1 -10 0.23 223.89 286.91 365.23 -1000 -1000 -1000 -10 -1 -1 -1
191 15536 Car -1 -1 -10 443.56 174.11 492.21 208.67 -1000 -1000 -1000 -10 -1 -1 -1
192 15539 Car -1 -1 -10 0.24 223.64 286.97 365.29 -1000 -1000 -1000 -10 -1 -1 -1
192 15540 Car -1 -1 -10 444.06 174.12 495.98 208.82 -1000 -1000 -1000 -10 -1 -1 -1
193 15543 Car -1 -1 -10 0.23 223.69 287.24 365.22 -1000 -1000 -1000 -10 -1 -1 -1
193 15544 Car -1 -1 -10 444.03 174.04 500.09 209.39 -1000 -1000 -1000 -10 -1 -1 -1
193 15546 Pedestrian -1 -1 -10 958.23 162.62 992.65 258.78 -1000 -1000 -1000 -10 -1 -1 -1
193 15547 Pedestrian -1 -1 -10 982.85 162.48 1017.15 260.18 -1000 -1000 -1000 -10 -1 -1 -1
194 15549 Car -1 -1 -10 0.23 223.56 287.21 365.21 -1000 -1000 -1000 -10 -1 -1 -1
194 15550 Car -1 -1 -10 444.83 173.19 500.31 209.05 -1000 -1000 -1000 -10 -1 -1 -1
195 15553 Car -1 -1 -10 0.23 223.38 287.23 365.26 -1000 -1000 -1000 -10 -1 -1 -1
195 15554 Car -1 -1 -10 446.33 173.45 503.34 209.44 -1000 -1000 -1000 -10 -1 -1 -1
195 15557 Pedestrian -1 -1 -10 971.84 154.20 1019.59 260.19 -1000 -1000 -1000 -10 -1 -1 -1
196 15558 Car -1 -1 -10 0.23 223.68 287.35 365.36 -1000 -1000 -1000 -10 -1 -1 -1
196 15559 Car -1 -1 -10 449.06 173.60 506.59 209.94 -1000 -1000 -1000 -10 -1 -1 -1
197 15562 Car -1 -1 -10 0.22 223.52 287.18 365.33 -1000 -1000 -1000 -10 -1 -1 -1
197 15563 Car -1 -1 -10 451.38 173.57 511.13 209.87 -1000 -1000 -1000 -10 -1 -1 -1
198 15566 Car -1 -1 -10 0.23 223.47 287.37 365.23 -1000 -1000 -1000 -10 -1 -1 -1
198 15567 Car -1 -1 -10 452.73 173.46 514.27 210.33 -1000 -1000 -1000 -10 -1 -1 -1
199 15570 Car -1 -1 -10 0.23 223.49 287.00 365.18 -1000 -1000 -1000 -10 -1 -1 -1
199 15571 Car -1 -1 -10 454.10 173.81 521.62 212.26 -1000 -1000 -1000 -10 -1 -1 -1
200 15574 Car -1 -1 -10 0.23 223.37 287.10 365.23 -1000 -1000 -1000 -10 -1 -1 -1
200 15576 Car -1 -1 -10 457.20 172.69 526.95 211.83 -1000 -1000 -1000 -10 -1 -1 -1
200 15578 Pedestrian -1 -1 -10 1037.45 157.60 1077.67 254.40 -1000 -1000 -1000 -10 -1 -1 -1
201 15579 Car -1 -1 -10 0.23 223.50 287.46 365.19 -1000 -1000 -1000 -10 -1 -1 -1
201 15580 Car -1 -1 -10 458.78 173.04 530.50 212.78 -1000 -1000 -1000 -10 -1 -1 -1
201 15583 Pedestrian -1 -1 -10 1039.04 157.15 1081.45 251.14 -1000 -1000 -1000 -10 -1 -1 -1
202 15584 Car -1 -1 -10 0.23 223.49 286.91 365.35 -1000 -1000 -1000 -10 -1 -1 -1
202 15585 Car -1 -1 -10 463.87 172.69 537.04 213.23 -1000 -1000 -1000 -10 -1 -1 -1
202 15587 Pedestrian -1 -1 -10 1050.76 155.33 1086.60 250.95 -1000 -1000 -1000 -10 -1 -1 -1
203 15589 Car -1 -1 -10 0.24 223.74 287.29 365.29 -1000 -1000 -1000 -10 -1 -1 -1
203 15591 Car -1 -1 -10 468.49 173.11 546.00 212.97 -1000 -1000 -1000 -10 -1 -1 -1
203 15593 Pedestrian -1 -1 -10 1035.06 158.20 1062.33 247.60 -1000 -1000 -1000 -10 -1 -1 -1
203 15594 Pedestrian -1 -1 -10 1058.70 154.69 1094.45 249.20 -1000 -1000 -1000 -10 -1 -1 -1
204 15595 Car -1 -1 -10 0.23 223.63 287.13 365.37 -1000 -1000 -1000 -10 -1 -1 -1
204 15596 Car -1 -1 -10 473.26 173.09 551.38 213.38 -1000 -1000 -1000 -10 -1 -1 -1
204 15598 Pedestrian -1 -1 -10 1065.79 153.72 1105.45 253.36 -1000 -1000 -1000 -10 -1 -1 -1
204 15600 Pedestrian -1 -1 -10 1039.06 155.30 1072.05 244.06 -1000 -1000 -1000 -10 -1 -1 -1
205 15601 Car -1 -1 -10 0.23 223.58 287.34 365.29 -1000 -1000 -1000 -10 -1 -1 -1
205 15602 Car -1 -1 -10 476.40 172.53 558.67 213.48 -1000 -1000 -1000 -10 -1 -1 -1
205 15603 Pedestrian -1 -1 -10 1068.57 154.82 1118.84 251.83 -1000 -1000 -1000 -10 -1 -1 -1
205 15606 Pedestrian -1 -1 -10 1039.00 156.39 1076.45 244.74 -1000 -1000 -1000 -10 -1 -1 -1
206 15607 Car -1 -1 -10 0.23 223.48 287.14 365.18 -1000 -1000 -1000 -10 -1 -1 -1
206 15608 Car -1 -1 -10 480.71 173.84 569.90 214.81 -1000 -1000 -1000 -10 -1 -1 -1
206 15611 Pedestrian -1 -1 -10 1080.14 153.36 1123.02 248.86 -1000 -1000 -1000 -10 -1 -1 -1
206 15612 Pedestrian -1 -1 -10 1050.44 153.14 1090.11 247.00 -1000 -1000 -1000 -10 -1 -1 -1
207 15613 Car -1 -1 -10 0.23 223.73 286.95 365.25 -1000 -1000 -1000 -10 -1 -1 -1
207 15614 Car -1 -1 -10 486.22 171.91 575.36 214.22 -1000 -1000 -1000 -10 -1 -1 -1
207 15616 Pedestrian -1 -1 -10 1056.60 150.12 1091.98 244.34 -1000 -1000 -1000 -10 -1 -1 -1
207 15617 Pedestrian -1 -1 -10 1088.71 151.88 1127.97 248.54 -1000 -1000 -1000 -10 -1 -1 -1
208 15619 Car -1 -1 -10 0.24 223.70 287.01 365.13 -1000 -1000 -1000 -10 -1 -1 -1
208 15620 Car -1 -1 -10 488.85 171.69 585.97 213.75 -1000 -1000 -1000 -10 -1 -1 -1
208 15621 Pedestrian -1 -1 -10 1064.09 149.97 1098.10 245.64 -1000 -1000 -1000 -10 -1 -1 -1
208 15623 Pedestrian -1 -1 -10 1095.08 152.42 1124.23 247.08 -1000 -1000 -1000 -10 -1 -1 -1
209 15625 Car -1 -1 -10 0.23 223.69 286.92 365.25 -1000 -1000 -1000 -10 -1 -1 -1
209 15626 Car -1 -1 -10 497.59 171.02 596.89 214.67 -1000 -1000 -1000 -10 -1 -1 -1
209 15627 Pedestrian -1 -1 -10 1098.53 148.31 1155.05 247.70 -1000 -1000 -1000 -10 -1 -1 -1
209 15629 Pedestrian -1 -1 -10 1065.09 153.06 1103.86 246.14 -1000 -1000 -1000 -10 -1 -1 -1
210 15631 Car -1 -1 -10 0.23 223.53 286.94 365.29 -1000 -1000 -1000 -10 -1 -1 -1
210 15632 Car -1 -1 -10 504.17 169.64 606.15 214.83 -1000 -1000 -1000 -10 -1 -1 -1
210 15634 Pedestrian -1 -1 -10 1072.76 151.40 1110.35 245.79 -1000 -1000 -1000 -10 -1 -1 -1
210 15636 Pedestrian -1 -1 -10 1104.00 151.59 1146.61 247.19 -1000 -1000 -1000 -10 -1 -1 -1
211 15637 Car -1 -1 -10 0.24 223.71 287.00 365.23 -1000 -1000 -1000 -10 -1 -1 -1
211 15638 Car -1 -1 -10 514.84 169.75 619.01 214.56 -1000 -1000 -1000 -10 -1 -1 -1
211 15640 Pedestrian -1 -1 -10 1076.48 152.28 1120.95 245.83 -1000 -1000 -1000 -10 -1 -1 -1
211 15642 Pedestrian -1 -1 -10 1111.23 148.77 1155.29 244.93 -1000 -1000 -1000 -10 -1 -1 -1
212 15643 Car -1 -1 -10 0.23 223.74 287.13 365.27 -1000 -1000 -1000 -10 -1 -1 -1
212 15644 Car -1 -1 -10 521.56 170.51 631.00 215.41 -1000 -1000 -1000 -10 -1 -1 -1
212 15647 Pedestrian -1 -1 -10 1091.50 149.22 1131.33 242.87 -1000 -1000 -1000 -10 -1 -1 -1
212 15648 Pedestrian -1 -1 -10 1124.47 152.18 1156.12 244.07 -1000 -1000 -1000 -10 -1 -1 -1
213 15649 Car -1 -1 -10 0.23 223.50 287.10 365.41 -1000 -1000 -1000 -10 -1 -1 -1
213 15650 Car -1 -1 -10 528.12 169.97 642.74 214.76 -1000 -1000 -1000 -10 -1 -1 -1
213 15652 Pedestrian -1 -1 -10 1101.02 151.36 1136.57 239.67 -1000 -1000 -1000 -10 -1 -1 -1
213 15653 Pedestrian -1 -1 -10 1132.62 149.62 1170.56 243.26 -1000 -1000 -1000 -10 -1 -1 -1
214 15655 Car -1 -1 -10 0.24 223.69 287.33 365.22 -1000 -1000 -1000 -10 -1 -1 -1
214 15656 Car -1 -1 -10 538.24 170.41 659.96 214.82 -1000 -1000 -1000 -10 -1 -1 -1
214 15658 Pedestrian -1 -1 -10 1139.16 148.80 1179.46 243.91 -1000 -1000 -1000 -10 -1 -1 -1
214 15659 Pedestrian -1 -1 -10 1106.19 149.01 1142.24 241.38 -1000 -1000 -1000 -10 -1 -1 -1
215 15661 Car -1 -1 -10 0.23 223.69 287.29 365.23 -1000 -1000 -1000 -10 -1 -1 -1
215 15662 Car -1 -1 -10 546.85 170.85 669.93 215.12 -1000 -1000 -1000 -10 -1 -1 -1
215 15663 Pedestrian -1 -1 -10 1142.59 146.65 1185.34 243.81 -1000 -1000 -1000 -10 -1 -1 -1
215 15665 Pedestrian -1 -1 -10 1111.78 150.88 1150.01 243.58 -1000 -1000 -1000 -10 -1 -1 -1
216 15667 Car -1 -1 -10 0.23 223.67 287.09 365.21 -1000 -1000 -1000 -10 -1 -1 -1
216 15668 Car -1 -1 -10 559.49 170.91 681.70 215.46 -1000 -1000 -1000 -10 -1 -1 -1
216 15671 Pedestrian -1 -1 -10 1149.66 145.69 1191.66 240.77 -1000 -1000 -1000 -10 -1 -1 -1
216 15672 Pedestrian -1 -1 -10 1116.49 150.77 1156.41 241.02 -1000 -1000 -1000 -10 -1 -1 -1
217 15673 Car -1 -1 -10 0.23 223.49 287.07 365.33 -1000 -1000 -1000 -10 -1 -1 -1
217 15674 Car -1 -1 -10 571.39 170.15 696.91 215.23 -1000 -1000 -1000 -10 -1 -1 -1
217 15677 Pedestrian -1 -1 -10 1124.92 143.39 1163.11 238.58 -1000 -1000 -1000 -10 -1 -1 -1
218 15678 Car -1 -1 -10 0.23 223.61 287.22 365.29 -1000 -1000 -1000 -10 -1 -1 -1
218 15679 Car -1 -1 -10 583.34 171.37 711.04 215.18 -1000 -1000 -1000 -10 -1 -1 -1
218 15682 Pedestrian -1 -1 -10 1135.71 142.36 1171.54 236.29 -1000 -1000 -1000 -10 -1 -1 -1
218 15683 Pedestrian -1 -1 -10 1165.75 145.74 1200.27 238.15 -1000 -1000 -1000 -10 -1 -1 -1
219 15684 Car -1 -1 -10 0.22 223.75 287.42 365.35 -1000 -1000 -1000 -10 -1 -1 -1
219 15685 Car -1 -1 -10 594.23 168.55 724.42 215.11 -1000 -1000 -1000 -10 -1 -1 -1
219 15687 Pedestrian -1 -1 -10 1139.70 144.30 1176.26 236.54 -1000 -1000 -1000 -10 -1 -1 -1
219 15688 Pedestrian -1 -1 -10 1170.00 146.11 1200.70 237.47 -1000 -1000 -1000 -10 -1 -1 -1
220 15690 Car -1 -1 -10 0.23 223.44 287.42 365.33 -1000 -1000 -1000 -10 -1 -1 -1
220 15691 Car -1 -1 -10 605.89 169.08 740.26 215.36 -1000 -1000 -1000 -10 -1 -1 -1
220 15693 Pedestrian -1 -1 -10 1143.14 148.13 1176.34 237.28 -1000 -1000 -1000 -10 -1 -1 -1
220 15695 Pedestrian -1 -1 -10 1172.91 146.12 1210.39 237.88 -1000 -1000 -1000 -10 -1 -1 -1
221 15696 Car -1 -1 -10 0.23 223.83 287.04 365.27 -1000 -1000 -1000 -10 -1 -1 -1
221 15697 Car -1 -1 -10 618.73 168.94 757.07 215.26 -1000 -1000 -1000 -10 -1 -1 -1
221 15699 Pedestrian -1 -1 -10 1147.04 142.11 1191.92 235.75 -1000 -1000 -1000 -10 -1 -1 -1
221 15701 Pedestrian -1 -1 -10 1182.77 147.14 1219.19 234.42 -1000 -1000 -1000 -10 -1 -1 -1
222 15702 Car -1 -1 -10 0.24 223.50 287.18 365.24 -1000 -1000 -1000 -10 -1 -1 -1
222 15703 Car -1 -1 -10 634.82 169.82 770.19 215.73 -1000 -1000 -1000 -10 -1 -1 -1
222 15706 Pedestrian -1 -1 -10 1195.59 139.59 1223.66 236.34 -1000 -1000 -1000 -10 -1 -1 -1
222 15707 Pedestrian -1 -1 -10 1158.28 141.19 1199.56 234.16 -1000 -1000 -1000 -10 -1 -1 -1
223 15708 Car -1 -1 -10 0.24 223.50 287.16 365.26 -1000 -1000 -1000 -10 -1 -1 -1
223 15709 Car -1 -1 -10 649.66 167.82 782.22 215.68 -1000 -1000 -1000 -10 -1 -1 -1
223 15711 Pedestrian -1 -1 -10 1162.63 140.79 1206.12 235.42 -1000 -1000 -1000 -10 -1 -1 -1
224 15713 Car -1 -1 -10 0.24 223.56 286.88 365.18 -1000 -1000 -1000 -10 -1 -1 -1
224 15714 Car -1 -1 -10 661.66 166.88 801.86 216.59 -1000 -1000 -1000 -10 -1 -1 -1
224 15716 Pedestrian -1 -1 -10 1171.75 138.98 1212.60 231.85 -1000 -1000 -1000 -10 -1 -1 -1
225 15718 Car -1 -1 -10 0.23 223.53 287.51 365.40 -1000 -1000 -1000 -10 -1 -1 -1
225 15719 Car -1 -1 -10 678.34 166.68 819.81 217.44 -1000 -1000 -1000 -10 -1 -1 -1
226 15722 Car -1 -1 -10 0.24 223.87 287.31 365.27 -1000 -1000 -1000 -10 -1 -1 -1
226 15723 Car -1 -1 -10 694.36 166.27 838.60 215.93 -1000 -1000 -1000 -10 -1 -1 -1
226 15724 Pedestrian -1 -1 -10 1181.03 136.27 1223.43 233.20 -1000 -1000 -1000 -10 -1 -1 -1
227 15727 Car -1 -1 -10 0.22 223.62 287.17 365.33 -1000 -1000 -1000 -10 -1 -1 -1
227 15728 Car -1 -1 -10 710.91 166.94 855.09 215.67 -1000 -1000 -1000 -10 -1 -1 -1
228 15731 Car -1 -1 -10 0.23 223.68 287.22 365.38 -1000 -1000 -1000 -10 -1 -1 -1
228 15732 Car -1 -1 -10 727.32 165.87 871.63 215.75 -1000 -1000 -1000 -10 -1 -1 -1
229 15735 Car -1 -1 -10 0.23 223.66 287.38 365.51 -1000 -1000 -1000 -10 -1 -1 -1
229 15736 Car -1 -1 -10 744.51 166.23 892.22 216.51 -1000 -1000 -1000 -10 -1 -1 -1
229 15738 Pedestrian -1 -1 -10 1197.38 138.88 1223.59 229.35 -1000 -1000 -1000 -10 -1 -1 -1
230 15740 Car -1 -1 -10 0.24 223.64 287.08 365.35 -1000 -1000 -1000 -10 -1 -1 -1
230 15741 Car -1 -1 -10 761.83 166.15 919.13 217.07 -1000 -1000 -1000 -10 -1 -1 -1
230 15743 Pedestrian -1 -1 -10 1202.27 140.57 1223.61 230.39 -1000 -1000 -1000 -10 -1 -1 -1
231 15745 Car -1 -1 -10 0.23 223.69 287.22 365.34 -1000 -1000 -1000 -10 -1 -1 -1
231 15746 Car -1 -1 -10 779.71 165.81 929.05 215.11 -1000 -1000 -1000 -10 -1 -1 -1
231 15748 Pedestrian -1 -1 -10 1206.31 145.73 1223.49 229.98 -1000 -1000 -1000 -10 -1 -1 -1
232 15750 Car -1 -1 -10 0.23 223.49 287.17 365.43 -1000 -1000 -1000 -10 -1 -1 -1
232 15751 Car -1 -1 -10 796.50 165.55 943.46 215.16 -1000 -1000 -1000 -10 -1 -1 -1
233 15754 Car -1 -1 -10 0.23 223.57 287.29 365.50 -1000 -1000 -1000 -10 -1 -1 -1
233 15755 Car -1 -1 -10 815.22 165.07 960.86 213.63 -1000 -1000 -1000 -10 -1 -1 -1
234 15758 Car -1 -1 -10 0.23 223.64 287.48 365.42 -1000 -1000 -1000 -10 -1 -1 -1
234 15759 Car -1 -1 -10 832.23 164.67 978.49 214.40 -1000 -1000 -1000 -10 -1 -1 -1
235 15762 Car -1 -1 -10 0.22 223.56 287.13 365.45 -1000 -1000 -1000 -10 -1 -1 -1
235 15763 Car -1 -1 -10 849.49 163.48 991.89 216.00 -1000 -1000 -1000 -10 -1 -1 -1
236 15766 Car -1 -1 -10 0.24 223.62 287.37 365.43 -1000 -1000 -1000 -10 -1 -1 -1
236 15768 Car -1 -1 -10 869.68 162.17 1016.06 212.57 -1000 -1000 -1000 -10 -1 -1 -1
237 15770 Car -1 -1 -10 0.23 223.72 287.22 365.44 -1000 -1000 -1000 -10 -1 -1 -1
237 15772 Car -1 -1 -10 888.73 161.05 1017.35 212.21 -1000 -1000 -1000 -10 -1 -1 -1
238 15774 Car -1 -1 -10 0.24 223.48 287.31 365.49 -1000 -1000 -1000 -10 -1 -1 -1
239 15777 Car -1 -1 -10 0.25 223.60 287.28 365.45 -1000 -1000 -1000 -10 -1 -1 -1
239 15778 Car -1 -1 -10 926.89 161.29 1076.85 214.83 -1000 -1000 -1000 -10 -1 -1 -1
240 15781 Car -1 -1 -10 0.24 223.65 287.59 365.41 -1000 -1000 -1000 -10 -1 -1 -1
240 15782 Car -1 -1 -10 946.85 163.36 1095.92 214.75 -1000 -1000 -1000 -10 -1 -1 -1
241 15785 Car -1 -1 -10 0.24 223.69 287.47 365.37 -1000 -1000 -1000 -10 -1 -1 -1
241 15787 Car -1 -1 -10 967.20 163.03 1127.43 218.19 -1000 -1000 -1000 -10 -1 -1 -1
242 15789 Car -1 -1 -10 0.23 223.67 287.34 365.49 -1000 -1000 -1000 -10 -1 -1 -1
242 15790 Car -1 -1 -10 990.44 159.79 1138.59 219.48 -1000 -1000 -1000 -10 -1 -1 -1
243 15793 Car -1 -1 -10 0.25 223.81 287.62 365.36 -1000 -1000 -1000 -10 -1 -1 -1
243 15794 Car -1 -1 -10 1032.34 158.02 1157.71 216.73 -1000 -1000 -1000 -10 -1 -1 -1
244 15797 Car -1 -1 -10 0.25 223.65 287.14 365.35 -1000 -1000 -1000 -10 -1 -1 -1
244 15798 Car -1 -1 -10 1035.83 160.11 1182.42 217.19 -1000 -1000 -1000 -10 -1 -1 -1
245 15801 Car -1 -1 -10 0.23 223.71 287.49 365.45 -1000 -1000 -1000 -10 -1 -1 -1
245 15802 Car -1 -1 -10 1044.78 157.46 1196.22 221.54 -1000 -1000 -1000 -10 -1 -1 -1
246 15805 Car -1 -1 -10 0.23 223.76 287.00 365.32 -1000 -1000 -1000 -10 -1 -1 -1
246 15806 Car -1 -1 -10 1064.83 156.80 1222.99 220.55 -1000 -1000 -1000 -10 -1 -1 -1
247 15809 Car -1 -1 -10 0.23 223.67 287.44 365.39 -1000 -1000 -1000 -10 -1 -1 -1
247 15810 Car -1 -1 -10 1086.39 151.01 1223.31 205.73 -1000 -1000 -1000 -10 -1 -1 -1
248 15813 Car -1 -1 -10 0.24 223.77 287.19 365.38 -1000 -1000 -1000 -10 -1 -1 -1
248 15815 Car -1 -1 -10 1103.98 151.31 1223.22 206.81 -1000 -1000 -1000 -10 -1 -1 -1
249 15817 Car -1 -1 -10 0.25 223.83 287.43 365.35 -1000 -1000 -1000 -10 -1 -1 -1
249 15818 Car -1 -1 -10 1126.49 147.39 1223.28 201.15 -1000 -1000 -1000 -10 -1 -1 -1
250 15821 Car -1 -1 -10 0.25 223.74 287.19 365.38 -1000 -1000 -1000 -10 -1 -1 -1
250 15824 Car -1 -1 -10 1146.71 152.39 1223.30 196.96 -1000 -1000 -1000 -10 -1 -1 -1
251 15825 Car -1 -1 -10 0.24 223.87 287.23 365.33 -1000 -1000 -1000 -10 -1 -1 -1
252 15828 Car -1 -1 -10 0.25 223.59 287.52 365.34 -1000 -1000 -1000 -10 -1 -1 -1
253 15831 Car -1 -1 -10 0.24 223.61 287.50 365.40 -1000 -1000 -1000 -10 -1 -1 -1
254 15834 Car -1 -1 -10 0.25 223.66 287.13 365.17 -1000 -1000 -1000 -10 -1 -1 -1
255 15837 Car -1 -1 -10 0.23 223.67 287.23 365.44 -1000 -1000 -1000 -10 -1 -1 -1
256 15840 Car -1 -1 -10 0.24 223.59 287.60 365.39 -1000 -1000 -1000 -10 -1 -1 -1
257 15843 Car -1 -1 -10 0.23 223.48 287.40 365.38 -1000 -1000 -1000 -10 -1 -1 -1
258 15846 Car -1 -1 -10 0.23 223.49 287.35 365.44 -1000 -1000 -1000 -10 -1 -1 -1
259 15849 Car -1 -1 -10 0.23 223.60 287.25 365.32 -1000 -1000 -1000 -10 -1 -1 -1
260 15852 Car -1 -1 -10 0.23 223.57 287.24 365.37 -1000 -1000 -1000 -10 -1 -1 -1
261 15855 Car -1 -1 -10 0.23 223.49 287.34 365.42 -1000 -1000 -1000 -10 -1 -1 -1
262 15858 Car -1 -1 -10 0.23 223.36 287.38 365.43 -1000 -1000 -1000 -10 -1 -1 -1
263 15861 Car -1 -1 -10 0.23 223.47 287.21 365.42 -1000 -1000 -1000 -10 -1 -1 -1
264 15864 Car -1 -1 -10 0.24 223.55 287.25 365.34 -1000 -1000 -1000 -10 -1 -1 -1
265 15867 Car -1 -1 -10 0.23 223.61 287.18 365.39 -1000 -1000 -1000 -10 -1 -1 -1
266 15870 Car -1 -1 -10 0.22 223.66 287.69 365.39 -1000 -1000 -1000 -10 -1 -1 -1
267 15873 Car -1 -1 -10 0.22 223.63 287.20 365.51 -1000 -1000 -1000 -10 -1 -1 -1
268 15876 Car -1 -1 -10 0.24 223.57 287.09 365.48 -1000 -1000 -1000 -10 -1 -1 -1
269 15879 Car -1 -1 -10 0.24 223.64 287.31 365.51 -1000 -1000 -1000 -10 -1 -1 -1
270 15882 Car -1 -1 -10 0.23 223.62 287.31 365.38 -1000 -1000 -1000 -10 -1 -1 -1
271 15885 Car -1 -1 -10 0.23 223.56 287.26 365.40 -1000 -1000 -1000 -10 -1 -1 -1
272 15888 Car -1 -1 -10 0.24 223.66 287.39 365.21 -1000 -1000 -1000 -10 -1 -1 -1
273 15891 Car -1 -1 -10 0.23 223.51 287.35 365.33 -1000 -1000 -1000 -10 -1 -1 -1
274 15894 Car -1 -1 -10 0.23 223.69 287.25 365.27 -1000 -1000 -1000 -10 -1 -1 -1
275 15897 Car -1 -1 -10 0.24 223.60 286.98 365.30 -1000 -1000 -1000 -10 -1 -1 -1
276 15900 Car -1 -1 -10 0.24 223.39 287.35 365.34 -1000 -1000 -1000 -10 -1 -1 -1
277 15903 Car -1 -1 -10 0.23 223.61 287.47 365.37 -1000 -1000 -1000 -10 -1 -1 -1
278 15906 Car -1 -1 -10 0.24 223.55 287.21 365.35 -1000 -1000 -1000 -10 -1 -1 -1
279 15909 Car -1 -1 -10 0.24 223.52 287.63 365.35 -1000 -1000 -1000 -10 -1 -1 -1
279 15912 Car -1 -1 -10 472.73 168.45 503.04 191.21 -1000 -1000 -1000 -10 -1 -1 -1
280 15913 Car -1 -1 -10 0.23 223.43 287.30 365.35 -1000 -1000 -1000 -10 -1 -1 -1
280 15915 Car -1 -1 -10 468.07 168.91 496.69 191.19 -1000 -1000 -1000 -10 -1 -1 -1
281 15917 Car -1 -1 -10 0.24 223.57 287.33 365.38 -1000 -1000 -1000 -10 -1 -1 -1
281 15920 Car -1 -1 -10 465.57 169.51 494.99 191.00 -1000 -1000 -1000 -10 -1 -1 -1
282 15921 Car -1 -1 -10 0.23 223.53 287.34 365.42 -1000 -1000 -1000 -10 -1 -1 -1
282 15924 Car -1 -1 -10 460.77 169.92 489.97 192.07 -1000 -1000 -1000 -10 -1 -1 -1
283 15925 Car -1 -1 -10 0.23 223.21 287.16 365.40 -1000 -1000 -1000 -10 -1 -1 -1
284 15928 Car -1 -1 -10 0.23 223.43 287.25 365.50 -1000 -1000 -1000 -10 -1 -1 -1
284 15931 Car -1 -1 -10 456.73 169.18 486.07 193.28 -1000 -1000 -1000 -10 -1 -1 -1
285 15932 Car -1 -1 -10 0.23 223.41 287.42 365.38 -1000 -1000 -1000 -10 -1 -1 -1
285 15934 Car -1 -1 -10 453.07 170.41 483.06 194.74 -1000 -1000 -1000 -10 -1 -1 -1
286 15936 Car -1 -1 -10 0.23 223.46 287.54 365.36 -1000 -1000 -1000 -10 -1 -1 -1
286 15938 Car -1 -1 -10 447.80 171.21 481.72 195.18 -1000 -1000 -1000 -10 -1 -1 -1
287 15940 Car -1 -1 -10 0.23 223.66 287.37 365.39 -1000 -1000 -1000 -10 -1 -1 -1
287 15941 Car -1 -1 -10 446.42 171.06 479.36 194.98 -1000 -1000 -1000 -10 -1 -1 -1
288 15944 Car -1 -1 -10 0.23 223.49 287.11 365.46 -1000 -1000 -1000 -10 -1 -1 -1
288 15946 Car -1 -1 -10 444.28 171.50 477.40 196.35 -1000 -1000 -1000 -10 -1 -1 -1
289 15948 Car -1 -1 -10 0.23 223.31 287.23 365.20 -1000 -1000 -1000 -10 -1 -1 -1
289 15950 Car -1 -1 -10 442.92 172.27 475.03 196.85 -1000 -1000 -1000 -10 -1 -1 -1
290 15952 Car -1 -1 -10 0.23 223.42 287.10 365.36 -1000 -1000 -1000 -10 -1 -1 -1
290 15954 Car -1 -1 -10 442.24 171.66 474.06 197.38 -1000 -1000 -1000 -10 -1 -1 -1
291 15956 Car -1 -1 -10 0.24 223.21 287.14 365.32 -1000 -1000 -1000 -10 -1 -1 -1
291 15958 Car -1 -1 -10 438.69 171.37 472.21 198.90 -1000 -1000 -1000 -10 -1 -1 -1
292 15960 Car -1 -1 -10 0.24 223.36 287.11 365.24 -1000 -1000 -1000 -10 -1 -1 -1
292 15962 Car -1 -1 -10 435.99 172.22 470.56 198.91 -1000 -1000 -1000 -10 -1 -1 -1
293 15964 Car -1 -1 -10 0.24 223.31 287.15 365.26 -1000 -1000 -1000 -10 -1 -1 -1
293 15966 Car -1 -1 -10 434.34 174.11 467.97 200.76 -1000 -1000 -1000 -10 -1 -1 -1
294 15968 Car -1 -1 -10 0.24 223.41 287.16 365.05 -1000 -1000 -1000 -10 -1 -1 -1
294 15970 Car -1 -1 -10 431.27 175.59 467.93 201.18 -1000 -1000 -1000 -10 -1 -1 -1
295 15972 Car -1 -1 -10 0.24 223.37 286.97 365.17 -1000 -1000 -1000 -10 -1 -1 -1
295 15974 Car -1 -1 -10 429.75 172.80 466.87 201.34 -1000 -1000 -1000 -10 -1 -1 -1
296 15976 Car -1 -1 -10 0.24 223.21 287.22 365.31 -1000 -1000 -1000 -10 -1 -1 -1
296 15978 Car -1 -1 -10 426.19 172.45 465.76 202.23 -1000 -1000 -1000 -10 -1 -1 -1
297 15980 Car -1 -1 -10 0.24 223.29 287.18 365.26 -1000 -1000 -1000 -10 -1 -1 -1
297 15981 Car -1 -1 -10 425.10 172.13 464.92 203.54 -1000 -1000 -1000 -10 -1 -1 -1
298 15984 Car -1 -1 -10 0.24 223.17 287.12 365.23 -1000 -1000 -1000 -10 -1 -1 -1
298 15986 Car -1 -1 -10 425.83 172.66 463.40 204.23 -1000 -1000 -1000 -10 -1 -1 -1
299 15988 Car -1 -1 -10 0.24 223.20 287.27 365.24 -1000 -1000 -1000 -10 -1 -1 -1
299 15991 Car -1 -1 -10 425.24 173.02 465.35 205.17 -1000 -1000 -1000 -10 -1 -1 -1
300 15992 Car -1 -1 -10 0.24 223.07 287.07 365.13 -1000 -1000 -1000 -10 -1 -1 -1
300 15994 Car -1 -1 -10 428.63 175.90 467.92 206.73 -1000 -1000 -1000 -10 -1 -1 -1
301 15996 Car -1 -1 -10 0.24 222.95 286.84 365.22 -1000 -1000 -1000 -10 -1 -1 -1
301 15997 Car -1 -1 -10 428.96 175.78 470.44 207.65 -1000 -1000 -1000 -10 -1 -1 -1
302 16000 Car -1 -1 -10 0.23 223.29 287.43 365.16 -1000 -1000 -1000 -10 -1 -1 -1
302 16002 Car -1 -1 -10 427.60 175.70 477.06 208.89 -1000 -1000 -1000 -10 -1 -1 -1
303 16004 Car -1 -1 -10 0.25 223.10 286.95 365.20 -1000 -1000 -1000 -10 -1 -1 -1
303 16005 Car -1 -1 -10 428.83 175.12 483.92 209.49 -1000 -1000 -1000 -10 -1 -1 -1
303 16008 Car -1 -1 -10 393.17 171.08 426.10 192.28 -1000 -1000 -1000 -10 -1 -1 -1
304 16009 Car -1 -1 -10 0.23 223.04 287.28 365.22 -1000 -1000 -1000 -10 -1 -1 -1
304 16011 Car -1 -1 -10 431.58 174.01 492.29 210.28 -1000 -1000 -1000 -10 -1 -1 -1
305 16013 Car -1 -1 -10 0.24 223.33 287.47 365.32 -1000 -1000 -1000 -10 -1 -1 -1
305 16014 Car -1 -1 -10 436.75 173.20 500.82 209.47 -1000 -1000 -1000 -10 -1 -1 -1
305 16017 Car -1 -1 -10 381.31 171.64 422.62 195.75 -1000 -1000 -1000 -10 -1 -1 -1
306 16018 Car -1 -1 -10 0.24 223.27 287.43 365.33 -1000 -1000 -1000 -10 -1 -1 -1
306 16019 Car -1 -1 -10 440.90 171.91 512.13 210.88 -1000 -1000 -1000 -10 -1 -1 -1
307 16022 Car -1 -1 -10 0.24 223.26 287.29 365.34 -1000 -1000 -1000 -10 -1 -1 -1
307 16023 Car -1 -1 -10 446.39 172.36 528.21 213.89 -1000 -1000 -1000 -10 -1 -1 -1
307 16026 Car -1 -1 -10 375.91 170.88 415.52 195.45 -1000 -1000 -1000 -10 -1 -1 -1
308 16027 Car -1 -1 -10 0.24 223.22 287.22 365.41 -1000 -1000 -1000 -10 -1 -1 -1
308 16028 Car -1 -1 -10 455.92 171.18 542.90 213.57 -1000 -1000 -1000 -10 -1 -1 -1
309 16031 Car -1 -1 -10 0.23 223.21 287.46 365.58 -1000 -1000 -1000 -10 -1 -1 -1
309 16032 Car -1 -1 -10 465.24 171.94 558.76 214.78 -1000 -1000 -1000 -10 -1 -1 -1
309 16035 Car -1 -1 -10 366.97 172.63 409.39 195.79 -1000 -1000 -1000 -10 -1 -1 -1
310 16036 Car -1 -1 -10 0.23 223.28 287.23 365.38 -1000 -1000 -1000 -10 -1 -1 -1
310 16038 Car -1 -1 -10 478.54 171.96 580.53 214.57 -1000 -1000 -1000 -10 -1 -1 -1
310 16040 Car -1 -1 -10 361.06 172.01 408.95 196.63 -1000 -1000 -1000 -10 -1 -1 -1
311 16041 Car -1 -1 -10 0.24 223.30 286.62 365.29 -1000 -1000 -1000 -10 -1 -1 -1
311 16042 Car -1 -1 -10 491.52 171.42 602.63 214.60 -1000 -1000 -1000 -10 -1 -1 -1
311 16045 Car -1 -1 -10 359.68 172.16 400.31 196.78 -1000 -1000 -1000 -10 -1 -1 -1
312 16046 Car -1 -1 -10 0.24 223.30 286.85 365.31 -1000 -1000 -1000 -10 -1 -1 -1
312 16047 Car -1 -1 -10 506.60 170.39 624.09 214.72 -1000 -1000 -1000 -10 -1 -1 -1
312 16050 Car -1 -1 -10 354.48 172.31 397.85 198.66 -1000 -1000 -1000 -10 -1 -1 -1
313 16051 Car -1 -1 -10 0.24 223.15 287.09 365.40 -1000 -1000 -1000 -10 -1 -1 -1
313 16052 Car -1 -1 -10 524.54 171.23 645.88 214.52 -1000 -1000 -1000 -10 -1 -1 -1
313 16054 Car -1 -1 -10 352.01 172.56 392.89 199.82 -1000 -1000 -1000 -10 -1 -1 -1
314 16056 Car -1 -1 -10 0.24 223.19 287.10 365.49 -1000 -1000 -1000 -10 -1 -1 -1
314 16057 Car -1 -1 -10 546.76 170.52 669.58 214.90 -1000 -1000 -1000 -10 -1 -1 -1
314 16059 Car -1 -1 -10 345.28 172.40 389.55 201.42 -1000 -1000 -1000 -10 -1 -1 -1
314 16061 Car -1 -1 -10 456.77 172.77 482.98 194.36 -1000 -1000 -1000 -10 -1 -1 -1
315 16062 Car -1 -1 -10 0.25 223.23 287.09 365.28 -1000 -1000 -1000 -10 -1 -1 -1
315 16063 Car -1 -1 -10 569.86 169.87 696.32 214.05 -1000 -1000 -1000 -10 -1 -1 -1
315 16065 Car -1 -1 -10 340.75 172.21 385.54 202.53 -1000 -1000 -1000 -10 -1 -1 -1
315 16067 Car -1 -1 -10 454.23 173.19 482.28 194.96 -1000 -1000 -1000 -10 -1 -1 -1
316 16068 Car -1 -1 -10 0.12 223.16 286.95 366.00 -1000 -1000 -1000 -10 -1 -1 -1
316 16069 Car -1 -1 -10 593.00 169.30 722.34 214.41 -1000 -1000 -1000 -10 -1 -1 -1
316 16071 Car -1 -1 -10 336.32 172.75 380.44 205.08 -1000 -1000 -1000 -10 -1 -1 -1
316 16072 Car -1 -1 -10 451.83 172.90 481.08 195.85 -1000 -1000 -1000 -10 -1 -1 -1
317 16074 Car -1 -1 -10 0.10 223.39 286.95 365.96 -1000 -1000 -1000 -10 -1 -1 -1
317 16075 Car -1 -1 -10 616.65 168.48 748.18 214.55 -1000 -1000 -1000 -10 -1 -1 -1
317 16076 Car -1 -1 -10 331.22 173.27 378.11 206.06 -1000 -1000 -1000 -10 -1 -1 -1
317 16079 Car -1 -1 -10 451.43 172.15 479.16 195.63 -1000 -1000 -1000 -10 -1 -1 -1
318 16080 Car -1 -1 -10 0.11 223.42 286.95 366.00 -1000 -1000 -1000 -10 -1 -1 -1
318 16081 Car -1 -1 -10 640.75 169.20 773.74 212.82 -1000 -1000 -1000 -10 -1 -1 -1
318 16083 Car -1 -1 -10 327.00 174.13 374.57 204.63 -1000 -1000 -1000 -10 -1 -1 -1
318 16084 Car -1 -1 -10 449.17 172.36 476.72 196.01 -1000 -1000 -1000 -10 -1 -1 -1
319 16086 Car -1 -1 -10 0.12 223.14 287.26 365.91 -1000 -1000 -1000 -10 -1 -1 -1
319 16087 Car -1 -1 -10 667.92 166.71 802.60 212.51 -1000 -1000 -1000 -10 -1 -1 -1
319 16089 Car -1 -1 -10 317.90 174.50 371.47 207.45 -1000 -1000 -1000 -10 -1 -1 -1
319 16090 Car -1 -1 -10 447.73 173.09 475.56 196.42 -1000 -1000 -1000 -10 -1 -1 -1
320 16092 Car -1 -1 -10 0.12 223.35 287.12 365.87 -1000 -1000 -1000 -10 -1 -1 -1
320 16093 Car -1 -1 -10 693.25 167.25 829.67 211.91 -1000 -1000 -1000 -10 -1 -1 -1
320 16095 Car -1 -1 -10 312.54 174.44 365.04 209.73 -1000 -1000 -1000 -10 -1 -1 -1
320 16097 Car -1 -1 -10 445.51 172.96 475.00 196.98 -1000 -1000 -1000 -10 -1 -1 -1
321 16098 Car -1 -1 -10 0.11 223.59 286.90 365.90 -1000 -1000 -1000 -10 -1 -1 -1
321 16099 Car -1 -1 -10 721.84 165.83 858.76 210.96 -1000 -1000 -1000 -10 -1 -1 -1
321 16101 Car -1 -1 -10 310.52 173.90 362.31 209.45 -1000 -1000 -1000 -10 -1 -1 -1
321 16103 Car -1 -1 -10 443.35 172.78 474.73 197.84 -1000 -1000 -1000 -10 -1 -1 -1
322 16104 Car -1 -1 -10 0.11 223.69 286.91 365.71 -1000 -1000 -1000 -10 -1 -1 -1
322 16105 Car -1 -1 -10 747.99 165.50 882.45 212.14 -1000 -1000 -1000 -10 -1 -1 -1
322 16106 Car -1 -1 -10 306.85 175.28 358.18 211.07 -1000 -1000 -1000 -10 -1 -1 -1
323 16109 Car -1 -1 -10 0.26 223.38 287.08 365.24 -1000 -1000 -1000 -10 -1 -1 -1
323 16110 Car -1 -1 -10 775.46 167.00 912.56 210.23 -1000 -1000 -1000 -10 -1 -1 -1
323 16111 Car -1 -1 -10 301.23 175.41 352.56 214.34 -1000 -1000 -1000 -10 -1 -1 -1
324 16114 Car -1 -1 -10 0.25 223.34 286.70 365.22 -1000 -1000 -1000 -10 -1 -1 -1
324 16115 Car -1 -1 -10 802.28 163.49 942.03 210.04 -1000 -1000 -1000 -10 -1 -1 -1
324 16117 Car -1 -1 -10 297.88 175.20 347.49 214.86 -1000 -1000 -1000 -10 -1 -1 -1
325 16119 Car -1 -1 -10 0.24 223.36 286.89 365.27 -1000 -1000 -1000 -10 -1 -1 -1
325 16120 Car -1 -1 -10 831.99 163.62 968.75 210.35 -1000 -1000 -1000 -10 -1 -1 -1
326 16123 Car -1 -1 -10 0.24 223.45 286.70 365.32 -1000 -1000 -1000 -10 -1 -1 -1
326 16124 Car -1 -1 -10 856.63 161.61 983.56 209.72 -1000 -1000 -1000 -10 -1 -1 -1
327 16127 Car -1 -1 -10 0.24 223.30 286.93 365.27 -1000 -1000 -1000 -10 -1 -1 -1
328 16130 Car -1 -1 -10 0.25 223.19 287.37 365.35 -1000 -1000 -1000 -10 -1 -1 -1
329 16133 Car -1 -1 -10 0.25 223.26 287.03 365.14 -1000 -1000 -1000 -10 -1 -1 -1
329 16136 Car -1 -1 -10 240.65 178.24 317.27 225.26 -1000 -1000 -1000 -10 -1 -1 -1
330 16137 Car -1 -1 -10 0.25 223.37 286.87 365.25 -1000 -1000 -1000 -10 -1 -1 -1
330 16139 Car -1 -1 -10 227.49 180.71 309.52 227.43 -1000 -1000 -1000 -10 -1 -1 -1
330 16141 Car -1 -1 -10 440.10 176.52 476.06 203.63 -1000 -1000 -1000 -10 -1 -1 -1
331 16142 Car -1 -1 -10 0.24 223.47 287.06 365.32 -1000 -1000 -1000 -10 -1 -1 -1
331 16144 Car -1 -1 -10 442.02 175.15 478.39 204.28 -1000 -1000 -1000 -10 -1 -1 -1
332 16146 Car -1 -1 -10 0.11 224.21 287.11 365.80 -1000 -1000 -1000 -10 -1 -1 -1
332 16147 Car -1 -1 -10 202.03 178.16 293.20 230.16 -1000 -1000 -1000 -10 -1 -1 -1
332 16149 Car -1 -1 -10 442.59 175.57 483.41 206.18 -1000 -1000 -1000 -10 -1 -1 -1
333 16151 Car -1 -1 -10 0.10 223.74 287.10 365.75 -1000 -1000 -1000 -10 -1 -1 -1
333 16152 Car -1 -1 -10 184.16 178.98 291.79 231.21 -1000 -1000 -1000 -10 -1 -1 -1
333 16153 Car -1 -1 -10 443.50 174.75 487.20 205.80 -1000 -1000 -1000 -10 -1 -1 -1
333 16156 Car -1 -1 -10 1043.98 156.44 1213.50 221.21 -1000 -1000 -1000 -10 -1 -1 -1
334 16157 Car -1 -1 -10 0.10 223.87 287.46 365.71 -1000 -1000 -1000 -10 -1 -1 -1
334 16158 Car -1 -1 -10 177.91 179.76 288.34 232.57 -1000 -1000 -1000 -10 -1 -1 -1
334 16161 Car -1 -1 -10 445.26 173.43 496.21 206.55 -1000 -1000 -1000 -10 -1 -1 -1
335 16162 Car -1 -1 -10 0.09 223.85 287.30 365.73 -1000 -1000 -1000 -10 -1 -1 -1
335 16164 Car -1 -1 -10 448.34 172.20 500.47 207.37 -1000 -1000 -1000 -10 -1 -1 -1
335 16165 Car -1 -1 -10 176.52 179.31 284.21 232.43 -1000 -1000 -1000 -10 -1 -1 -1
336 16167 Car -1 -1 -10 0.08 223.71 286.91 366.18 -1000 -1000 -1000 -10 -1 -1 -1
336 16168 Car -1 -1 -10 132.08 179.97 249.44 239.43 -1000 -1000 -1000 -10 -1 -1 -1
336 16169 Car -1 -1 -10 453.82 174.01 512.38 207.25 -1000 -1000 -1000 -10 -1 -1 -1
336 16172 Car -1 -1 -10 1128.32 144.52 1223.99 202.14 -1000 -1000 -1000 -10 -1 -1 -1
337 16173 Car -1 -1 -10 0.22 222.84 286.59 366.09 -1000 -1000 -1000 -10 -1 -1 -1
337 16174 Car -1 -1 -10 113.78 179.43 239.24 240.24 -1000 -1000 -1000 -10 -1 -1 -1
337 16175 Car -1 -1 -10 459.02 172.73 517.58 207.80 -1000 -1000 -1000 -10 -1 -1 -1
337 16178 Car -1 -1 -10 1148.45 147.99 1223.31 201.72 -1000 -1000 -1000 -10 -1 -1 -1
338 16179 Car -1 -1 -10 0.02 222.67 286.21 365.79 -1000 -1000 -1000 -10 -1 -1 -1
338 16180 Car -1 -1 -10 464.80 171.18 527.83 208.15 -1000 -1000 -1000 -10 -1 -1 -1
338 16181 Car -1 -1 -10 83.18 181.42 222.92 244.09 -1000 -1000 -1000 -10 -1 -1 -1
339 16184 Car -1 -1 -10 0.12 224.94 286.96 364.80 -1000 -1000 -1000 -10 -1 -1 -1
339 16185 Car -1 -1 -10 471.90 172.13 535.81 208.67 -1000 -1000 -1000 -10 -1 -1 -1
339 16186 Car -1 -1 -10 56.34 181.05 206.12 243.67 -1000 -1000 -1000 -10 -1 -1 -1
339 16189 Pedestrian -1 -1 -10 290.38 171.03 322.93 244.45 -1000 -1000 -1000 -10 -1 -1 -1
340 16190 Car -1 -1 -10 0.19 223.77 287.56 364.47 -1000 -1000 -1000 -10 -1 -1 -1
340 16193 Car -1 -1 -10 478.41 171.45 550.55 208.61 -1000 -1000 -1000 -10 -1 -1 -1
341 16194 Car -1 -1 -10 0.11 223.31 286.00 364.87 -1000 -1000 -1000 -10 -1 -1 -1
341 16195 Car -1 -1 -10 486.86 172.46 560.31 209.10 -1000 -1000 -1000 -10 -1 -1 -1
341 16198 Car -1 -1 -10 2.26 183.89 161.33 251.36 -1000 -1000 -1000 -10 -1 -1 -1
342 16199 Car -1 -1 -10 0.03 224.11 286.31 364.65 -1000 -1000 -1000 -10 -1 -1 -1
342 16200 Car -1 -1 -10 0.00 183.63 146.07 246.44 -1000 -1000 -1000 -10 -1 -1 -1
342 16201 Car -1 -1 -10 493.85 172.36 573.72 209.72 -1000 -1000 -1000 -10 -1 -1 -1
343 16204 Car -1 -1 -10 0.08 224.87 286.63 364.96 -1000 -1000 -1000 -10 -1 -1 -1
343 16205 Car -1 -1 -10 0.00 185.75 115.16 233.89 -1000 -1000 -1000 -10 -1 -1 -1
343 16208 Car -1 -1 -10 506.06 171.08 590.09 209.45 -1000 -1000 -1000 -10 -1 -1 -1
344 16209 Car -1 -1 -10 0.07 227.04 286.48 365.54 -1000 -1000 -1000 -10 -1 -1 -1
344 16210 Car -1 -1 -10 518.33 169.97 602.25 210.35 -1000 -1000 -1000 -10 -1 -1 -1
344 16211 Car -1 -1 -10 0.00 186.73 85.23 231.56 -1000 -1000 -1000 -10 -1 -1 -1
345 16214 Car -1 -1 -10 0.09 225.33 286.78 365.29 -1000 -1000 -1000 -10 -1 -1 -1
345 16215 Car -1 -1 -10 527.77 170.00 619.23 211.43 -1000 -1000 -1000 -10 -1 -1 -1
346 16218 Car -1 -1 -10 0.19 224.61 286.58 365.52 -1000 -1000 -1000 -10 -1 -1 -1
346 16219 Car -1 -1 -10 542.08 171.39 634.91 212.00 -1000 -1000 -1000 -10 -1 -1 -1
347 16222 Car -1 -1 -10 0.12 223.14 286.68 365.17 -1000 -1000 -1000 -10 -1 -1 -1
347 16223 Car -1 -1 -10 554.43 171.27 652.06 212.36 -1000 -1000 -1000 -10 -1 -1 -1
348 16226 Car -1 -1 -10 0.24 223.66 287.09 365.24 -1000 -1000 -1000 -10 -1 -1 -1
348 16227 Car -1 -1 -10 568.68 169.00 669.43 212.06 -1000 -1000 -1000 -10 -1 -1 -1
349 16230 Car -1 -1 -10 0.25 223.34 286.86 365.32 -1000 -1000 -1000 -10 -1 -1 -1
349 16231 Car -1 -1 -10 586.30 171.75 684.94 212.64 -1000 -1000 -1000 -10 -1 -1 -1
350 16234 Car -1 -1 -10 0.24 223.56 287.02 365.30 -1000 -1000 -1000 -10 -1 -1 -1
350 16236 Car -1 -1 -10 602.61 172.27 705.74 212.58 -1000 -1000 -1000 -10 -1 -1 -1
351 16238 Car -1 -1 -10 0.24 223.23 286.84 365.37 -1000 -1000 -1000 -10 -1 -1 -1
351 16239 Car -1 -1 -10 619.58 169.63 721.57 213.02 -1000 -1000 -1000 -10 -1 -1 -1
352 16242 Car -1 -1 -10 0.24 223.17 287.33 365.35 -1000 -1000 -1000 -10 -1 -1 -1
352 16243 Car -1 -1 -10 637.38 170.32 745.59 213.64 -1000 -1000 -1000 -10 -1 -1 -1
353 16246 Car -1 -1 -10 0.24 223.44 287.34 365.30 -1000 -1000 -1000 -10 -1 -1 -1
353 16247 Car -1 -1 -10 656.17 169.11 765.14 211.14 -1000 -1000 -1000 -10 -1 -1 -1
354 16250 Car -1 -1 -10 0.23 223.32 287.51 365.40 -1000 -1000 -1000 -10 -1 -1 -1
354 16251 Car -1 -1 -10 676.15 168.11 788.63 211.56 -1000 -1000 -1000 -10 -1 -1 -1
355 16254 Car -1 -1 -10 695.89 166.68 806.43 211.12 -1000 -1000 -1000 -10 -1 -1 -1
355 16255 Car -1 -1 -10 0.24 223.41 287.27 365.40 -1000 -1000 -1000 -10 -1 -1 -1
356 16258 Car -1 -1 -10 0.25 223.32 287.18 365.37 -1000 -1000 -1000 -10 -1 -1 -1
356 16259 Car -1 -1 -10 713.37 167.70 831.86 210.45 -1000 -1000 -1000 -10 -1 -1 -1
357 16262 Car -1 -1 -10 0.24 223.61 286.96 365.33 -1000 -1000 -1000 -10 -1 -1 -1
357 16263 Car -1 -1 -10 739.20 166.22 854.08 209.97 -1000 -1000 -1000 -10 -1 -1 -1
358 16266 Car -1 -1 -10 0.25 223.45 287.39 365.33 -1000 -1000 -1000 -10 -1 -1 -1
358 16267 Car -1 -1 -10 758.93 166.23 877.22 211.76 -1000 -1000 -1000 -10 -1 -1 -1
359 16270 Car -1 -1 -10 0.24 223.30 287.43 365.37 -1000 -1000 -1000 -10 -1 -1 -1
359 16271 Car -1 -1 -10 783.05 165.87 903.61 209.75 -1000 -1000 -1000 -10 -1 -1 -1
360 16274 Car -1 -1 -10 0.24 223.66 287.16 365.34 -1000 -1000 -1000 -10 -1 -1 -1
360 16275 Car -1 -1 -10 805.70 165.00 928.53 210.71 -1000 -1000 -1000 -10 -1 -1 -1
361 16278 Car -1 -1 -10 830.74 164.46 951.38 211.60 -1000 -1000 -1000 -10 -1 -1 -1
361 16279 Car -1 -1 -10 0.25 223.49 287.39 365.28 -1000 -1000 -1000 -10 -1 -1 -1
362 16282 Car -1 -1 -10 0.24 223.59 287.27 365.33 -1000 -1000 -1000 -10 -1 -1 -1
362 16283 Car -1 -1 -10 853.94 163.37 973.80 210.37 -1000 -1000 -1000 -10 -1 -1 -1
363 16286 Car -1 -1 -10 0.24 223.58 287.15 365.28 -1000 -1000 -1000 -10 -1 -1 -1
363 16287 Car -1 -1 -10 874.34 161.97 987.36 210.24 -1000 -1000 -1000 -10 -1 -1 -1
364 16290 Car -1 -1 -10 0.24 223.51 287.03 365.39 -1000 -1000 -1000 -10 -1 -1 -1
365 16293 Car -1 -1 -10 0.24 223.48 287.20 365.42 -1000 -1000 -1000 -10 -1 -1 -1
366 16296 Car -1 -1 -10 0.24 223.62 287.48 365.48 -1000 -1000 -1000 -10 -1 -1 -1
367 16299 Car -1 -1 -10 0.24 223.45 287.01 365.31 -1000 -1000 -1000 -10 -1 -1 -1
367 16302 Car -1 -1 -10 966.71 160.30 1097.11 217.73 -1000 -1000 -1000 -10 -1 -1 -1
368 16303 Car -1 -1 -10 0.25 223.29 287.28 365.42 -1000 -1000 -1000 -10 -1 -1 -1
369 16306 Car -1 -1 -10 0.24 223.42 287.02 365.35 -1000 -1000 -1000 -10 -1 -1 -1
370 16309 Car -1 -1 -10 0.25 223.28 287.14 365.35 -1000 -1000 -1000 -10 -1 -1 -1
371 16312 Car -1 -1 -10 0.24 223.27 287.03 365.33 -1000 -1000 -1000 -10 -1 -1 -1
372 16315 Car -1 -1 -10 0.24 223.35 286.89 365.30 -1000 -1000 -1000 -10 -1 -1 -1
373 16318 Car -1 -1 -10 0.24 223.51 287.88 365.30 -1000 -1000 -1000 -10 -1 -1 -1
374 16321 Car -1 -1 -10 0.24 223.27 287.27 365.38 -1000 -1000 -1000 -10 -1 -1 -1
375 16324 Car -1 -1 -10 0.24 223.37 287.34 365.47 -1000 -1000 -1000 -10 -1 -1 -1
375 16327 Car -1 -1 -10 1138.98 145.11 1224.00 195.63 -1000 -1000 -1000 -10 -1 -1 -1
