0 17659 Pedestrian -1 -1 -10 384.76 154.22 494.90 358.79 -1000 -1000 -1000 -10 -1 -1 -1
0 17660 Pedestrian -1 -1 -10 488.32 145.05 542.97 331.77 -1000 -1000 -1000 -10 -1 -1 -1
0 17661 Car -1 -1 -10 0.01 96.63 259.33 363.34 -1000 -1000 -1000 -10 -1 -1 -1
1 17662 Pedestrian -1 -1 -10 390.59 153.51 496.39 359.04 -1000 -1000 -1000 -10 -1 -1 -1
1 17663 Pedestrian -1 -1 -10 497.54 142.80 549.55 331.40 -1000 -1000 -1000 -10 -1 -1 -1
1 17664 Car -1 -1 -10 0.01 96.51 258.63 362.97 -1000 -1000 -1000 -10 -1 -1 -1
2 17665 Pedestrian -1 -1 -10 505.45 143.76 569.95 333.34 -1000 -1000 -1000 -10 -1 -1 -1
2 17666 Pedestrian -1 -1 -10 416.48 151.17 495.53 356.60 -1000 -1000 -1000 -10 -1 -1 -1
2 17667 Car -1 -1 -10 0.01 96.61 259.18 362.95 -1000 -1000 -1000 -10 -1 -1 -1
3 17668 Pedestrian -1 -1 -10 444.44 148.66 507.35 359.48 -1000 -1000 -1000 -10 -1 -1 -1
3 17669 Pedestrian -1 -1 -10 512.87 128.02 585.63 343.19 -1000 -1000 -1000 -10 -1 -1 -1
3 17670 Car -1 -1 -10 0.01 96.82 258.84 362.90 -1000 -1000 -1000 -10 -1 -1 -1
4 17672 Pedestrian -1 -1 -10 520.01 145.46 599.18 340.37 -1000 -1000 -1000 -10 -1 -1 -1
4 17673 Pedestrian -1 -1 -10 454.24 148.86 536.04 367.06 -1000 -1000 -1000 -10 -1 -1 -1
4 17674 Car -1 -1 -10 0.03 96.62 260.12 362.74 -1000 -1000 -1000 -10 -1 -1 -1
5 17675 Pedestrian -1 -1 -10 524.33 146.19 608.85 350.20 -1000 -1000 -1000 -10 -1 -1 -1
5 17676 Pedestrian -1 -1 -10 460.18 147.58 549.79 361.76 -1000 -1000 -1000 -10 -1 -1 -1
5 17677 Car -1 -1 -10 0.02 96.48 260.09 362.90 -1000 -1000 -1000 -10 -1 -1 -1
6 17678 Pedestrian -1 -1 -10 466.69 153.94 560.97 367.04 -1000 -1000 -1000 -10 -1 -1 -1
6 17679 Pedestrian -1 -1 -10 538.60 145.70 614.28 348.14 -1000 -1000 -1000 -10 -1 -1 -1
6 17680 Car -1 -1 -10 0.02 96.41 260.01 362.77 -1000 -1000 -1000 -10 -1 -1 -1
7 17682 Pedestrian -1 -1 -10 482.67 155.09 575.82 365.97 -1000 -1000 -1000 -10 -1 -1 -1
7 17683 Pedestrian -1 -1 -10 561.91 143.41 617.66 348.56 -1000 -1000 -1000 -10 -1 -1 -1
7 17684 Car -1 -1 -10 0.03 96.13 260.78 362.75 -1000 -1000 -1000 -10 -1 -1 -1
8 17686 Pedestrian -1 -1 -10 578.70 141.90 634.45 349.94 -1000 -1000 -1000 -10 -1 -1 -1
8 17687 Pedestrian -1 -1 -10 513.60 153.52 575.10 369.80 -1000 -1000 -1000 -10 -1 -1 -1
8 17688 Car -1 -1 -10 0.33 95.49 261.31 363.30 -1000 -1000 -1000 -10 -1 -1 -1
9 17689 Pedestrian -1 -1 -10 522.62 153.25 589.96 370.00 -1000 -1000 -1000 -10 -1 -1 -1
9 17690 Pedestrian -1 -1 -10 584.66 143.92 664.39 352.90 -1000 -1000 -1000 -10 -1 -1 -1
9 17691 Car -1 -1 -10 0.38 95.89 260.66 363.30 -1000 -1000 -1000 -10 -1 -1 -1
9 17693 Pedestrian -1 -1 -10 496.32 141.97 519.91 205.78 -1000 -1000 -1000 -10 -1 -1 -1
10 17694 Pedestrian -1 -1 -10 528.94 153.96 629.06 369.87 -1000 -1000 -1000 -10 -1 -1 -1
10 17695 Pedestrian -1 -1 -10 593.16 145.12 681.65 354.48 -1000 -1000 -1000 -10 -1 -1 -1
10 17696 Pedestrian -1 -1 -10 239.73 142.36 297.75 316.97 -1000 -1000 -1000 -10 -1 -1 -1
10 17698 Car -1 -1 -10 0.73 96.03 259.30 364.01 -1000 -1000 -1000 -10 -1 -1 -1
11 17699 Pedestrian -1 -1 -10 531.54 153.05 642.04 368.77 -1000 -1000 -1000 -10 -1 -1 -1
11 17700 Pedestrian -1 -1 -10 615.68 146.89 689.12 360.00 -1000 -1000 -1000 -10 -1 -1 -1
11 17701 Car -1 -1 -10 0.32 95.54 260.53 363.49 -1000 -1000 -1000 -10 -1 -1 -1
11 17702 Pedestrian -1 -1 -10 241.97 141.00 309.51 315.77 -1000 -1000 -1000 -10 -1 -1 -1
12 17704 Pedestrian -1 -1 -10 540.81 155.95 641.92 369.78 -1000 -1000 -1000 -10 -1 -1 -1
12 17705 Pedestrian -1 -1 -10 628.09 146.11 690.33 359.62 -1000 -1000 -1000 -10 -1 -1 -1
12 17706 Car -1 -1 -10 0.32 95.58 261.21 363.41 -1000 -1000 -1000 -10 -1 -1 -1
13 17707 Pedestrian -1 -1 -10 569.37 153.07 650.69 370.00 -1000 -1000 -1000 -10 -1 -1 -1
13 17708 Pedestrian -1 -1 -10 638.40 145.91 695.82 358.78 -1000 -1000 -1000 -10 -1 -1 -1
13 17709 Pedestrian -1 -1 -10 253.26 145.88 341.59 320.08 -1000 -1000 -1000 -10 -1 -1 -1
13 17710 Car -1 -1 -10 0.30 95.97 260.75 363.45 -1000 -1000 -1000 -10 -1 -1 -1
14 17711 Pedestrian -1 -1 -10 595.74 149.26 656.79 370.00 -1000 -1000 -1000 -10 -1 -1 -1
14 17712 Pedestrian -1 -1 -10 649.95 144.21 718.46 364.55 -1000 -1000 -1000 -10 -1 -1 -1
14 17713 Pedestrian -1 -1 -10 268.11 144.65 352.07 327.64 -1000 -1000 -1000 -10 -1 -1 -1
14 17714 Car -1 -1 -10 0.34 95.83 260.11 363.50 -1000 -1000 -1000 -10 -1 -1 -1
14 17715 Pedestrian -1 -1 -10 234.26 132.61 290.74 327.55 -1000 -1000 -1000 -10 -1 -1 -1
15 17716 Pedestrian -1 -1 -10 587.30 149.46 685.43 370.00 -1000 -1000 -1000 -10 -1 -1 -1
15 17717 Pedestrian -1 -1 -10 660.32 145.10 738.20 367.21 -1000 -1000 -1000 -10 -1 -1 -1
15 17718 Car -1 -1 -10 0.32 95.61 261.80 363.42 -1000 -1000 -1000 -10 -1 -1 -1
15 17719 Pedestrian -1 -1 -10 282.63 146.74 354.95 323.96 -1000 -1000 -1000 -10 -1 -1 -1
16 17720 Pedestrian -1 -1 -10 587.07 153.07 706.90 370.00 -1000 -1000 -1000 -10 -1 -1 -1
16 17721 Pedestrian -1 -1 -10 672.08 148.87 753.05 368.36 -1000 -1000 -1000 -10 -1 -1 -1
16 17722 Car -1 -1 -10 0.31 95.46 261.84 363.55 -1000 -1000 -1000 -10 -1 -1 -1
16 17723 Pedestrian -1 -1 -10 310.90 141.83 372.73 321.25 -1000 -1000 -1000 -10 -1 -1 -1
16 17724 Pedestrian -1 -1 -10 509.11 145.43 528.56 207.81 -1000 -1000 -1000 -10 -1 -1 -1
17 17725 Pedestrian -1 -1 -10 595.41 156.05 722.11 370.00 -1000 -1000 -1000 -10 -1 -1 -1
17 17726 Pedestrian -1 -1 -10 681.92 146.26 761.98 367.76 -1000 -1000 -1000 -10 -1 -1 -1
17 17727 Pedestrian -1 -1 -10 319.49 141.70 396.42 323.71 -1000 -1000 -1000 -10 -1 -1 -1
17 17728 Pedestrian -1 -1 -10 1179.12 145.28 1223.70 368.70 -1000 -1000 -1000 -10 -1 -1 -1
17 17729 Car -1 -1 -10 0.31 95.50 260.13 363.48 -1000 -1000 -1000 -10 -1 -1 -1
17 17730 Pedestrian -1 -1 -10 254.06 132.54 313.48 329.49 -1000 -1000 -1000 -10 -1 -1 -1
17 17731 Pedestrian -1 -1 -10 508.87 145.12 531.56 208.69 -1000 -1000 -1000 -10 -1 -1 -1
18 17733 Pedestrian -1 -1 -10 1139.33 150.54 1223.70 369.20 -1000 -1000 -1000 -10 -1 -1 -1
18 17734 Pedestrian -1 -1 -10 326.54 140.91 426.81 323.03 -1000 -1000 -1000 -10 -1 -1 -1
18 17735 Pedestrian -1 -1 -10 625.52 152.45 718.09 369.88 -1000 -1000 -1000 -10 -1 -1 -1
18 17736 Pedestrian -1 -1 -10 696.61 145.27 766.27 368.79 -1000 -1000 -1000 -10 -1 -1 -1
18 17737 Car -1 -1 -10 0.33 95.57 260.49 363.33 -1000 -1000 -1000 -10 -1 -1 -1
18 17738 Pedestrian -1 -1 -10 541.55 142.08 567.82 197.48 -1000 -1000 -1000 -10 -1 -1 -1
18 17739 Pedestrian -1 -1 -10 264.45 139.50 322.71 336.72 -1000 -1000 -1000 -10 -1 -1 -1
18 17740 Pedestrian -1 -1 -10 508.77 144.65 531.73 209.16 -1000 -1000 -1000 -10 -1 -1 -1
19 17742 Pedestrian -1 -1 -10 333.12 143.57 427.51 324.19 -1000 -1000 -1000 -10 -1 -1 -1
19 17743 Pedestrian -1 -1 -10 1110.70 147.56 1202.53 370.00 -1000 -1000 -1000 -10 -1 -1 -1
19 17744 Pedestrian -1 -1 -10 658.39 151.43 732.57 368.52 -1000 -1000 -1000 -10 -1 -1 -1
19 17745 Pedestrian -1 -1 -10 714.36 141.33 777.18 368.59 -1000 -1000 -1000 -10 -1 -1 -1
19 17746 Pedestrian -1 -1 -10 539.66 139.29 563.67 197.75 -1000 -1000 -1000 -10 -1 -1 -1
19 17747 Pedestrian -1 -1 -10 508.35 142.38 533.49 208.75 -1000 -1000 -1000 -10 -1 -1 -1
19 17748 Pedestrian -1 -1 -10 274.23 130.08 343.74 340.44 -1000 -1000 -1000 -10 -1 -1 -1
19 17749 Car -1 -1 -10 0.31 95.32 261.77 363.42 -1000 -1000 -1000 -10 -1 -1 -1
20 17751 Pedestrian -1 -1 -10 1079.56 145.81 1160.30 368.87 -1000 -1000 -1000 -10 -1 -1 -1
20 17752 Pedestrian -1 -1 -10 672.60 149.90 753.58 369.35 -1000 -1000 -1000 -10 -1 -1 -1
20 17753 Pedestrian -1 -1 -10 727.87 140.63 802.71 369.13 -1000 -1000 -1000 -10 -1 -1 -1
20 17754 Pedestrian -1 -1 -10 275.62 134.61 354.18 342.70 -1000 -1000 -1000 -10 -1 -1 -1
20 17755 Pedestrian -1 -1 -10 540.16 141.09 562.53 198.21 -1000 -1000 -1000 -10 -1 -1 -1
20 17756 Pedestrian -1 -1 -10 355.49 144.32 421.15 322.20 -1000 -1000 -1000 -10 -1 -1 -1
20 17757 Car -1 -1 -10 0.32 95.46 260.09 363.41 -1000 -1000 -1000 -10 -1 -1 -1
20 17758 Pedestrian -1 -1 -10 510.59 140.90 535.05 208.35 -1000 -1000 -1000 -10 -1 -1 -1
21 17759 Pedestrian -1 -1 -10 1012.28 152.72 1143.81 368.64 -1000 -1000 -1000 -10 -1 -1 -1
21 17760 Pedestrian -1 -1 -10 742.13 143.69 823.58 366.99 -1000 -1000 -1000 -10 -1 -1 -1
21 17761 Pedestrian -1 -1 -10 682.35 152.78 783.50 369.75 -1000 -1000 -1000 -10 -1 -1 -1
21 17762 Pedestrian -1 -1 -10 374.62 144.61 431.42 324.32 -1000 -1000 -1000 -10 -1 -1 -1
21 17763 Car -1 -1 -10 0.31 95.34 261.91 363.22 -1000 -1000 -1000 -10 -1 -1 -1
21 17764 Pedestrian -1 -1 -10 291.13 136.59 357.88 288.18 -1000 -1000 -1000 -10 -1 -1 -1
21 17765 Pedestrian -1 -1 -10 541.43 140.08 563.16 198.83 -1000 -1000 -1000 -10 -1 -1 -1
21 17766 Pedestrian -1 -1 -10 510.10 141.80 537.62 209.19 -1000 -1000 -1000 -10 -1 -1 -1
22 17767 Pedestrian -1 -1 -10 978.49 156.57 1116.85 368.99 -1000 -1000 -1000 -10 -1 -1 -1
22 17768 Pedestrian -1 -1 -10 759.97 145.99 849.69 367.82 -1000 -1000 -1000 -10 -1 -1 -1
22 17769 Pedestrian -1 -1 -10 687.05 152.19 797.85 369.01 -1000 -1000 -1000 -10 -1 -1 -1
22 17770 Pedestrian -1 -1 -10 296.81 133.00 364.37 296.17 -1000 -1000 -1000 -10 -1 -1 -1
22 17771 Pedestrian -1 -1 -10 390.97 142.87 445.82 329.79 -1000 -1000 -1000 -10 -1 -1 -1
22 17772 Car -1 -1 -10 0.35 95.69 261.32 362.98 -1000 -1000 -1000 -10 -1 -1 -1
23 17773 Pedestrian -1 -1 -10 956.59 155.81 1085.11 369.58 -1000 -1000 -1000 -10 -1 -1 -1
23 17774 Pedestrian -1 -1 -10 776.91 146.28 853.87 367.44 -1000 -1000 -1000 -10 -1 -1 -1
23 17775 Pedestrian -1 -1 -10 690.25 151.69 812.25 370.00 -1000 -1000 -1000 -10 -1 -1 -1
23 17776 Car -1 -1 -10 0.40 95.61 260.24 362.93 -1000 -1000 -1000 -10 -1 -1 -1
23 17777 Pedestrian -1 -1 -10 314.37 129.07 390.36 334.28 -1000 -1000 -1000 -10 -1 -1 -1
23 17778 Pedestrian -1 -1 -10 396.82 172.95 480.03 326.82 -1000 -1000 -1000 -10 -1 -1 -1
24 17779 Pedestrian -1 -1 -10 944.61 150.27 1033.77 370.00 -1000 -1000 -1000 -10 -1 -1 -1
24 17780 Pedestrian -1 -1 -10 796.21 143.34 861.05 368.12 -1000 -1000 -1000 -10 -1 -1 -1
24 17781 Pedestrian -1 -1 -10 721.53 149.06 810.44 370.00 -1000 -1000 -1000 -10 -1 -1 -1
24 17782 Pedestrian -1 -1 -10 396.16 151.73 488.98 331.76 -1000 -1000 -1000 -10 -1 -1 -1
24 17783 Pedestrian -1 -1 -10 326.94 132.28 393.19 340.76 -1000 -1000 -1000 -10 -1 -1 -1
24 17784 Car -1 -1 -10 0.36 95.70 258.52 363.38 -1000 -1000 -1000 -10 -1 -1 -1
24 17785 Pedestrian -1 -1 -10 543.52 143.87 564.04 199.49 -1000 -1000 -1000 -10 -1 -1 -1
25 17786 Pedestrian -1 -1 -10 923.57 152.73 1013.54 368.25 -1000 -1000 -1000 -10 -1 -1 -1
25 17787 Pedestrian -1 -1 -10 753.65 144.26 837.26 367.58 -1000 -1000 -1000 -10 -1 -1 -1
25 17788 Pedestrian -1 -1 -10 809.42 140.40 879.89 369.11 -1000 -1000 -1000 -10 -1 -1 -1
25 17789 Pedestrian -1 -1 -10 330.48 132.29 417.71 345.38 -1000 -1000 -1000 -10 -1 -1 -1
25 17790 Pedestrian -1 -1 -10 418.10 156.27 496.45 334.50 -1000 -1000 -1000 -10 -1 -1 -1
25 17791 Pedestrian -1 -1 -10 519.08 140.28 544.20 212.70 -1000 -1000 -1000 -10 -1 -1 -1
25 17792 Car -1 -1 -10 0.37 95.78 261.54 363.34 -1000 -1000 -1000 -10 -1 -1 -1
26 17793 Pedestrian -1 -1 -10 867.08 155.71 1005.99 370.00 -1000 -1000 -1000 -10 -1 -1 -1
26 17794 Pedestrian -1 -1 -10 748.64 146.00 877.18 368.49 -1000 -1000 -1000 -10 -1 -1 -1
26 17795 Pedestrian -1 -1 -10 444.02 143.73 508.67 333.53 -1000 -1000 -1000 -10 -1 -1 -1
26 17796 Pedestrian -1 -1 -10 334.83 131.36 432.52 348.37 -1000 -1000 -1000 -10 -1 -1 -1
26 17797 Pedestrian -1 -1 -10 825.15 140.27 914.12 367.41 -1000 -1000 -1000 -10 -1 -1 -1
26 17798 Pedestrian -1 -1 -10 519.11 141.25 546.10 215.58 -1000 -1000 -1000 -10 -1 -1 -1
26 17799 Car -1 -1 -10 0.38 95.48 261.83 363.20 -1000 -1000 -1000 -10 -1 -1 -1
27 17800 Pedestrian -1 -1 -10 746.69 147.26 881.32 367.40 -1000 -1000 -1000 -10 -1 -1 -1
27 17801 Pedestrian -1 -1 -10 840.79 147.58 917.27 368.54 -1000 -1000 -1000 -10 -1 -1 -1
27 17802 Pedestrian -1 -1 -10 457.65 146.31 513.62 332.69 -1000 -1000 -1000 -10 -1 -1 -1
27 17803 Pedestrian -1 -1 -10 360.04 131.72 434.54 335.02 -1000 -1000 -1000 -10 -1 -1 -1
27 17804 Car -1 -1 -10 0.36 95.74 262.53 363.36 -1000 -1000 -1000 -10 -1 -1 -1
28 17805 Pedestrian -1 -1 -10 462.96 144.53 559.08 337.44 -1000 -1000 -1000 -10 -1 -1 -1
28 17806 Pedestrian -1 -1 -10 862.08 145.57 954.77 370.00 -1000 -1000 -1000 -10 -1 -1 -1
28 17807 Pedestrian -1 -1 -10 763.02 151.60 880.19 370.00 -1000 -1000 -1000 -10 -1 -1 -1
28 17808 Pedestrian -1 -1 -10 376.21 130.38 437.80 306.90 -1000 -1000 -1000 -10 -1 -1 -1
28 17809 Car -1 -1 -10 0.01 96.29 259.85 362.78 -1000 -1000 -1000 -10 -1 -1 -1
29 17810 Pedestrian -1 -1 -10 466.10 143.40 565.64 341.55 -1000 -1000 -1000 -10 -1 -1 -1
29 17811 Pedestrian -1 -1 -10 878.52 145.96 973.44 370.00 -1000 -1000 -1000 -10 -1 -1 -1
29 17812 Pedestrian -1 -1 -10 386.50 127.85 450.29 356.52 -1000 -1000 -1000 -10 -1 -1 -1
29 17813 Pedestrian -1 -1 -10 800.25 149.68 915.34 366.49 -1000 -1000 -1000 -10 -1 -1 -1
29 17814 Pedestrian -1 -1 -10 580.03 145.74 601.95 201.81 -1000 -1000 -1000 -10 -1 -1 -1
29 17815 Car -1 -1 -10 0.01 96.29 260.12 363.11 -1000 -1000 -1000 -10 -1 -1 -1
30 17816 Pedestrian -1 -1 -10 900.14 143.63 986.64 367.56 -1000 -1000 -1000 -10 -1 -1 -1
30 17817 Pedestrian -1 -1 -10 474.17 154.79 561.49 340.90 -1000 -1000 -1000 -10 -1 -1 -1
30 17818 Pedestrian -1 -1 -10 387.40 132.91 471.82 358.98 -1000 -1000 -1000 -10 -1 -1 -1
30 17819 Pedestrian -1 -1 -10 780.61 155.16 907.49 367.23 -1000 -1000 -1000 -10 -1 -1 -1
30 17820 Car -1 -1 -10 0.31 95.74 261.46 363.63 -1000 -1000 -1000 -10 -1 -1 -1
31 17821 Pedestrian -1 -1 -10 759.64 162.01 868.48 362.80 -1000 -1000 -1000 -10 -1 -1 -1
31 17822 Pedestrian -1 -1 -10 391.81 135.21 490.75 366.70 -1000 -1000 -1000 -10 -1 -1 -1
31 17823 Pedestrian -1 -1 -10 852.72 143.03 961.49 369.69 -1000 -1000 -1000 -10 -1 -1 -1
31 17824 Pedestrian -1 -1 -10 921.12 136.40 996.97 367.75 -1000 -1000 -1000 -10 -1 -1 -1
31 17825 Pedestrian -1 -1 -10 504.24 149.41 566.41 342.68 -1000 -1000 -1000 -10 -1 -1 -1
31 17826 Car -1 -1 -10 0.00 96.85 259.75 362.53 -1000 -1000 -1000 -10 -1 -1 -1
32 17827 Pedestrian -1 -1 -10 746.49 161.87 847.33 363.70 -1000 -1000 -1000 -10 -1 -1 -1
32 17828 Pedestrian -1 -1 -10 944.42 138.35 1020.04 368.32 -1000 -1000 -1000 -10 -1 -1 -1
32 17829 Pedestrian -1 -1 -10 527.56 145.87 585.29 351.01 -1000 -1000 -1000 -10 -1 -1 -1
32 17830 Pedestrian -1 -1 -10 870.26 148.05 1003.03 369.05 -1000 -1000 -1000 -10 -1 -1 -1
32 17831 Pedestrian -1 -1 -10 408.41 134.74 492.98 361.39 -1000 -1000 -1000 -10 -1 -1 -1
32 17832 Car -1 -1 -10 0.02 96.86 259.77 362.68 -1000 -1000 -1000 -10 -1 -1 -1
33 17833 Pedestrian -1 -1 -10 738.72 157.49 799.57 357.25 -1000 -1000 -1000 -10 -1 -1 -1
33 17834 Pedestrian -1 -1 -10 536.72 149.83 616.43 353.90 -1000 -1000 -1000 -10 -1 -1 -1
33 17835 Pedestrian -1 -1 -10 433.86 129.70 501.97 356.66 -1000 -1000 -1000 -10 -1 -1 -1
33 17836 Car -1 -1 -10 0.01 96.58 259.02 362.82 -1000 -1000 -1000 -10 -1 -1 -1
33 17837 Pedestrian -1 -1 -10 959.25 137.83 1046.06 368.48 -1000 -1000 -1000 -10 -1 -1 -1
33 17838 Pedestrian -1 -1 -10 885.64 149.25 1003.51 368.75 -1000 -1000 -1000 -10 -1 -1 -1
34 17839 Pedestrian -1 -1 -10 697.92 159.43 797.11 355.82 -1000 -1000 -1000 -10 -1 -1 -1
34 17840 Pedestrian -1 -1 -10 536.58 153.04 636.20 358.53 -1000 -1000 -1000 -10 -1 -1 -1
34 17841 Pedestrian -1 -1 -10 448.01 126.08 524.48 361.09 -1000 -1000 -1000 -10 -1 -1 -1
34 17842 Pedestrian -1 -1 -10 992.75 144.05 1075.91 369.14 -1000 -1000 -1000 -10 -1 -1 -1
34 17843 Car -1 -1 -10 0.01 96.66 260.17 363.07 -1000 -1000 -1000 -10 -1 -1 -1
34 17844 Pedestrian -1 -1 -10 921.12 147.82 1055.81 369.83 -1000 -1000 -1000 -10 -1 -1 -1
35 17845 Pedestrian -1 -1 -10 668.73 164.63 794.94 354.66 -1000 -1000 -1000 -10 -1 -1 -1
35 17846 Pedestrian -1 -1 -10 551.27 150.87 644.82 363.39 -1000 -1000 -1000 -10 -1 -1 -1
35 17847 Pedestrian -1 -1 -10 1018.02 141.84 1097.14 368.95 -1000 -1000 -1000 -10 -1 -1 -1
35 17848 Pedestrian -1 -1 -10 462.35 131.51 544.65 364.56 -1000 -1000 -1000 -10 -1 -1 -1
35 17849 Pedestrian -1 -1 -10 946.33 143.62 1038.75 369.12 -1000 -1000 -1000 -10 -1 -1 -1
35 17850 Car -1 -1 -10 0.04 97.10 260.15 362.65 -1000 -1000 -1000 -10 -1 -1 -1
36 17851 Pedestrian -1 -1 -10 578.97 148.00 655.48 357.75 -1000 -1000 -1000 -10 -1 -1 -1
36 17852 Pedestrian -1 -1 -10 666.65 163.23 767.05 351.78 -1000 -1000 -1000 -10 -1 -1 -1
36 17853 Pedestrian -1 -1 -10 462.74 132.01 564.58 366.03 -1000 -1000 -1000 -10 -1 -1 -1
36 17854 Pedestrian -1 -1 -10 967.77 142.53 1079.44 368.11 -1000 -1000 -1000 -10 -1 -1 -1
36 17855 Pedestrian -1 -1 -10 1048.58 137.91 1115.60 367.53 -1000 -1000 -1000 -10 -1 -1 -1
36 17856 Car -1 -1 -10 0.02 97.07 259.79 362.81 -1000 -1000 -1000 -10 -1 -1 -1
37 17857 Pedestrian -1 -1 -10 470.27 147.99 571.19 368.87 -1000 -1000 -1000 -10 -1 -1 -1
37 17858 Pedestrian -1 -1 -10 594.79 146.17 662.19 360.74 -1000 -1000 -1000 -10 -1 -1 -1
37 17859 Pedestrian -1 -1 -10 657.92 157.62 717.99 349.71 -1000 -1000 -1000 -10 -1 -1 -1
37 17860 Pedestrian -1 -1 -10 990.80 141.93 1138.64 367.32 -1000 -1000 -1000 -10 -1 -1 -1
37 17861 Car -1 -1 -10 0.02 96.62 259.69 362.81 -1000 -1000 -1000 -10 -1 -1 -1
38 17862 Pedestrian -1 -1 -10 493.26 131.87 582.33 368.54 -1000 -1000 -1000 -10 -1 -1 -1
38 17863 Pedestrian -1 -1 -10 1016.21 142.76 1168.81 367.56 -1000 -1000 -1000 -10 -1 -1 -1
38 17864 Pedestrian -1 -1 -10 603.49 152.11 696.01 361.56 -1000 -1000 -1000 -10 -1 -1 -1
38 17865 Pedestrian -1 -1 -10 652.06 159.29 703.89 359.95 -1000 -1000 -1000 -10 -1 -1 -1
38 17866 Car -1 -1 -10 0.34 95.68 261.11 363.37 -1000 -1000 -1000 -10 -1 -1 -1
39 17867 Pedestrian -1 -1 -10 600.47 149.89 713.32 367.07 -1000 -1000 -1000 -10 -1 -1 -1
39 17868 Pedestrian -1 -1 -10 1046.62 137.44 1206.01 367.71 -1000 -1000 -1000 -10 -1 -1 -1
39 17869 Pedestrian -1 -1 -10 523.48 130.38 602.23 369.99 -1000 -1000 -1000 -10 -1 -1 -1
39 17870 Car -1 -1 -10 0.01 96.67 260.03 362.89 -1000 -1000 -1000 -10 -1 -1 -1
40 17871 Pedestrian -1 -1 -10 1076.99 147.00 1222.41 366.94 -1000 -1000 -1000 -10 -1 -1 -1
40 17872 Pedestrian -1 -1 -10 614.36 146.66 708.06 364.81 -1000 -1000 -1000 -10 -1 -1 -1
40 17873 Pedestrian -1 -1 -10 536.24 136.19 605.68 370.00 -1000 -1000 -1000 -10 -1 -1 -1
40 17874 Pedestrian -1 -1 -10 592.83 162.01 650.23 330.03 -1000 -1000 -1000 -10 -1 -1 -1
40 17876 Car -1 -1 -10 0.01 96.50 260.49 362.61 -1000 -1000 -1000 -10 -1 -1 -1
41 17877 Pedestrian -1 -1 -10 1106.12 145.03 1223.41 366.37 -1000 -1000 -1000 -10 -1 -1 -1
41 17878 Pedestrian -1 -1 -10 640.67 145.65 712.65 365.05 -1000 -1000 -1000 -10 -1 -1 -1
41 17879 Pedestrian -1 -1 -10 544.72 135.41 646.02 369.68 -1000 -1000 -1000 -10 -1 -1 -1
41 17880 Car -1 -1 -10 0.00 96.53 260.29 362.85 -1000 -1000 -1000 -10 -1 -1 -1
42 17881 Pedestrian -1 -1 -10 669.57 142.14 734.74 369.50 -1000 -1000 -1000 -10 -1 -1 -1
42 17882 Pedestrian -1 -1 -10 1136.85 145.58 1223.40 366.40 -1000 -1000 -1000 -10 -1 -1 -1
42 17883 Pedestrian -1 -1 -10 541.75 136.60 648.23 370.00 -1000 -1000 -1000 -10 -1 -1 -1
42 17884 Car -1 -1 -10 0.00 96.42 260.28 362.88 -1000 -1000 -1000 -10 -1 -1 -1
43 17885 Pedestrian -1 -1 -10 680.73 144.86 768.52 369.19 -1000 -1000 -1000 -10 -1 -1 -1
43 17886 Pedestrian -1 -1 -10 513.46 159.54 595.27 338.73 -1000 -1000 -1000 -10 -1 -1 -1
43 17887 Pedestrian -1 -1 -10 581.29 131.07 656.32 369.07 -1000 -1000 -1000 -10 -1 -1 -1
43 17888 Pedestrian -1 -1 -10 1153.09 180.24 1223.70 367.83 -1000 -1000 -1000 -10 -1 -1 -1
43 17889 Car -1 -1 -10 0.00 96.62 260.14 362.98 -1000 -1000 -1000 -10 -1 -1 -1
44 17890 Pedestrian -1 -1 -10 686.22 147.94 790.81 369.86 -1000 -1000 -1000 -10 -1 -1 -1
44 17891 Pedestrian -1 -1 -10 593.97 126.83 676.66 369.82 -1000 -1000 -1000 -10 -1 -1 -1
44 17892 Pedestrian -1 -1 -10 491.36 160.10 595.83 339.91 -1000 -1000 -1000 -10 -1 -1 -1
44 17893 Car -1 -1 -10 0.00 96.46 259.43 363.04 -1000 -1000 -1000 -10 -1 -1 -1
45 17896 Pedestrian -1 -1 -10 694.60 148.05 809.24 369.65 -1000 -1000 -1000 -10 -1 -1 -1
45 17897 Pedestrian -1 -1 -10 620.03 125.45 701.55 367.46 -1000 -1000 -1000 -10 -1 -1 -1
45 17898 Pedestrian -1 -1 -10 498.87 160.45 573.71 337.95 -1000 -1000 -1000 -10 -1 -1 -1
45 17899 Car -1 -1 -10 0.00 96.47 259.61 363.08 -1000 -1000 -1000 -10 -1 -1 -1
45 17900 Pedestrian -1 -1 -10 563.82 142.98 593.10 227.07 -1000 -1000 -1000 -10 -1 -1 -1
46 17901 Pedestrian -1 -1 -10 725.08 145.30 820.96 369.93 -1000 -1000 -1000 -10 -1 -1 -1
46 17902 Pedestrian -1 -1 -10 628.99 125.40 723.81 369.00 -1000 -1000 -1000 -10 -1 -1 -1
46 17903 Pedestrian -1 -1 -10 491.00 155.33 530.89 337.20 -1000 -1000 -1000 -10 -1 -1 -1
46 17904 Car -1 -1 -10 0.02 96.71 259.13 362.83 -1000 -1000 -1000 -10 -1 -1 -1
46 17905 Pedestrian -1 -1 -10 527.68 131.17 553.71 212.86 -1000 -1000 -1000 -10 -1 -1 -1
47 17906 Pedestrian -1 -1 -10 747.04 139.82 826.72 369.39 -1000 -1000 -1000 -10 -1 -1 -1
47 17907 Pedestrian -1 -1 -10 441.55 155.81 526.76 335.91 -1000 -1000 -1000 -10 -1 -1 -1
47 17908 Pedestrian -1 -1 -10 633.41 130.15 744.04 369.74 -1000 -1000 -1000 -10 -1 -1 -1
47 17909 Pedestrian -1 -1 -10 528.22 133.98 554.15 215.23 -1000 -1000 -1000 -10 -1 -1 -1
47 17910 Car -1 -1 -10 0.61 96.23 260.15 363.92 -1000 -1000 -1000 -10 -1 -1 -1
47 17911 Pedestrian -1 -1 -10 608.82 148.64 627.53 211.05 -1000 -1000 -1000 -10 -1 -1 -1
48 17912 Pedestrian -1 -1 -10 758.09 140.58 839.15 368.69 -1000 -1000 -1000 -10 -1 -1 -1
48 17913 Pedestrian -1 -1 -10 406.47 154.97 524.72 335.40 -1000 -1000 -1000 -10 -1 -1 -1
48 17914 Pedestrian -1 -1 -10 641.30 128.06 763.17 369.80 -1000 -1000 -1000 -10 -1 -1 -1
48 17915 Pedestrian -1 -1 -10 529.45 135.85 554.26 214.04 -1000 -1000 -1000 -10 -1 -1 -1
48 17916 Pedestrian -1 -1 -10 608.49 149.19 628.74 211.87 -1000 -1000 -1000 -10 -1 -1 -1
48 17917 Car -1 -1 -10 0.10 96.46 257.86 362.53 -1000 -1000 -1000 -10 -1 -1 -1
48 17918 Pedestrian -1 -1 -10 575.09 145.49 601.92 227.77 -1000 -1000 -1000 -10 -1 -1 -1
49 17919 Pedestrian -1 -1 -10 765.92 143.09 878.51 370.00 -1000 -1000 -1000 -10 -1 -1 -1
49 17920 Pedestrian -1 -1 -10 671.19 124.34 787.15 369.94 -1000 -1000 -1000 -10 -1 -1 -1
49 17921 Pedestrian -1 -1 -10 415.45 159.56 489.86 335.49 -1000 -1000 -1000 -10 -1 -1 -1
49 17922 Pedestrian -1 -1 -10 529.30 130.67 555.19 215.50 -1000 -1000 -1000 -10 -1 -1 -1
49 17923 Car -1 -1 -10 0.06 96.69 257.66 362.88 -1000 -1000 -1000 -10 -1 -1 -1
49 17924 Pedestrian -1 -1 -10 578.67 143.34 603.87 226.44 -1000 -1000 -1000 -10 -1 -1 -1
50 17925 Pedestrian -1 -1 -10 787.58 145.52 889.06 369.68 -1000 -1000 -1000 -10 -1 -1 -1
50 17926 Pedestrian -1 -1 -10 708.17 123.25 798.93 370.00 -1000 -1000 -1000 -10 -1 -1 -1
50 17927 Pedestrian -1 -1 -10 529.00 128.64 555.99 214.32 -1000 -1000 -1000 -10 -1 -1 -1
50 17928 Car -1 -1 -10 0.29 95.66 258.46 363.14 -1000 -1000 -1000 -10 -1 -1 -1
51 17929 Pedestrian -1 -1 -10 793.35 143.35 902.44 368.67 -1000 -1000 -1000 -10 -1 -1 -1
51 17930 Pedestrian -1 -1 -10 717.09 121.59 804.26 369.30 -1000 -1000 -1000 -10 -1 -1 -1
51 17931 Pedestrian -1 -1 -10 383.50 157.59 442.13 331.46 -1000 -1000 -1000 -10 -1 -1 -1
51 17932 Pedestrian -1 -1 -10 529.21 129.15 556.13 215.12 -1000 -1000 -1000 -10 -1 -1 -1
51 17933 Car -1 -1 -10 0.35 95.83 258.62 363.15 -1000 -1000 -1000 -10 -1 -1 -1
52 17934 Pedestrian -1 -1 -10 833.04 138.95 918.64 370.00 -1000 -1000 -1000 -10 -1 -1 -1
52 17935 Pedestrian -1 -1 -10 341.95 156.55 446.03 330.38 -1000 -1000 -1000 -10 -1 -1 -1
52 17936 Pedestrian -1 -1 -10 718.88 124.43 823.65 369.42 -1000 -1000 -1000 -10 -1 -1 -1
52 17937 Pedestrian -1 -1 -10 585.45 147.22 611.27 233.62 -1000 -1000 -1000 -10 -1 -1 -1
52 17938 Car -1 -1 -10 0.35 95.99 259.90 363.05 -1000 -1000 -1000 -10 -1 -1 -1
52 17939 Pedestrian -1 -1 -10 530.30 130.28 557.81 215.66 -1000 -1000 -1000 -10 -1 -1 -1
53 17940 Pedestrian -1 -1 -10 871.30 136.98 952.51 369.80 -1000 -1000 -1000 -10 -1 -1 -1
53 17941 Pedestrian -1 -1 -10 740.68 124.29 847.92 367.86 -1000 -1000 -1000 -10 -1 -1 -1
53 17942 Pedestrian -1 -1 -10 332.79 152.98 437.64 333.06 -1000 -1000 -1000 -10 -1 -1 -1
53 17943 Pedestrian -1 -1 -10 587.77 145.39 616.78 233.28 -1000 -1000 -1000 -10 -1 -1 -1
53 17944 Pedestrian -1 -1 -10 530.70 129.63 557.68 216.03 -1000 -1000 -1000 -10 -1 -1 -1
53 17945 Pedestrian -1 -1 -10 561.04 146.71 585.52 214.86 -1000 -1000 -1000 -10 -1 -1 -1
53 17946 Car -1 -1 -10 0.35 96.15 258.92 362.85 -1000 -1000 -1000 -10 -1 -1 -1
53 17947 Pedestrian -1 -1 -10 617.52 153.99 639.06 210.73 -1000 -1000 -1000 -10 -1 -1 -1
54 17949 Pedestrian -1 -1 -10 880.81 141.13 1000.33 368.13 -1000 -1000 -1000 -10 -1 -1 -1
54 17950 Pedestrian -1 -1 -10 753.04 118.45 876.14 368.40 -1000 -1000 -1000 -10 -1 -1 -1
54 17951 Pedestrian -1 -1 -10 589.75 146.06 618.38 233.94 -1000 -1000 -1000 -10 -1 -1 -1
54 17952 Pedestrian -1 -1 -10 619.32 152.91 640.88 212.58 -1000 -1000 -1000 -10 -1 -1 -1
54 17953 Pedestrian -1 -1 -10 530.66 128.46 557.50 215.84 -1000 -1000 -1000 -10 -1 -1 -1
54 17954 Pedestrian -1 -1 -10 560.56 144.38 585.83 216.04 -1000 -1000 -1000 -10 -1 -1 -1
54 17955 Car -1 -1 -10 0.34 95.81 260.72 363.03 -1000 -1000 -1000 -10 -1 -1 -1
55 17957 Pedestrian -1 -1 -10 324.92 150.03 373.29 326.12 -1000 -1000 -1000 -10 -1 -1 -1
55 17958 Pedestrian -1 -1 -10 890.53 145.64 1017.81 368.27 -1000 -1000 -1000 -10 -1 -1 -1
55 17959 Pedestrian -1 -1 -10 534.13 127.48 558.61 216.00 -1000 -1000 -1000 -10 -1 -1 -1
55 17960 Pedestrian -1 -1 -10 803.71 114.96 894.95 367.54 -1000 -1000 -1000 -10 -1 -1 -1
55 17961 Pedestrian -1 -1 -10 563.41 146.87 586.86 216.65 -1000 -1000 -1000 -10 -1 -1 -1
55 17962 Pedestrian -1 -1 -10 621.09 151.00 642.12 212.36 -1000 -1000 -1000 -10 -1 -1 -1
55 17963 Pedestrian -1 -1 -10 591.33 145.52 623.34 238.82 -1000 -1000 -1000 -10 -1 -1 -1
55 17964 Car -1 -1 -10 0.32 95.53 261.38 363.08 -1000 -1000 -1000 -10 -1 -1 -1
56 17965 Pedestrian -1 -1 -10 820.12 109.93 934.39 370.00 -1000 -1000 -1000 -10 -1 -1 -1
56 17966 Pedestrian -1 -1 -10 921.45 143.04 1040.16 369.40 -1000 -1000 -1000 -10 -1 -1 -1
56 17967 Pedestrian -1 -1 -10 286.02 152.44 365.08 327.36 -1000 -1000 -1000 -10 -1 -1 -1
56 17968 Pedestrian -1 -1 -10 533.24 129.95 561.48 216.96 -1000 -1000 -1000 -10 -1 -1 -1
56 17969 Pedestrian -1 -1 -10 626.34 153.18 643.34 214.67 -1000 -1000 -1000 -10 -1 -1 -1
56 17970 Pedestrian -1 -1 -10 564.84 147.67 588.23 215.36 -1000 -1000 -1000 -10 -1 -1 -1
56 17971 Pedestrian -1 -1 -10 594.92 146.11 627.52 223.83 -1000 -1000 -1000 -10 -1 -1 -1
57 17972 Pedestrian -1 -1 -10 972.97 137.83 1081.47 367.67 -1000 -1000 -1000 -10 -1 -1 -1
57 17973 Pedestrian -1 -1 -10 843.16 112.20 952.42 367.87 -1000 -1000 -1000 -10 -1 -1 -1
57 17974 Pedestrian -1 -1 -10 276.70 148.93 356.47 324.49 -1000 -1000 -1000 -10 -1 -1 -1
57 17975 Pedestrian -1 -1 -10 566.68 147.90 592.20 215.84 -1000 -1000 -1000 -10 -1 -1 -1
57 17976 Pedestrian -1 -1 -10 534.10 135.51 562.56 219.12 -1000 -1000 -1000 -10 -1 -1 -1
57 17977 Pedestrian -1 -1 -10 602.81 146.48 629.04 220.66 -1000 -1000 -1000 -10 -1 -1 -1
57 17978 Pedestrian -1 -1 -10 626.86 153.92 647.41 216.72 -1000 -1000 -1000 -10 -1 -1 -1
58 17979 Pedestrian -1 -1 -10 996.50 132.29 1096.46 367.49 -1000 -1000 -1000 -10 -1 -1 -1
58 17980 Pedestrian -1 -1 -10 854.17 118.26 985.12 367.93 -1000 -1000 -1000 -10 -1 -1 -1
58 17981 Pedestrian -1 -1 -10 603.31 144.87 633.32 236.69 -1000 -1000 -1000 -10 -1 -1 -1
58 17982 Pedestrian -1 -1 -10 264.88 153.51 324.28 317.88 -1000 -1000 -1000 -10 -1 -1 -1
58 17983 Pedestrian -1 -1 -10 567.09 145.08 593.88 215.61 -1000 -1000 -1000 -10 -1 -1 -1
58 17984 Pedestrian -1 -1 -10 537.57 136.44 564.83 217.31 -1000 -1000 -1000 -10 -1 -1 -1
58 17985 Car -1 -1 -10 0.33 95.68 258.42 363.56 -1000 -1000 -1000 -10 -1 -1 -1
59 17986 Pedestrian -1 -1 -10 1018.35 135.51 1132.90 368.37 -1000 -1000 -1000 -10 -1 -1 -1
59 17987 Pedestrian -1 -1 -10 907.10 116.21 1021.92 367.79 -1000 -1000 -1000 -10 -1 -1 -1
59 17988 Pedestrian -1 -1 -10 255.16 157.68 307.01 315.91 -1000 -1000 -1000 -10 -1 -1 -1
59 17989 Pedestrian -1 -1 -10 539.40 134.95 566.92 218.27 -1000 -1000 -1000 -10 -1 -1 -1
59 17990 Pedestrian -1 -1 -10 567.86 142.69 594.83 215.86 -1000 -1000 -1000 -10 -1 -1 -1
59 17992 Car -1 -1 -10 0.32 95.14 259.52 363.68 -1000 -1000 -1000 -10 -1 -1 -1
59 17993 Pedestrian -1 -1 -10 607.69 141.51 637.14 230.87 -1000 -1000 -1000 -10 -1 -1 -1
60 17994 Pedestrian -1 -1 -10 1047.54 137.89 1160.83 368.45 -1000 -1000 -1000 -10 -1 -1 -1
60 17995 Pedestrian -1 -1 -10 933.24 111.01 1053.72 366.68 -1000 -1000 -1000 -10 -1 -1 -1
60 17996 Pedestrian -1 -1 -10 539.06 133.81 568.63 220.29 -1000 -1000 -1000 -10 -1 -1 -1
60 17998 Car -1 -1 -10 0.72 95.66 261.54 363.98 -1000 -1000 -1000 -10 -1 -1 -1
60 17999 Pedestrian -1 -1 -10 256.59 160.88 308.72 316.42 -1000 -1000 -1000 -10 -1 -1 -1
60 18000 Pedestrian -1 -1 -10 569.61 144.51 597.06 217.98 -1000 -1000 -1000 -10 -1 -1 -1
60 18001 Pedestrian -1 -1 -10 610.61 143.32 645.58 219.01 -1000 -1000 -1000 -10 -1 -1 -1
61 18002 Pedestrian -1 -1 -10 1088.41 138.51 1200.25 369.09 -1000 -1000 -1000 -10 -1 -1 -1
61 18003 Pedestrian -1 -1 -10 954.99 103.69 1082.32 366.23 -1000 -1000 -1000 -10 -1 -1 -1
61 18004 Pedestrian -1 -1 -10 612.94 146.03 650.24 240.82 -1000 -1000 -1000 -10 -1 -1 -1
61 18005 Pedestrian -1 -1 -10 538.40 135.40 570.32 220.59 -1000 -1000 -1000 -10 -1 -1 -1
61 18006 Car -1 -1 -10 0.37 95.41 262.63 363.32 -1000 -1000 -1000 -10 -1 -1 -1
61 18007 Pedestrian -1 -1 -10 570.71 145.43 595.81 220.85 -1000 -1000 -1000 -10 -1 -1 -1
62 18009 Pedestrian -1 -1 -10 963.46 103.77 1106.99 367.11 -1000 -1000 -1000 -10 -1 -1 -1
62 18010 Pedestrian -1 -1 -10 1127.66 128.87 1223.39 366.62 -1000 -1000 -1000 -10 -1 -1 -1
62 18011 Car -1 -1 -10 0.29 95.25 262.82 363.16 -1000 -1000 -1000 -10 -1 -1 -1
62 18012 Pedestrian -1 -1 -10 542.17 137.03 572.98 220.72 -1000 -1000 -1000 -10 -1 -1 -1
62 18013 Pedestrian -1 -1 -10 570.94 145.82 599.63 219.97 -1000 -1000 -1000 -10 -1 -1 -1
62 18014 Pedestrian -1 -1 -10 612.67 146.14 652.46 247.16 -1000 -1000 -1000 -10 -1 -1 -1
63 18016 Pedestrian -1 -1 -10 983.55 110.63 1143.98 367.33 -1000 -1000 -1000 -10 -1 -1 -1
63 18017 Pedestrian -1 -1 -10 1163.43 126.17 1223.66 367.14 -1000 -1000 -1000 -10 -1 -1 -1
63 18018 Pedestrian -1 -1 -10 572.63 146.88 601.68 221.21 -1000 -1000 -1000 -10 -1 -1 -1
63 18019 Pedestrian -1 -1 -10 620.01 144.39 658.50 245.03 -1000 -1000 -1000 -10 -1 -1 -1
63 18020 Car -1 -1 -10 0.02 96.81 259.63 362.71 -1000 -1000 -1000 -10 -1 -1 -1
63 18021 Pedestrian -1 -1 -10 545.40 136.94 573.45 222.02 -1000 -1000 -1000 -10 -1 -1 -1
63 18023 Pedestrian -1 -1 -10 451.83 141.26 475.25 194.98 -1000 -1000 -1000 -10 -1 -1 -1
64 18024 Pedestrian -1 -1 -10 1038.78 111.11 1184.15 367.61 -1000 -1000 -1000 -10 -1 -1 -1
64 18025 Pedestrian -1 -1 -10 626.89 143.31 662.20 248.06 -1000 -1000 -1000 -10 -1 -1 -1
64 18026 Pedestrian -1 -1 -10 572.86 144.54 601.78 221.35 -1000 -1000 -1000 -10 -1 -1 -1
64 18027 Pedestrian -1 -1 -10 544.62 136.27 573.18 222.18 -1000 -1000 -1000 -10 -1 -1 -1
64 18029 Pedestrian -1 -1 -10 1198.40 188.44 1223.69 367.34 -1000 -1000 -1000 -10 -1 -1 -1
64 18030 Car -1 -1 -10 0.04 96.47 259.39 362.78 -1000 -1000 -1000 -10 -1 -1 -1
65 18031 Pedestrian -1 -1 -10 1089.63 101.81 1223.10 365.67 -1000 -1000 -1000 -10 -1 -1 -1
65 18032 Pedestrian -1 -1 -10 631.39 142.58 667.45 248.78 -1000 -1000 -1000 -10 -1 -1 -1
65 18033 Pedestrian -1 -1 -10 574.33 143.95 603.47 219.95 -1000 -1000 -1000 -10 -1 -1 -1
65 18034 Pedestrian -1 -1 -10 547.02 134.18 573.77 222.13 -1000 -1000 -1000 -10 -1 -1 -1
65 18035 Car -1 -1 -10 0.01 96.66 260.23 362.72 -1000 -1000 -1000 -10 -1 -1 -1
66 18036 Pedestrian -1 -1 -10 1142.77 98.84 1223.76 367.61 -1000 -1000 -1000 -10 -1 -1 -1
66 18037 Pedestrian -1 -1 -10 631.94 144.62 675.40 252.49 -1000 -1000 -1000 -10 -1 -1 -1
66 18038 Pedestrian -1 -1 -10 577.70 146.01 607.76 221.26 -1000 -1000 -1000 -10 -1 -1 -1
66 18039 Car -1 -1 -10 0.03 96.52 260.08 362.59 -1000 -1000 -1000 -10 -1 -1 -1
67 18042 Pedestrian -1 -1 -10 633.61 145.85 674.28 253.30 -1000 -1000 -1000 -10 -1 -1 -1
67 18043 Pedestrian -1 -1 -10 577.54 147.44 609.98 221.45 -1000 -1000 -1000 -10 -1 -1 -1
67 18044 Pedestrian -1 -1 -10 547.25 136.58 574.73 223.28 -1000 -1000 -1000 -10 -1 -1 -1
67 18045 Pedestrian -1 -1 -10 1181.64 161.96 1223.70 367.88 -1000 -1000 -1000 -10 -1 -1 -1
67 18046 Car -1 -1 -10 0.00 96.76 259.65 362.77 -1000 -1000 -1000 -10 -1 -1 -1
68 18049 Pedestrian -1 -1 -10 642.71 144.70 681.66 253.12 -1000 -1000 -1000 -10 -1 -1 -1
68 18050 Pedestrian -1 -1 -10 582.47 144.53 616.58 223.47 -1000 -1000 -1000 -10 -1 -1 -1
68 18051 Pedestrian -1 -1 -10 547.16 138.77 577.26 224.91 -1000 -1000 -1000 -10 -1 -1 -1
68 18052 Car -1 -1 -10 0.01 96.64 259.88 362.73 -1000 -1000 -1000 -10 -1 -1 -1
69 18054 Pedestrian -1 -1 -10 646.25 142.50 685.76 254.01 -1000 -1000 -1000 -10 -1 -1 -1
69 18055 Pedestrian -1 -1 -10 548.17 137.59 578.12 224.94 -1000 -1000 -1000 -10 -1 -1 -1
69 18056 Pedestrian -1 -1 -10 584.89 143.42 613.62 221.94 -1000 -1000 -1000 -10 -1 -1 -1
69 18057 Car -1 -1 -10 0.00 96.61 259.42 362.83 -1000 -1000 -1000 -10 -1 -1 -1
70 18059 Pedestrian -1 -1 -10 648.18 145.26 693.04 257.53 -1000 -1000 -1000 -10 -1 -1 -1
70 18060 Pedestrian -1 -1 -10 588.59 145.23 616.43 225.33 -1000 -1000 -1000 -10 -1 -1 -1
70 18061 Pedestrian -1 -1 -10 549.76 134.76 579.42 226.70 -1000 -1000 -1000 -10 -1 -1 -1
70 18062 Car -1 -1 -10 0.02 96.67 259.31 362.74 -1000 -1000 -1000 -10 -1 -1 -1
71 18063 Pedestrian -1 -1 -10 589.36 144.22 620.97 224.36 -1000 -1000 -1000 -10 -1 -1 -1
71 18064 Pedestrian -1 -1 -10 651.50 146.21 699.40 260.99 -1000 -1000 -1000 -10 -1 -1 -1
71 18065 Pedestrian -1 -1 -10 549.60 134.01 579.31 226.86 -1000 -1000 -1000 -10 -1 -1 -1
71 18066 Car -1 -1 -10 0.00 96.91 259.84 362.65 -1000 -1000 -1000 -10 -1 -1 -1
72 18067 Pedestrian -1 -1 -10 592.40 146.15 621.72 226.27 -1000 -1000 -1000 -10 -1 -1 -1
72 18068 Pedestrian -1 -1 -10 548.98 133.99 581.77 228.56 -1000 -1000 -1000 -10 -1 -1 -1
72 18069 Pedestrian -1 -1 -10 659.43 146.47 706.75 264.73 -1000 -1000 -1000 -10 -1 -1 -1
72 18070 Car -1 -1 -10 0.00 96.76 259.33 362.62 -1000 -1000 -1000 -10 -1 -1 -1
73 18071 Pedestrian -1 -1 -10 594.60 145.90 628.06 226.62 -1000 -1000 -1000 -10 -1 -1 -1
73 18072 Pedestrian -1 -1 -10 671.38 146.36 713.07 264.48 -1000 -1000 -1000 -10 -1 -1 -1
73 18073 Car -1 -1 -10 0.00 96.80 259.68 362.75 -1000 -1000 -1000 -10 -1 -1 -1
73 18074 Pedestrian -1 -1 -10 551.96 135.36 580.44 228.39 -1000 -1000 -1000 -10 -1 -1 -1
73 18076 Pedestrian -1 -1 -10 656.76 152.52 678.23 222.87 -1000 -1000 -1000 -10 -1 -1 -1
74 18077 Pedestrian -1 -1 -10 597.94 145.63 629.40 226.65 -1000 -1000 -1000 -10 -1 -1 -1
74 18078 Pedestrian -1 -1 -10 552.55 134.11 580.02 228.98 -1000 -1000 -1000 -10 -1 -1 -1
74 18079 Car -1 -1 -10 0.01 96.78 258.50 362.52 -1000 -1000 -1000 -10 -1 -1 -1
74 18081 Pedestrian -1 -1 -10 677.94 145.57 718.96 265.24 -1000 -1000 -1000 -10 -1 -1 -1
75 18082 Pedestrian -1 -1 -10 680.14 147.07 730.41 267.65 -1000 -1000 -1000 -10 -1 -1 -1
75 18083 Pedestrian -1 -1 -10 548.85 133.01 581.66 230.88 -1000 -1000 -1000 -10 -1 -1 -1
75 18084 Pedestrian -1 -1 -10 601.00 146.79 630.78 227.92 -1000 -1000 -1000 -10 -1 -1 -1
75 18085 Car -1 -1 -10 0.03 96.90 259.14 362.46 -1000 -1000 -1000 -10 -1 -1 -1
75 18086 Pedestrian -1 -1 -10 659.87 152.41 687.18 224.43 -1000 -1000 -1000 -10 -1 -1 -1
76 18087 Pedestrian -1 -1 -10 684.77 147.11 735.83 273.08 -1000 -1000 -1000 -10 -1 -1 -1
76 18088 Pedestrian -1 -1 -10 602.62 143.57 641.26 228.44 -1000 -1000 -1000 -10 -1 -1 -1
76 18089 Pedestrian -1 -1 -10 554.69 132.27 583.99 231.73 -1000 -1000 -1000 -10 -1 -1 -1
76 18090 Pedestrian -1 -1 -10 659.55 150.35 693.13 226.99 -1000 -1000 -1000 -10 -1 -1 -1
76 18091 Car -1 -1 -10 0.03 96.66 259.63 362.58 -1000 -1000 -1000 -10 -1 -1 -1
77 18092 Pedestrian -1 -1 -10 689.22 147.88 738.16 274.05 -1000 -1000 -1000 -10 -1 -1 -1
77 18093 Pedestrian -1 -1 -10 605.86 145.46 641.67 227.28 -1000 -1000 -1000 -10 -1 -1 -1
77 18094 Pedestrian -1 -1 -10 556.42 132.37 583.96 233.24 -1000 -1000 -1000 -10 -1 -1 -1
77 18095 Pedestrian -1 -1 -10 666.36 148.88 697.15 225.86 -1000 -1000 -1000 -10 -1 -1 -1
77 18096 Car -1 -1 -10 0.00 96.61 260.01 362.56 -1000 -1000 -1000 -10 -1 -1 -1
78 18097 Pedestrian -1 -1 -10 701.99 143.48 744.94 272.76 -1000 -1000 -1000 -10 -1 -1 -1
78 18098 Pedestrian -1 -1 -10 606.88 144.96 645.87 229.05 -1000 -1000 -1000 -10 -1 -1 -1
78 18099 Pedestrian -1 -1 -10 666.56 149.86 698.10 226.00 -1000 -1000 -1000 -10 -1 -1 -1
78 18100 Pedestrian -1 -1 -10 555.97 132.35 587.97 232.07 -1000 -1000 -1000 -10 -1 -1 -1
78 18101 Car -1 -1 -10 0.00 96.68 259.96 362.65 -1000 -1000 -1000 -10 -1 -1 -1
79 18102 Pedestrian -1 -1 -10 608.11 145.51 645.92 230.80 -1000 -1000 -1000 -10 -1 -1 -1
79 18103 Pedestrian -1 -1 -10 710.77 146.28 753.22 274.12 -1000 -1000 -1000 -10 -1 -1 -1
79 18104 Pedestrian -1 -1 -10 558.35 133.66 588.22 235.51 -1000 -1000 -1000 -10 -1 -1 -1
79 18105 Pedestrian -1 -1 -10 669.91 152.51 700.85 228.57 -1000 -1000 -1000 -10 -1 -1 -1
79 18106 Car -1 -1 -10 0.01 96.70 259.52 362.82 -1000 -1000 -1000 -10 -1 -1 -1
80 18107 Pedestrian -1 -1 -10 714.08 145.97 761.51 278.40 -1000 -1000 -1000 -10 -1 -1 -1
80 18108 Pedestrian -1 -1 -10 557.36 131.80 590.70 236.91 -1000 -1000 -1000 -10 -1 -1 -1
80 18109 Pedestrian -1 -1 -10 612.03 147.91 648.82 230.98 -1000 -1000 -1000 -10 -1 -1 -1
80 18110 Car -1 -1 -10 0.34 95.80 261.13 363.41 -1000 -1000 -1000 -10 -1 -1 -1
80 18111 Pedestrian -1 -1 -10 672.12 154.08 706.76 228.41 -1000 -1000 -1000 -10 -1 -1 -1
81 18112 Pedestrian -1 -1 -10 714.65 149.68 772.52 287.03 -1000 -1000 -1000 -10 -1 -1 -1
81 18113 Pedestrian -1 -1 -10 560.34 131.62 593.54 237.55 -1000 -1000 -1000 -10 -1 -1 -1
81 18114 Pedestrian -1 -1 -10 673.40 154.31 707.18 229.69 -1000 -1000 -1000 -10 -1 -1 -1
81 18115 Pedestrian -1 -1 -10 615.07 145.98 648.48 233.49 -1000 -1000 -1000 -10 -1 -1 -1
81 18116 Car -1 -1 -10 0.37 95.62 261.35 363.17 -1000 -1000 -1000 -10 -1 -1 -1
82 18117 Pedestrian -1 -1 -10 727.11 148.18 778.04 287.24 -1000 -1000 -1000 -10 -1 -1 -1
82 18118 Pedestrian -1 -1 -10 561.45 130.40 595.49 237.60 -1000 -1000 -1000 -10 -1 -1 -1
82 18119 Pedestrian -1 -1 -10 675.96 150.95 710.34 230.73 -1000 -1000 -1000 -10 -1 -1 -1
82 18120 Pedestrian -1 -1 -10 616.86 146.34 655.19 234.79 -1000 -1000 -1000 -10 -1 -1 -1
82 18121 Car -1 -1 -10 0.34 95.48 260.76 363.26 -1000 -1000 -1000 -10 -1 -1 -1
83 18122 Pedestrian -1 -1 -10 555.82 130.88 598.02 240.67 -1000 -1000 -1000 -10 -1 -1 -1
83 18123 Pedestrian -1 -1 -10 738.17 144.15 784.93 289.15 -1000 -1000 -1000 -10 -1 -1 -1
83 18124 Pedestrian -1 -1 -10 619.76 144.89 656.83 237.91 -1000 -1000 -1000 -10 -1 -1 -1
83 18125 Pedestrian -1 -1 -10 684.01 153.08 711.66 233.29 -1000 -1000 -1000 -10 -1 -1 -1
83 18126 Car -1 -1 -10 0.05 96.29 259.64 362.58 -1000 -1000 -1000 -10 -1 -1 -1
84 18127 Pedestrian -1 -1 -10 552.91 131.89 600.71 241.96 -1000 -1000 -1000 -10 -1 -1 -1
84 18128 Pedestrian -1 -1 -10 746.02 145.85 795.08 291.46 -1000 -1000 -1000 -10 -1 -1 -1
84 18129 Pedestrian -1 -1 -10 622.59 145.99 660.68 237.29 -1000 -1000 -1000 -10 -1 -1 -1
84 18130 Pedestrian -1 -1 -10 681.65 153.32 715.22 234.16 -1000 -1000 -1000 -10 -1 -1 -1
84 18131 Car -1 -1 -10 0.04 96.58 259.36 362.81 -1000 -1000 -1000 -10 -1 -1 -1
85 18132 Pedestrian -1 -1 -10 749.46 148.85 812.73 293.70 -1000 -1000 -1000 -10 -1 -1 -1
85 18133 Pedestrian -1 -1 -10 626.14 146.33 663.10 238.52 -1000 -1000 -1000 -10 -1 -1 -1
85 18134 Pedestrian -1 -1 -10 564.36 132.51 601.43 240.27 -1000 -1000 -1000 -10 -1 -1 -1
85 18135 Pedestrian -1 -1 -10 682.49 152.81 717.15 236.15 -1000 -1000 -1000 -10 -1 -1 -1
85 18136 Car -1 -1 -10 0.03 96.69 259.74 362.67 -1000 -1000 -1000 -10 -1 -1 -1
86 18137 Pedestrian -1 -1 -10 749.04 151.23 813.57 299.60 -1000 -1000 -1000 -10 -1 -1 -1
86 18138 Pedestrian -1 -1 -10 685.23 150.57 721.92 234.38 -1000 -1000 -1000 -10 -1 -1 -1
86 18139 Pedestrian -1 -1 -10 627.43 145.38 668.10 240.76 -1000 -1000 -1000 -10 -1 -1 -1
86 18140 Pedestrian -1 -1 -10 564.99 131.67 604.28 246.10 -1000 -1000 -1000 -10 -1 -1 -1
86 18141 Car -1 -1 -10 0.01 96.66 259.56 362.53 -1000 -1000 -1000 -10 -1 -1 -1
87 18143 Pedestrian -1 -1 -10 759.14 149.14 817.80 301.58 -1000 -1000 -1000 -10 -1 -1 -1
87 18144 Pedestrian -1 -1 -10 627.83 141.82 675.48 239.05 -1000 -1000 -1000 -10 -1 -1 -1
87 18145 Pedestrian -1 -1 -10 572.63 131.47 607.09 243.50 -1000 -1000 -1000 -10 -1 -1 -1
87 18146 Pedestrian -1 -1 -10 688.95 152.64 727.19 235.77 -1000 -1000 -1000 -10 -1 -1 -1
87 18147 Car -1 -1 -10 0.03 96.52 259.16 362.65 -1000 -1000 -1000 -10 -1 -1 -1
88 18148 Pedestrian -1 -1 -10 779.13 145.76 825.90 301.10 -1000 -1000 -1000 -10 -1 -1 -1
88 18149 Pedestrian -1 -1 -10 574.97 129.83 609.85 246.16 -1000 -1000 -1000 -10 -1 -1 -1
88 18150 Pedestrian -1 -1 -10 627.84 142.05 672.95 240.08 -1000 -1000 -1000 -10 -1 -1 -1
88 18151 Pedestrian -1 -1 -10 693.51 153.00 732.00 235.54 -1000 -1000 -1000 -10 -1 -1 -1
88 18152 Car -1 -1 -10 0.01 96.57 259.57 362.63 -1000 -1000 -1000 -10 -1 -1 -1
89 18153 Pedestrian -1 -1 -10 786.53 146.52 836.51 309.05 -1000 -1000 -1000 -10 -1 -1 -1
89 18154 Pedestrian -1 -1 -10 578.24 130.94 613.14 248.57 -1000 -1000 -1000 -10 -1 -1 -1
89 18155 Pedestrian -1 -1 -10 630.56 142.82 674.03 245.00 -1000 -1000 -1000 -10 -1 -1 -1
89 18156 Car -1 -1 -10 0.36 95.97 259.84 363.15 -1000 -1000 -1000 -10 -1 -1 -1
89 18157 Pedestrian -1 -1 -10 695.47 155.79 737.15 239.01 -1000 -1000 -1000 -10 -1 -1 -1
90 18158 Pedestrian -1 -1 -10 787.66 151.34 855.46 314.89 -1000 -1000 -1000 -10 -1 -1 -1
90 18159 Pedestrian -1 -1 -10 580.72 128.29 616.78 249.65 -1000 -1000 -1000 -10 -1 -1 -1
90 18160 Pedestrian -1 -1 -10 631.28 145.94 676.98 243.87 -1000 -1000 -1000 -10 -1 -1 -1
90 18161 Pedestrian -1 -1 -10 699.62 155.86 739.00 239.12 -1000 -1000 -1000 -10 -1 -1 -1
90 18162 Car -1 -1 -10 0.35 95.65 259.59 363.25 -1000 -1000 -1000 -10 -1 -1 -1
91 18163 Pedestrian -1 -1 -10 794.18 151.48 867.87 320.53 -1000 -1000 -1000 -10 -1 -1 -1
91 18164 Pedestrian -1 -1 -10 583.52 130.18 620.37 252.03 -1000 -1000 -1000 -10 -1 -1 -1
91 18165 Pedestrian -1 -1 -10 635.49 145.69 678.77 247.01 -1000 -1000 -1000 -10 -1 -1 -1
91 18166 Pedestrian -1 -1 -10 706.38 152.59 740.88 237.69 -1000 -1000 -1000 -10 -1 -1 -1
91 18167 Car -1 -1 -10 0.00 96.51 259.19 362.84 -1000 -1000 -1000 -10 -1 -1 -1
92 18168 Pedestrian -1 -1 -10 587.34 131.20 624.16 254.18 -1000 -1000 -1000 -10 -1 -1 -1
92 18169 Pedestrian -1 -1 -10 809.98 150.65 874.82 324.51 -1000 -1000 -1000 -10 -1 -1 -1
92 18170 Pedestrian -1 -1 -10 635.49 144.99 678.39 250.40 -1000 -1000 -1000 -10 -1 -1 -1
92 18171 Pedestrian -1 -1 -10 708.35 152.95 743.69 244.14 -1000 -1000 -1000 -10 -1 -1 -1
92 18172 Car -1 -1 -10 0.34 95.76 259.99 363.56 -1000 -1000 -1000 -10 -1 -1 -1
93 18173 Pedestrian -1 -1 -10 831.95 146.98 887.14 320.88 -1000 -1000 -1000 -10 -1 -1 -1
93 18174 Pedestrian -1 -1 -10 589.18 131.55 625.47 253.73 -1000 -1000 -1000 -10 -1 -1 -1
93 18175 Pedestrian -1 -1 -10 637.63 144.71 678.06 249.51 -1000 -1000 -1000 -10 -1 -1 -1
93 18176 Pedestrian -1 -1 -10 712.45 154.72 751.89 243.72 -1000 -1000 -1000 -10 -1 -1 -1
93 18177 Car -1 -1 -10 0.03 96.56 259.15 362.82 -1000 -1000 -1000 -10 -1 -1 -1
94 18178 Pedestrian -1 -1 -10 586.77 132.37 629.59 254.15 -1000 -1000 -1000 -10 -1 -1 -1
94 18179 Pedestrian -1 -1 -10 843.80 147.02 906.14 325.66 -1000 -1000 -1000 -10 -1 -1 -1
94 18180 Pedestrian -1 -1 -10 715.18 155.08 752.36 246.32 -1000 -1000 -1000 -10 -1 -1 -1
94 18181 Pedestrian -1 -1 -10 642.53 144.75 681.72 252.65 -1000 -1000 -1000 -10 -1 -1 -1
94 18182 Car -1 -1 -10 0.00 96.77 258.63 362.83 -1000 -1000 -1000 -10 -1 -1 -1
95 18183 Pedestrian -1 -1 -10 845.39 151.25 938.72 329.74 -1000 -1000 -1000 -10 -1 -1 -1
95 18184 Pedestrian -1 -1 -10 643.27 147.63 683.87 254.30 -1000 -1000 -1000 -10 -1 -1 -1
95 18185 Pedestrian -1 -1 -10 593.04 133.87 633.18 254.24 -1000 -1000 -1000 -10 -1 -1 -1
95 18186 Pedestrian -1 -1 -10 719.16 153.15 757.33 245.71 -1000 -1000 -1000 -10 -1 -1 -1
95 18187 Car -1 -1 -10 0.34 96.05 260.32 363.45 -1000 -1000 -1000 -10 -1 -1 -1
96 18188 Pedestrian -1 -1 -10 849.06 154.46 948.66 340.49 -1000 -1000 -1000 -10 -1 -1 -1
96 18189 Pedestrian -1 -1 -10 589.28 133.05 636.18 258.56 -1000 -1000 -1000 -10 -1 -1 -1
96 18190 Pedestrian -1 -1 -10 644.56 148.29 686.55 253.46 -1000 -1000 -1000 -10 -1 -1 -1
96 18191 Pedestrian -1 -1 -10 725.39 151.75 763.23 246.79 -1000 -1000 -1000 -10 -1 -1 -1
96 18192 Car -1 -1 -10 0.02 96.69 259.38 362.81 -1000 -1000 -1000 -10 -1 -1 -1
97 18193 Pedestrian -1 -1 -10 863.81 151.53 945.98 342.40 -1000 -1000 -1000 -10 -1 -1 -1
97 18194 Pedestrian -1 -1 -10 645.72 147.59 688.27 256.50 -1000 -1000 -1000 -10 -1 -1 -1
97 18195 Pedestrian -1 -1 -10 599.59 129.94 640.33 262.03 -1000 -1000 -1000 -10 -1 -1 -1
97 18196 Pedestrian -1 -1 -10 727.41 155.49 771.20 246.12 -1000 -1000 -1000 -10 -1 -1 -1
97 18197 Car -1 -1 -10 0.01 96.93 259.17 362.79 -1000 -1000 -1000 -10 -1 -1 -1
98 18198 Pedestrian -1 -1 -10 604.38 131.56 641.02 262.98 -1000 -1000 -1000 -10 -1 -1 -1
98 18199 Pedestrian -1 -1 -10 901.66 146.53 958.74 343.45 -1000 -1000 -1000 -10 -1 -1 -1
98 18200 Pedestrian -1 -1 -10 650.27 145.96 694.26 259.12 -1000 -1000 -1000 -10 -1 -1 -1
98 18201 Pedestrian -1 -1 -10 732.13 154.95 777.37 251.39 -1000 -1000 -1000 -10 -1 -1 -1
98 18202 Car -1 -1 -10 0.34 96.11 260.45 363.39 -1000 -1000 -1000 -10 -1 -1 -1
99 18203 Pedestrian -1 -1 -10 606.62 132.42 647.96 265.83 -1000 -1000 -1000 -10 -1 -1 -1
99 18204 Pedestrian -1 -1 -10 912.62 147.38 979.30 354.52 -1000 -1000 -1000 -10 -1 -1 -1
99 18205 Pedestrian -1 -1 -10 653.00 147.74 692.43 261.53 -1000 -1000 -1000 -10 -1 -1 -1
99 18206 Pedestrian -1 -1 -10 739.10 155.45 781.41 251.63 -1000 -1000 -1000 -10 -1 -1 -1
99 18207 Car -1 -1 -10 0.01 96.74 259.30 362.75 -1000 -1000 -1000 -10 -1 -1 -1
100 18209 Pedestrian -1 -1 -10 915.38 151.85 1023.74 359.43 -1000 -1000 -1000 -10 -1 -1 -1
100 18210 Pedestrian -1 -1 -10 610.10 132.65 650.94 266.90 -1000 -1000 -1000 -10 -1 -1 -1
100 18211 Pedestrian -1 -1 -10 655.26 151.03 703.18 264.85 -1000 -1000 -1000 -10 -1 -1 -1
100 18212 Pedestrian -1 -1 -10 739.85 153.78 784.45 252.17 -1000 -1000 -1000 -10 -1 -1 -1
100 18213 Car -1 -1 -10 0.03 96.72 259.73 362.81 -1000 -1000 -1000 -10 -1 -1 -1
101 18215 Pedestrian -1 -1 -10 925.10 151.45 1036.82 368.27 -1000 -1000 -1000 -10 -1 -1 -1
101 18216 Pedestrian -1 -1 -10 611.70 132.51 655.75 266.90 -1000 -1000 -1000 -10 -1 -1 -1
101 18217 Pedestrian -1 -1 -10 745.40 155.21 787.22 250.69 -1000 -1000 -1000 -10 -1 -1 -1
101 18218 Pedestrian -1 -1 -10 656.85 152.24 709.21 268.40 -1000 -1000 -1000 -10 -1 -1 -1
101 18220 Car -1 -1 -10 0.01 96.82 259.44 362.72 -1000 -1000 -1000 -10 -1 -1 -1
102 18221 Pedestrian -1 -1 -10 612.41 130.98 660.04 268.61 -1000 -1000 -1000 -10 -1 -1 -1
102 18222 Pedestrian -1 -1 -10 956.53 149.62 1042.25 369.64 -1000 -1000 -1000 -10 -1 -1 -1
102 18223 Pedestrian -1 -1 -10 657.67 147.85 713.56 269.28 -1000 -1000 -1000 -10 -1 -1 -1
102 18224 Pedestrian -1 -1 -10 748.76 155.87 793.70 254.08 -1000 -1000 -1000 -10 -1 -1 -1
102 18226 Car -1 -1 -10 0.01 96.58 259.50 362.93 -1000 -1000 -1000 -10 -1 -1 -1
103 18227 Pedestrian -1 -1 -10 992.11 146.08 1060.48 367.80 -1000 -1000 -1000 -10 -1 -1 -1
103 18228 Pedestrian -1 -1 -10 597.10 127.25 663.64 272.48 -1000 -1000 -1000 -10 -1 -1 -1
103 18229 Pedestrian -1 -1 -10 665.82 148.44 712.95 269.94 -1000 -1000 -1000 -10 -1 -1 -1
103 18230 Pedestrian -1 -1 -10 756.02 154.41 800.73 258.08 -1000 -1000 -1000 -10 -1 -1 -1
103 18232 Car -1 -1 -10 0.00 96.72 259.43 363.12 -1000 -1000 -1000 -10 -1 -1 -1
104 18233 Pedestrian -1 -1 -10 986.41 145.86 1102.07 370.00 -1000 -1000 -1000 -10 -1 -1 -1
104 18234 Pedestrian -1 -1 -10 668.63 152.91 724.57 273.79 -1000 -1000 -1000 -10 -1 -1 -1
104 18235 Pedestrian -1 -1 -10 755.00 153.27 803.33 256.72 -1000 -1000 -1000 -10 -1 -1 -1
104 18236 Pedestrian -1 -1 -10 596.80 128.17 664.94 275.91 -1000 -1000 -1000 -10 -1 -1 -1
104 18238 Car -1 -1 -10 0.00 96.45 259.14 363.19 -1000 -1000 -1000 -10 -1 -1 -1
105 18239 Pedestrian -1 -1 -10 992.11 150.10 1143.87 369.66 -1000 -1000 -1000 -10 -1 -1 -1
105 18240 Pedestrian -1 -1 -10 670.86 153.90 717.17 275.90 -1000 -1000 -1000 -10 -1 -1 -1
105 18241 Pedestrian -1 -1 -10 763.93 153.89 807.60 258.14 -1000 -1000 -1000 -10 -1 -1 -1
105 18242 Pedestrian -1 -1 -10 624.25 131.18 668.89 277.43 -1000 -1000 -1000 -10 -1 -1 -1
105 18244 Car -1 -1 -10 0.00 96.50 259.19 363.15 -1000 -1000 -1000 -10 -1 -1 -1
106 18245 Pedestrian -1 -1 -10 1009.08 149.33 1145.38 370.00 -1000 -1000 -1000 -10 -1 -1 -1
106 18246 Pedestrian -1 -1 -10 773.31 154.37 817.54 260.48 -1000 -1000 -1000 -10 -1 -1 -1
106 18247 Pedestrian -1 -1 -10 676.41 152.47 724.54 270.35 -1000 -1000 -1000 -10 -1 -1 -1
106 18248 Pedestrian -1 -1 -10 625.93 134.33 671.90 282.92 -1000 -1000 -1000 -10 -1 -1 -1
106 18249 Car -1 -1 -10 0.00 96.76 259.49 362.96 -1000 -1000 -1000 -10 -1 -1 -1
107 18250 Pedestrian -1 -1 -10 1043.53 144.60 1159.63 369.51 -1000 -1000 -1000 -10 -1 -1 -1
107 18251 Pedestrian -1 -1 -10 778.20 154.71 827.27 265.14 -1000 -1000 -1000 -10 -1 -1 -1
107 18252 Pedestrian -1 -1 -10 679.97 150.16 733.31 275.74 -1000 -1000 -1000 -10 -1 -1 -1
107 18253 Pedestrian -1 -1 -10 622.59 130.62 670.88 282.59 -1000 -1000 -1000 -10 -1 -1 -1
107 18254 Car -1 -1 -10 0.00 96.72 259.58 362.83 -1000 -1000 -1000 -10 -1 -1 -1
108 18255 Pedestrian -1 -1 -10 1101.38 141.30 1178.46 368.80 -1000 -1000 -1000 -10 -1 -1 -1
108 18256 Pedestrian -1 -1 -10 607.18 128.50 673.53 283.31 -1000 -1000 -1000 -10 -1 -1 -1
108 18257 Pedestrian -1 -1 -10 682.40 149.64 742.65 283.46 -1000 -1000 -1000 -10 -1 -1 -1
108 18258 Pedestrian -1 -1 -10 785.79 155.53 835.63 267.64 -1000 -1000 -1000 -10 -1 -1 -1
108 18259 Car -1 -1 -10 0.03 96.56 258.96 362.74 -1000 -1000 -1000 -10 -1 -1 -1
109 18260 Pedestrian -1 -1 -10 1122.86 142.67 1207.40 369.26 -1000 -1000 -1000 -10 -1 -1 -1
109 18261 Pedestrian -1 -1 -10 629.67 130.33 675.36 285.02 -1000 -1000 -1000 -10 -1 -1 -1
109 18262 Pedestrian -1 -1 -10 791.58 156.82 838.55 267.76 -1000 -1000 -1000 -10 -1 -1 -1
109 18263 Pedestrian -1 -1 -10 688.04 152.64 748.65 283.07 -1000 -1000 -1000 -10 -1 -1 -1
109 18264 Car -1 -1 -10 0.01 96.70 259.42 362.74 -1000 -1000 -1000 -10 -1 -1 -1
110 18265 Pedestrian -1 -1 -10 1130.60 147.37 1223.69 370.00 -1000 -1000 -1000 -10 -1 -1 -1
110 18266 Pedestrian -1 -1 -10 797.10 155.70 839.36 266.06 -1000 -1000 -1000 -10 -1 -1 -1
110 18267 Pedestrian -1 -1 -10 635.08 131.48 680.05 287.85 -1000 -1000 -1000 -10 -1 -1 -1
110 18268 Pedestrian -1 -1 -10 690.82 155.22 749.53 291.93 -1000 -1000 -1000 -10 -1 -1 -1
110 18269 Car -1 -1 -10 0.02 96.37 260.06 362.97 -1000 -1000 -1000 -10 -1 -1 -1
111 18270 Pedestrian -1 -1 -10 692.72 155.09 749.40 288.89 -1000 -1000 -1000 -10 -1 -1 -1
111 18271 Pedestrian -1 -1 -10 636.53 135.38 683.61 289.85 -1000 -1000 -1000 -10 -1 -1 -1
111 18272 Pedestrian -1 -1 -10 806.12 154.83 846.03 266.59 -1000 -1000 -1000 -10 -1 -1 -1
111 18273 Pedestrian -1 -1 -10 1140.27 187.74 1223.76 369.16 -1000 -1000 -1000 -10 -1 -1 -1
111 18274 Car -1 -1 -10 0.02 96.27 259.67 362.91 -1000 -1000 -1000 -10 -1 -1 -1
112 18276 Pedestrian -1 -1 -10 640.79 133.38 688.88 293.30 -1000 -1000 -1000 -10 -1 -1 -1
112 18277 Pedestrian -1 -1 -10 802.38 154.90 857.93 272.76 -1000 -1000 -1000 -10 -1 -1 -1
112 18278 Pedestrian -1 -1 -10 700.23 153.19 750.00 292.03 -1000 -1000 -1000 -10 -1 -1 -1
112 18279 Car -1 -1 -10 0.23 95.62 261.16 363.50 -1000 -1000 -1000 -10 -1 -1 -1
113 18280 Pedestrian -1 -1 -10 645.56 129.71 693.46 296.23 -1000 -1000 -1000 -10 -1 -1 -1
113 18281 Pedestrian -1 -1 -10 706.59 153.14 771.97 300.46 -1000 -1000 -1000 -10 -1 -1 -1
113 18282 Pedestrian -1 -1 -10 808.92 155.25 861.73 276.94 -1000 -1000 -1000 -10 -1 -1 -1
113 18283 Car -1 -1 -10 0.00 96.69 259.71 362.84 -1000 -1000 -1000 -10 -1 -1 -1
114 18284 Pedestrian -1 -1 -10 643.33 129.79 696.52 304.27 -1000 -1000 -1000 -10 -1 -1 -1
114 18285 Pedestrian -1 -1 -10 708.43 156.15 779.52 298.48 -1000 -1000 -1000 -10 -1 -1 -1
114 18286 Pedestrian -1 -1 -10 815.26 154.25 867.61 271.40 -1000 -1000 -1000 -10 -1 -1 -1
114 18287 Car -1 -1 -10 0.00 96.69 259.75 362.93 -1000 -1000 -1000 -10 -1 -1 -1
115 18288 Pedestrian -1 -1 -10 712.04 155.85 786.21 297.88 -1000 -1000 -1000 -10 -1 -1 -1
115 18289 Pedestrian -1 -1 -10 634.79 132.58 702.58 308.09 -1000 -1000 -1000 -10 -1 -1 -1
115 18290 Pedestrian -1 -1 -10 826.96 155.21 877.03 276.51 -1000 -1000 -1000 -10 -1 -1 -1
115 18291 Car -1 -1 -10 0.00 96.73 259.83 362.69 -1000 -1000 -1000 -10 -1 -1 -1
116 18292 Pedestrian -1 -1 -10 721.65 156.19 790.77 300.39 -1000 -1000 -1000 -10 -1 -1 -1
116 18293 Pedestrian -1 -1 -10 835.73 154.89 889.49 277.93 -1000 -1000 -1000 -10 -1 -1 -1
116 18294 Pedestrian -1 -1 -10 639.56 137.39 705.05 314.10 -1000 -1000 -1000 -10 -1 -1 -1
116 18295 Car -1 -1 -10 0.00 96.28 259.80 362.88 -1000 -1000 -1000 -10 -1 -1 -1
117 18296 Pedestrian -1 -1 -10 839.59 156.93 900.87 283.32 -1000 -1000 -1000 -10 -1 -1 -1
117 18297 Pedestrian -1 -1 -10 722.05 154.84 785.29 309.80 -1000 -1000 -1000 -10 -1 -1 -1
117 18298 Pedestrian -1 -1 -10 639.11 136.25 709.25 315.01 -1000 -1000 -1000 -10 -1 -1 -1
117 18299 Car -1 -1 -10 0.00 96.68 259.85 362.86 -1000 -1000 -1000 -10 -1 -1 -1
118 18300 Pedestrian -1 -1 -10 656.73 130.45 714.29 319.79 -1000 -1000 -1000 -10 -1 -1 -1
118 18301 Pedestrian -1 -1 -10 848.69 157.84 907.82 286.16 -1000 -1000 -1000 -10 -1 -1 -1
118 18302 Pedestrian -1 -1 -10 726.74 157.73 778.91 314.26 -1000 -1000 -1000 -10 -1 -1 -1
118 18303 Car -1 -1 -10 0.00 96.63 260.10 362.67 -1000 -1000 -1000 -10 -1 -1 -1
119 18304 Pedestrian -1 -1 -10 672.13 129.58 719.69 319.31 -1000 -1000 -1000 -10 -1 -1 -1
119 18305 Pedestrian -1 -1 -10 732.47 160.75 803.25 328.75 -1000 -1000 -1000 -10 -1 -1 -1
119 18306 Pedestrian -1 -1 -10 863.51 157.28 916.35 285.49 -1000 -1000 -1000 -10 -1 -1 -1
119 18307 Car -1 -1 -10 0.00 96.56 260.18 362.72 -1000 -1000 -1000 -10 -1 -1 -1
120 18308 Pedestrian -1 -1 -10 676.47 132.86 726.25 323.88 -1000 -1000 -1000 -10 -1 -1 -1
120 18309 Pedestrian -1 -1 -10 733.91 162.64 805.12 332.78 -1000 -1000 -1000 -10 -1 -1 -1
120 18310 Pedestrian -1 -1 -10 865.59 156.07 921.00 287.27 -1000 -1000 -1000 -10 -1 -1 -1
120 18311 Car -1 -1 -10 0.00 96.58 259.74 362.74 -1000 -1000 -1000 -10 -1 -1 -1
121 18312 Pedestrian -1 -1 -10 738.51 161.31 808.32 331.50 -1000 -1000 -1000 -10 -1 -1 -1
121 18313 Pedestrian -1 -1 -10 879.84 155.37 933.65 290.44 -1000 -1000 -1000 -10 -1 -1 -1
121 18314 Pedestrian -1 -1 -10 678.22 136.97 740.24 328.41 -1000 -1000 -1000 -10 -1 -1 -1
121 18315 Car -1 -1 -10 0.01 96.65 260.37 362.79 -1000 -1000 -1000 -10 -1 -1 -1
122 18316 Pedestrian -1 -1 -10 886.92 157.85 955.96 296.04 -1000 -1000 -1000 -10 -1 -1 -1
122 18317 Pedestrian -1 -1 -10 680.16 135.98 744.19 332.93 -1000 -1000 -1000 -10 -1 -1 -1
122 18318 Pedestrian -1 -1 -10 746.73 158.47 822.61 339.12 -1000 -1000 -1000 -10 -1 -1 -1
122 18319 Car -1 -1 -10 0.01 96.54 260.22 362.80 -1000 -1000 -1000 -10 -1 -1 -1
123 18320 Pedestrian -1 -1 -10 689.47 133.61 751.81 337.67 -1000 -1000 -1000 -10 -1 -1 -1
123 18321 Pedestrian -1 -1 -10 750.71 160.30 826.52 340.84 -1000 -1000 -1000 -10 -1 -1 -1
123 18322 Pedestrian -1 -1 -10 887.51 157.91 956.65 299.69 -1000 -1000 -1000 -10 -1 -1 -1
123 18323 Car -1 -1 -10 0.00 96.59 260.39 362.78 -1000 -1000 -1000 -10 -1 -1 -1
124 18324 Pedestrian -1 -1 -10 700.55 130.28 759.14 337.68 -1000 -1000 -1000 -10 -1 -1 -1
124 18325 Pedestrian -1 -1 -10 751.49 164.72 837.43 348.58 -1000 -1000 -1000 -10 -1 -1 -1
124 18326 Pedestrian -1 -1 -10 914.39 156.85 963.88 299.24 -1000 -1000 -1000 -10 -1 -1 -1
124 18327 Car -1 -1 -10 0.00 96.67 260.23 362.99 -1000 -1000 -1000 -10 -1 -1 -1
125 18328 Pedestrian -1 -1 -10 760.27 165.05 851.24 348.40 -1000 -1000 -1000 -10 -1 -1 -1
125 18329 Pedestrian -1 -1 -10 686.37 131.94 767.56 347.23 -1000 -1000 -1000 -10 -1 -1 -1
125 18330 Pedestrian -1 -1 -10 923.48 154.75 981.52 301.82 -1000 -1000 -1000 -10 -1 -1 -1
125 18331 Car -1 -1 -10 0.32 95.83 261.58 363.61 -1000 -1000 -1000 -10 -1 -1 -1
126 18332 Pedestrian -1 -1 -10 679.73 136.48 775.13 359.40 -1000 -1000 -1000 -10 -1 -1 -1
126 18333 Pedestrian -1 -1 -10 932.02 159.10 1006.74 309.10 -1000 -1000 -1000 -10 -1 -1 -1
126 18334 Pedestrian -1 -1 -10 780.42 160.05 865.29 353.41 -1000 -1000 -1000 -10 -1 -1 -1
126 18335 Car -1 -1 -10 0.34 95.85 261.87 363.47 -1000 -1000 -1000 -10 -1 -1 -1
127 18336 Pedestrian -1 -1 -10 938.15 160.39 1019.07 311.41 -1000 -1000 -1000 -10 -1 -1 -1
127 18337 Pedestrian -1 -1 -10 681.93 134.08 779.45 364.51 -1000 -1000 -1000 -10 -1 -1 -1
127 18338 Pedestrian -1 -1 -10 787.28 160.29 858.31 359.95 -1000 -1000 -1000 -10 -1 -1 -1
127 18339 Car -1 -1 -10 0.31 96.11 261.76 363.50 -1000 -1000 -1000 -10 -1 -1 -1
128 18340 Pedestrian -1 -1 -10 697.23 132.38 787.79 363.38 -1000 -1000 -1000 -10 -1 -1 -1
128 18341 Pedestrian -1 -1 -10 789.63 163.10 877.11 367.55 -1000 -1000 -1000 -10 -1 -1 -1
128 18342 Pedestrian -1 -1 -10 961.14 159.73 1029.31 310.98 -1000 -1000 -1000 -10 -1 -1 -1
128 18343 Car -1 -1 -10 0.00 97.11 260.39 362.81 -1000 -1000 -1000 -10 -1 -1 -1
129 18344 Pedestrian -1 -1 -10 728.51 128.74 797.67 366.47 -1000 -1000 -1000 -10 -1 -1 -1
129 18345 Pedestrian -1 -1 -10 797.96 165.95 875.91 367.95 -1000 -1000 -1000 -10 -1 -1 -1
129 18346 Pedestrian -1 -1 -10 972.72 157.93 1031.08 308.30 -1000 -1000 -1000 -10 -1 -1 -1
129 18347 Car -1 -1 -10 0.33 96.03 261.42 363.41 -1000 -1000 -1000 -10 -1 -1 -1
130 18348 Pedestrian -1 -1 -10 742.41 126.67 806.58 370.00 -1000 -1000 -1000 -10 -1 -1 -1
130 18349 Pedestrian -1 -1 -10 810.40 163.34 894.96 369.87 -1000 -1000 -1000 -10 -1 -1 -1
130 18350 Pedestrian -1 -1 -10 982.59 158.07 1047.83 315.86 -1000 -1000 -1000 -10 -1 -1 -1
130 18351 Car -1 -1 -10 0.00 97.04 260.23 362.97 -1000 -1000 -1000 -10 -1 -1 -1
131 18352 Pedestrian -1 -1 -10 748.99 131.09 821.88 369.57 -1000 -1000 -1000 -10 -1 -1 -1
131 18353 Pedestrian -1 -1 -10 825.69 160.44 899.00 369.61 -1000 -1000 -1000 -10 -1 -1 -1
131 18354 Pedestrian -1 -1 -10 990.69 160.89 1084.27 321.84 -1000 -1000 -1000 -10 -1 -1 -1
131 18355 Car -1 -1 -10 0.00 96.76 260.31 362.84 -1000 -1000 -1000 -10 -1 -1 -1
132 18356 Pedestrian -1 -1 -10 751.92 131.38 835.14 370.00 -1000 -1000 -1000 -10 -1 -1 -1
132 18357 Pedestrian -1 -1 -10 828.05 161.49 911.92 370.00 -1000 -1000 -1000 -10 -1 -1 -1
132 18358 Pedestrian -1 -1 -10 1001.24 161.42 1084.93 326.48 -1000 -1000 -1000 -10 -1 -1 -1
132 18359 Car -1 -1 -10 0.06 96.66 260.81 362.47 -1000 -1000 -1000 -10 -1 -1 -1
133 18360 Pedestrian -1 -1 -10 756.02 128.24 841.74 370.00 -1000 -1000 -1000 -10 -1 -1 -1
133 18361 Pedestrian -1 -1 -10 828.51 165.36 938.06 369.51 -1000 -1000 -1000 -10 -1 -1 -1
133 18362 Pedestrian -1 -1 -10 1033.31 160.48 1087.54 326.89 -1000 -1000 -1000 -10 -1 -1 -1
133 18363 Car -1 -1 -10 0.32 96.10 261.25 363.42 -1000 -1000 -1000 -10 -1 -1 -1
134 18364 Pedestrian -1 -1 -10 773.89 122.77 849.52 368.30 -1000 -1000 -1000 -10 -1 -1 -1
134 18365 Pedestrian -1 -1 -10 844.54 165.62 952.72 369.72 -1000 -1000 -1000 -10 -1 -1 -1
134 18366 Pedestrian -1 -1 -10 1043.94 160.03 1113.08 326.14 -1000 -1000 -1000 -10 -1 -1 -1
134 18367 Car -1 -1 -10 0.00 97.02 260.07 362.79 -1000 -1000 -1000 -10 -1 -1 -1
135 18368 Pedestrian -1 -1 -10 784.67 119.07 861.04 367.07 -1000 -1000 -1000 -10 -1 -1 -1
135 18369 Pedestrian -1 -1 -10 1060.94 161.77 1142.31 339.57 -1000 -1000 -1000 -10 -1 -1 -1
135 18370 Pedestrian -1 -1 -10 868.38 161.76 968.63 368.43 -1000 -1000 -1000 -10 -1 -1 -1
135 18371 Car -1 -1 -10 0.34 96.51 261.63 363.41 -1000 -1000 -1000 -10 -1 -1 -1
136 18372 Pedestrian -1 -1 -10 769.20 119.80 874.20 368.39 -1000 -1000 -1000 -10 -1 -1 -1
136 18373 Pedestrian -1 -1 -10 1068.11 163.70 1164.02 344.42 -1000 -1000 -1000 -10 -1 -1 -1
136 18374 Pedestrian -1 -1 -10 897.41 157.44 1000.12 369.48 -1000 -1000 -1000 -10 -1 -1 -1
136 18375 Car -1 -1 -10 0.61 97.03 261.91 363.82 -1000 -1000 -1000 -10 -1 -1 -1
137 18376 Pedestrian -1 -1 -10 764.44 124.19 886.49 369.23 -1000 -1000 -1000 -10 -1 -1 -1
137 18377 Pedestrian -1 -1 -10 903.72 160.47 1005.61 369.66 -1000 -1000 -1000 -10 -1 -1 -1
137 18378 Pedestrian -1 -1 -10 1095.86 161.81 1178.24 346.77 -1000 -1000 -1000 -10 -1 -1 -1
137 18379 Car -1 -1 -10 0.35 96.67 261.96 363.31 -1000 -1000 -1000 -10 -1 -1 -1
138 18380 Pedestrian -1 -1 -10 768.72 122.36 899.27 368.78 -1000 -1000 -1000 -10 -1 -1 -1
138 18381 Pedestrian -1 -1 -10 912.38 164.59 1040.28 368.74 -1000 -1000 -1000 -10 -1 -1 -1
138 18382 Pedestrian -1 -1 -10 1112.66 160.87 1185.15 315.66 -1000 -1000 -1000 -10 -1 -1 -1
138 18383 Car -1 -1 -10 0.02 97.29 260.19 362.78 -1000 -1000 -1000 -10 -1 -1 -1
139 18384 Pedestrian -1 -1 -10 787.41 115.63 913.83 367.77 -1000 -1000 -1000 -10 -1 -1 -1
139 18385 Pedestrian -1 -1 -10 931.63 163.62 1065.52 368.34 -1000 -1000 -1000 -10 -1 -1 -1
139 18386 Pedestrian -1 -1 -10 1124.64 160.80 1207.60 349.38 -1000 -1000 -1000 -10 -1 -1 -1
139 18387 Car -1 -1 -10 0.34 96.13 261.76 363.17 -1000 -1000 -1000 -10 -1 -1 -1
140 18388 Pedestrian -1 -1 -10 826.94 109.63 929.68 368.77 -1000 -1000 -1000 -10 -1 -1 -1
140 18389 Pedestrian -1 -1 -10 962.33 159.64 1087.26 369.75 -1000 -1000 -1000 -10 -1 -1 -1
140 18390 Pedestrian -1 -1 -10 1141.84 161.26 1223.34 337.65 -1000 -1000 -1000 -10 -1 -1 -1
140 18391 Car -1 -1 -10 0.34 96.24 261.77 363.31 -1000 -1000 -1000 -10 -1 -1 -1
141 18392 Pedestrian -1 -1 -10 856.14 109.43 946.08 368.22 -1000 -1000 -1000 -10 -1 -1 -1
141 18393 Pedestrian -1 -1 -10 994.81 157.79 1104.63 368.41 -1000 -1000 -1000 -10 -1 -1 -1
141 18394 Car -1 -1 -10 0.00 97.06 260.45 362.78 -1000 -1000 -1000 -10 -1 -1 -1
142 18395 Pedestrian -1 -1 -10 870.35 112.09 968.10 368.52 -1000 -1000 -1000 -10 -1 -1 -1
142 18396 Pedestrian -1 -1 -10 1002.42 164.07 1135.00 368.98 -1000 -1000 -1000 -10 -1 -1 -1
142 18397 Car -1 -1 -10 0.01 97.03 260.54 362.77 -1000 -1000 -1000 -10 -1 -1 -1
143 18398 Pedestrian -1 -1 -10 884.27 113.42 1006.55 367.76 -1000 -1000 -1000 -10 -1 -1 -1
143 18399 Pedestrian -1 -1 -10 1024.02 165.76 1161.05 369.11 -1000 -1000 -1000 -10 -1 -1 -1
143 18400 Car -1 -1 -10 0.33 96.11 262.12 363.34 -1000 -1000 -1000 -10 -1 -1 -1
144 18402 Pedestrian -1 -1 -10 913.41 107.66 1014.36 368.35 -1000 -1000 -1000 -10 -1 -1 -1
144 18403 Pedestrian -1 -1 -10 1073.17 165.52 1204.12 369.30 -1000 -1000 -1000 -10 -1 -1 -1
144 18404 Car -1 -1 -10 0.00 97.11 260.36 362.92 -1000 -1000 -1000 -10 -1 -1 -1
