19 18406 Car -1 -1 -10 567.45 172.73 594.50 186.60 -1000 -1000 -1000 -10 -1 -1 -1
20 18407 Car -1 -1 -10 566.66 170.57 595.21 186.79 -1000 -1000 -1000 -10 -1 -1 -1
21 18408 Car -1 -1 -10 564.60 171.49 590.76 185.77 -1000 -1000 -1000 -10 -1 -1 -1
23 18409 Car -1 -1 -10 558.05 169.78 581.61 190.97 -1000 -1000 -1000 -10 -1 -1 -1
24 18410 Car -1 -1 -10 551.78 172.30 579.87 193.16 -1000 -1000 -1000 -10 -1 -1 -1
25 18411 Car -1 -1 -10 545.67 173.63 573.78 195.82 -1000 -1000 -1000 -10 -1 -1 -1
26 18412 Car -1 -1 -10 538.51 173.91 571.21 196.99 -1000 -1000 -1000 -10 -1 -1 -1
30 18413 Car -1 -1 -10 502.80 174.50 543.90 202.00 -1000 -1000 -1000 -10 -1 -1 -1
30 18414 Car -1 -1 -10 625.99 168.17 656.52 186.57 -1000 -1000 -1000 -10 -1 -1 -1
31 18415 Car -1 -1 -10 487.75 176.26 534.44 203.44 -1000 -1000 -1000 -10 -1 -1 -1
32 18416 Car -1 -1 -10 471.33 172.83 523.55 208.52 -1000 -1000 -1000 -10 -1 -1 -1
33 18417 Car -1 -1 -10 453.63 175.46 512.54 212.78 -1000 -1000 -1000 -10 -1 -1 -1
34 18418 Car -1 -1 -10 424.06 178.90 499.27 223.36 -1000 -1000 -1000 -10 -1 -1 -1
35 18419 Car -1 -1 -10 393.47 179.85 479.44 229.54 -1000 -1000 -1000 -10 -1 -1 -1
36 18420 Car -1 -1 -10 349.24 182.38 455.22 243.05 -1000 -1000 -1000 -10 -1 -1 -1
37 18421 Car -1 -1 -10 275.91 185.81 422.96 262.50 -1000 -1000 -1000 -10 -1 -1 -1
38 18422 Car -1 -1 -10 156.64 190.71 373.81 293.70 -1000 -1000 -1000 -10 -1 -1 -1
38 18423 Car -1 -1 -10 616.60 167.19 647.87 189.08 -1000 -1000 -1000 -10 -1 -1 -1
39 18424 Car -1 -1 -10 0.35 196.11 291.03 359.70 -1000 -1000 -1000 -10 -1 -1 -1
40 18425 Car -1 -1 -10 0.08 216.39 117.09 371.41 -1000 -1000 -1000 -10 -1 -1 -1
40 18426 Car -1 -1 -10 590.66 169.57 615.13 188.19 -1000 -1000 -1000 -10 -1 -1 -1
41 18427 Car -1 -1 -10 588.92 167.81 613.77 187.85 -1000 -1000 -1000 -10 -1 -1 -1
43 18428 Car -1 -1 -10 587.67 168.47 611.73 188.04 -1000 -1000 -1000 -10 -1 -1 -1
46 18429 Car -1 -1 -10 581.69 170.35 608.07 189.95 -1000 -1000 -1000 -10 -1 -1 -1
56 18430 Car -1 -1 -10 566.96 167.92 596.48 190.37 -1000 -1000 -1000 -10 -1 -1 -1
57 18431 Car -1 -1 -10 565.20 167.52 592.74 189.33 -1000 -1000 -1000 -10 -1 -1 -1
62 18432 Car -1 -1 -10 558.29 172.84 593.32 199.27 -1000 -1000 -1000 -10 -1 -1 -1
65 18433 Car -1 -1 -10 553.17 174.23 589.67 201.96 -1000 -1000 -1000 -10 -1 -1 -1
66 18434 Car -1 -1 -10 551.85 172.68 589.23 201.96 -1000 -1000 -1000 -10 -1 -1 -1
67 18435 Car -1 -1 -10 548.25 170.78 585.22 202.22 -1000 -1000 -1000 -10 -1 -1 -1
69 18436 Car -1 -1 -10 540.34 172.90 581.44 202.79 -1000 -1000 -1000 -10 -1 -1 -1
74 18437 Car -1 -1 -10 478.81 172.54 521.03 206.60 -1000 -1000 -1000 -10 -1 -1 -1
75 18438 Car -1 -1 -10 458.46 174.35 510.77 210.91 -1000 -1000 -1000 -10 -1 -1 -1
75 18439 Car -1 -1 -10 530.45 175.75 572.91 209.06 -1000 -1000 -1000 -10 -1 -1 -1
76 18440 Car -1 -1 -10 432.35 173.97 496.83 217.93 -1000 -1000 -1000 -10 -1 -1 -1
76 18441 Car -1 -1 -10 527.93 173.92 574.36 209.03 -1000 -1000 -1000 -10 -1 -1 -1
77 18442 Car -1 -1 -10 397.55 173.10 478.47 225.02 -1000 -1000 -1000 -10 -1 -1 -1
77 18443 Car -1 -1 -10 525.21 171.97 572.62 209.01 -1000 -1000 -1000 -10 -1 -1 -1
78 18444 Car -1 -1 -10 350.53 175.59 450.88 236.36 -1000 -1000 -1000 -10 -1 -1 -1
78 18445 Car -1 -1 -10 521.59 170.39 573.42 208.89 -1000 -1000 -1000 -10 -1 -1 -1
79 18446 Car -1 -1 -10 277.76 178.72 414.47 256.81 -1000 -1000 -1000 -10 -1 -1 -1
79 18447 Car -1 -1 -10 520.04 171.19 573.68 210.27 -1000 -1000 -1000 -10 -1 -1 -1
80 18448 Car -1 -1 -10 152.33 182.55 363.56 290.94 -1000 -1000 -1000 -10 -1 -1 -1
80 18449 Car -1 -1 -10 516.21 172.46 571.42 213.91 -1000 -1000 -1000 -10 -1 -1 -1
80 18450 Car -1 -1 -10 602.30 166.94 641.39 198.34 -1000 -1000 -1000 -10 -1 -1 -1
81 18451 Car -1 -1 -10 0.16 186.66 271.07 360.68 -1000 -1000 -1000 -10 -1 -1 -1
81 18452 Car -1 -1 -10 512.98 174.94 569.05 216.87 -1000 -1000 -1000 -10 -1 -1 -1
82 18453 Car -1 -1 -10 509.50 174.05 568.23 217.23 -1000 -1000 -1000 -10 -1 -1 -1
82 18454 Car -1 -1 -10 0.09 200.56 73.95 372.05 -1000 -1000 -1000 -10 -1 -1 -1
83 18455 Car -1 -1 -10 506.24 173.73 566.00 219.17 -1000 -1000 -1000 -10 -1 -1 -1
84 18456 Car -1 -1 -10 503.77 170.88 562.52 221.01 -1000 -1000 -1000 -10 -1 -1 -1
85 18457 Car -1 -1 -10 500.36 168.54 561.02 222.22 -1000 -1000 -1000 -10 -1 -1 -1
86 18458 Car -1 -1 -10 496.21 172.38 557.86 223.29 -1000 -1000 -1000 -10 -1 -1 -1
87 18459 Car -1 -1 -10 492.95 178.95 558.19 225.51 -1000 -1000 -1000 -10 -1 -1 -1
88 18460 Car -1 -1 -10 489.33 181.07 554.75 226.64 -1000 -1000 -1000 -10 -1 -1 -1
89 18461 Car -1 -1 -10 487.10 177.95 552.91 227.85 -1000 -1000 -1000 -10 -1 -1 -1
89 18462 Car -1 -1 -10 457.21 163.64 503.79 205.37 -1000 -1000 -1000 -10 -1 -1 -1
89 18463 Car -1 -1 -10 601.89 169.28 639.23 202.36 -1000 -1000 -1000 -10 -1 -1 -1
90 18464 Car -1 -1 -10 482.81 178.79 551.54 228.39 -1000 -1000 -1000 -10 -1 -1 -1
90 18465 Car -1 -1 -10 601.77 169.67 639.38 202.22 -1000 -1000 -1000 -10 -1 -1 -1
91 18466 Car -1 -1 -10 477.35 177.82 552.25 231.54 -1000 -1000 -1000 -10 -1 -1 -1
91 18467 Car -1 -1 -10 415.15 162.57 478.77 216.31 -1000 -1000 -1000 -10 -1 -1 -1
91 18468 Car -1 -1 -10 600.52 168.72 639.07 201.65 -1000 -1000 -1000 -10 -1 -1 -1
92 18469 Car -1 -1 -10 474.28 178.39 549.45 233.21 -1000 -1000 -1000 -10 -1 -1 -1
92 18470 Car -1 -1 -10 603.02 169.75 639.41 202.65 -1000 -1000 -1000 -10 -1 -1 -1
92 18471 Car -1 -1 -10 385.17 159.93 470.84 225.13 -1000 -1000 -1000 -10 -1 -1 -1
93 18472 Car -1 -1 -10 471.72 179.87 545.88 235.23 -1000 -1000 -1000 -10 -1 -1 -1
93 18473 Car -1 -1 -10 348.89 160.27 455.35 234.23 -1000 -1000 -1000 -10 -1 -1 -1
94 18474 Car -1 -1 -10 467.87 181.33 545.12 237.14 -1000 -1000 -1000 -10 -1 -1 -1
94 18475 Car -1 -1 -10 606.80 172.13 639.94 203.57 -1000 -1000 -1000 -10 -1 -1 -1
94 18476 Car -1 -1 -10 273.17 158.92 431.66 249.45 -1000 -1000 -1000 -10 -1 -1 -1
95 18477 Car -1 -1 -10 463.31 182.09 543.86 239.37 -1000 -1000 -1000 -10 -1 -1 -1
95 18478 Car -1 -1 -10 209.74 157.34 395.00 270.60 -1000 -1000 -1000 -10 -1 -1 -1
95 18479 Car -1 -1 -10 604.49 172.43 641.11 204.26 -1000 -1000 -1000 -10 -1 -1 -1
96 18480 Car -1 -1 -10 458.45 181.58 543.64 241.35 -1000 -1000 -1000 -10 -1 -1 -1
96 18481 Car -1 -1 -10 603.25 171.77 643.25 206.80 -1000 -1000 -1000 -10 -1 -1 -1
96 18482 Car -1 -1 -10 60.84 151.69 346.06 304.28 -1000 -1000 -1000 -10 -1 -1 -1
96 18483 Car -1 -1 -10 63.96 153.21 346.54 302.22 -1000 -1000 -1000 -10 -1 -1 -1
97 18484 Car -1 -1 -10 0.40 148.72 263.82 364.72 -1000 -1000 -1000 -10 -1 -1 -1
97 18485 Car -1 -1 -10 455.66 181.05 545.71 243.46 -1000 -1000 -1000 -10 -1 -1 -1
97 18486 Car -1 -1 -10 601.52 172.29 643.88 208.12 -1000 -1000 -1000 -10 -1 -1 -1
98 18487 Car -1 -1 -10 450.33 181.37 544.72 246.70 -1000 -1000 -1000 -10 -1 -1 -1
98 18488 Car -1 -1 -10 0.18 142.62 105.98 370.89 -1000 -1000 -1000 -10 -1 -1 -1
98 18489 Car -1 -1 -10 599.90 173.05 643.13 208.16 -1000 -1000 -1000 -10 -1 -1 -1
99 18490 Car -1 -1 -10 445.97 183.43 543.53 249.17 -1000 -1000 -1000 -10 -1 -1 -1
99 18491 Car -1 -1 -10 564.45 170.40 599.86 200.87 -1000 -1000 -1000 -10 -1 -1 -1
99 18492 Car -1 -1 -10 601.59 171.28 643.72 208.47 -1000 -1000 -1000 -10 -1 -1 -1
100 18493 Car -1 -1 -10 440.48 184.09 539.97 254.02 -1000 -1000 -1000 -10 -1 -1 -1
100 18494 Car -1 -1 -10 564.66 171.54 598.28 201.92 -1000 -1000 -1000 -10 -1 -1 -1
100 18495 Car -1 -1 -10 519.68 182.10 565.14 218.39 -1000 -1000 -1000 -10 -1 -1 -1
100 18496 Car -1 -1 -10 601.54 172.94 643.89 207.12 -1000 -1000 -1000 -10 -1 -1 -1
101 18497 Car -1 -1 -10 435.87 185.17 536.00 256.52 -1000 -1000 -1000 -10 -1 -1 -1
101 18498 Car -1 -1 -10 517.15 181.17 564.24 218.07 -1000 -1000 -1000 -10 -1 -1 -1
101 18499 Car -1 -1 -10 600.97 172.07 644.77 207.80 -1000 -1000 -1000 -10 -1 -1 -1
101 18500 Car -1 -1 -10 564.13 172.70 597.50 203.82 -1000 -1000 -1000 -10 -1 -1 -1
102 18501 Car -1 -1 -10 430.68 183.78 535.37 258.66 -1000 -1000 -1000 -10 -1 -1 -1
102 18502 Car -1 -1 -10 599.19 174.46 645.55 210.57 -1000 -1000 -1000 -10 -1 -1 -1
102 18503 Car -1 -1 -10 517.62 180.72 563.55 217.28 -1000 -1000 -1000 -10 -1 -1 -1
102 18504 Car -1 -1 -10 563.84 173.50 598.87 202.81 -1000 -1000 -1000 -10 -1 -1 -1
103 18505 Car -1 -1 -10 426.68 186.78 528.09 263.66 -1000 -1000 -1000 -10 -1 -1 -1
103 18506 Car -1 -1 -10 515.39 180.81 563.16 219.62 -1000 -1000 -1000 -10 -1 -1 -1
103 18507 Car -1 -1 -10 563.84 170.94 596.44 202.56 -1000 -1000 -1000 -10 -1 -1 -1
103 18508 Car -1 -1 -10 602.79 174.26 646.72 209.51 -1000 -1000 -1000 -10 -1 -1 -1
104 18509 Car -1 -1 -10 418.94 188.83 531.55 264.62 -1000 -1000 -1000 -10 -1 -1 -1
104 18510 Car -1 -1 -10 513.25 179.38 562.89 220.89 -1000 -1000 -1000 -10 -1 -1 -1
104 18511 Car -1 -1 -10 599.38 174.07 646.80 213.63 -1000 -1000 -1000 -10 -1 -1 -1
104 18512 Car -1 -1 -10 563.58 173.47 597.63 202.52 -1000 -1000 -1000 -10 -1 -1 -1
105 18513 Car -1 -1 -10 412.49 187.81 517.01 267.59 -1000 -1000 -1000 -10 -1 -1 -1
105 18514 Car -1 -1 -10 600.51 172.36 645.10 211.79 -1000 -1000 -1000 -10 -1 -1 -1
105 18515 Car -1 -1 -10 510.30 179.36 559.95 221.19 -1000 -1000 -1000 -10 -1 -1 -1
105 18516 Car -1 -1 -10 563.58 171.82 599.10 202.63 -1000 -1000 -1000 -10 -1 -1 -1
106 18517 Car -1 -1 -10 406.40 186.89 516.98 271.06 -1000 -1000 -1000 -10 -1 -1 -1
106 18518 Car -1 -1 -10 598.91 172.11 646.28 209.92 -1000 -1000 -1000 -10 -1 -1 -1
106 18519 Car -1 -1 -10 509.46 180.61 558.46 221.88 -1000 -1000 -1000 -10 -1 -1 -1
106 18520 Car -1 -1 -10 562.29 170.88 598.58 203.59 -1000 -1000 -1000 -10 -1 -1 -1
107 18521 Car -1 -1 -10 398.97 186.25 531.06 271.42 -1000 -1000 -1000 -10 -1 -1 -1
107 18522 Car -1 -1 -10 598.62 171.16 646.72 208.49 -1000 -1000 -1000 -10 -1 -1 -1
107 18523 Car -1 -1 -10 505.72 180.13 556.61 222.28 -1000 -1000 -1000 -10 -1 -1 -1
107 18524 Car -1 -1 -10 561.77 170.23 597.68 202.81 -1000 -1000 -1000 -10 -1 -1 -1
108 18525 Car -1 -1 -10 392.50 184.48 528.26 274.54 -1000 -1000 -1000 -10 -1 -1 -1
108 18526 Car -1 -1 -10 598.38 169.83 644.37 207.27 -1000 -1000 -1000 -10 -1 -1 -1
108 18527 Car -1 -1 -10 502.78 179.88 555.94 224.58 -1000 -1000 -1000 -10 -1 -1 -1
108 18528 Car -1 -1 -10 561.54 169.78 595.63 202.20 -1000 -1000 -1000 -10 -1 -1 -1
109 18529 Car -1 -1 -10 385.75 185.99 526.66 279.53 -1000 -1000 -1000 -10 -1 -1 -1
109 18530 Car -1 -1 -10 598.10 169.68 644.57 207.16 -1000 -1000 -1000 -10 -1 -1 -1
109 18531 Car -1 -1 -10 497.83 177.73 556.06 225.15 -1000 -1000 -1000 -10 -1 -1 -1
109 18532 Car -1 -1 -10 561.57 168.05 596.38 200.89 -1000 -1000 -1000 -10 -1 -1 -1
110 18533 Car -1 -1 -10 375.53 185.31 525.01 283.22 -1000 -1000 -1000 -10 -1 -1 -1
110 18534 Car -1 -1 -10 495.77 177.56 555.27 224.09 -1000 -1000 -1000 -10 -1 -1 -1
110 18535 Car -1 -1 -10 597.71 170.55 643.84 206.79 -1000 -1000 -1000 -10 -1 -1 -1
111 18536 Car -1 -1 -10 367.67 186.04 523.04 286.79 -1000 -1000 -1000 -10 -1 -1 -1
111 18537 Car -1 -1 -10 493.73 178.50 553.80 224.19 -1000 -1000 -1000 -10 -1 -1 -1
111 18538 Car -1 -1 -10 558.97 168.16 596.41 200.46 -1000 -1000 -1000 -10 -1 -1 -1
111 18539 Car -1 -1 -10 595.63 169.22 643.56 206.63 -1000 -1000 -1000 -10 -1 -1 -1
112 18540 Car -1 -1 -10 356.09 185.52 521.80 292.77 -1000 -1000 -1000 -10 -1 -1 -1
112 18541 Car -1 -1 -10 490.56 178.37 551.69 225.59 -1000 -1000 -1000 -10 -1 -1 -1
112 18542 Car -1 -1 -10 594.31 169.57 644.98 206.92 -1000 -1000 -1000 -10 -1 -1 -1
112 18543 Car -1 -1 -10 558.28 167.63 596.02 200.86 -1000 -1000 -1000 -10 -1 -1 -1
113 18544 Car -1 -1 -10 348.51 186.43 519.43 295.11 -1000 -1000 -1000 -10 -1 -1 -1
113 18545 Car -1 -1 -10 488.74 178.26 551.81 227.32 -1000 -1000 -1000 -10 -1 -1 -1
113 18546 Car -1 -1 -10 557.39 167.02 594.56 201.61 -1000 -1000 -1000 -10 -1 -1 -1
113 18547 Car -1 -1 -10 595.16 169.63 645.42 208.04 -1000 -1000 -1000 -10 -1 -1 -1
114 18548 Car -1 -1 -10 338.89 185.15 514.19 299.14 -1000 -1000 -1000 -10 -1 -1 -1
114 18549 Car -1 -1 -10 485.24 177.80 549.74 227.62 -1000 -1000 -1000 -10 -1 -1 -1
114 18550 Car -1 -1 -10 557.07 165.68 595.35 201.50 -1000 -1000 -1000 -10 -1 -1 -1
114 18551 Car -1 -1 -10 593.38 167.21 643.23 207.21 -1000 -1000 -1000 -10 -1 -1 -1
115 18552 Car -1 -1 -10 327.72 185.39 511.57 302.83 -1000 -1000 -1000 -10 -1 -1 -1
115 18553 Car -1 -1 -10 479.18 176.16 550.13 229.41 -1000 -1000 -1000 -10 -1 -1 -1
115 18554 Car -1 -1 -10 556.82 166.02 595.07 201.78 -1000 -1000 -1000 -10 -1 -1 -1
115 18555 Car -1 -1 -10 592.68 166.68 644.47 207.62 -1000 -1000 -1000 -10 -1 -1 -1
116 18556 Car -1 -1 -10 317.66 188.28 509.50 309.16 -1000 -1000 -1000 -10 -1 -1 -1
116 18557 Car -1 -1 -10 478.81 177.20 548.94 231.31 -1000 -1000 -1000 -10 -1 -1 -1
116 18558 Car -1 -1 -10 556.07 167.85 591.81 201.41 -1000 -1000 -1000 -10 -1 -1 -1
116 18559 Car -1 -1 -10 591.30 167.36 645.05 207.58 -1000 -1000 -1000 -10 -1 -1 -1
117 18560 Car -1 -1 -10 308.00 186.59 508.86 314.92 -1000 -1000 -1000 -10 -1 -1 -1
117 18561 Car -1 -1 -10 477.31 177.23 549.17 232.03 -1000 -1000 -1000 -10 -1 -1 -1
117 18562 Car -1 -1 -10 555.52 167.05 591.15 201.45 -1000 -1000 -1000 -10 -1 -1 -1
118 18563 Car -1 -1 -10 296.32 187.07 506.64 318.27 -1000 -1000 -1000 -10 -1 -1 -1
118 18564 Car -1 -1 -10 475.48 177.01 549.24 232.99 -1000 -1000 -1000 -10 -1 -1 -1
118 18565 Car -1 -1 -10 554.92 167.44 592.93 202.28 -1000 -1000 -1000 -10 -1 -1 -1
119 18566 Car -1 -1 -10 288.05 188.18 504.20 325.08 -1000 -1000 -1000 -10 -1 -1 -1
119 18567 Car -1 -1 -10 476.31 177.10 547.04 232.95 -1000 -1000 -1000 -10 -1 -1 -1
119 18568 Car -1 -1 -10 554.19 167.61 591.73 202.60 -1000 -1000 -1000 -10 -1 -1 -1
120 18569 Car -1 -1 -10 279.27 185.51 500.81 325.88 -1000 -1000 -1000 -10 -1 -1 -1
120 18570 Car -1 -1 -10 474.31 177.45 546.89 234.74 -1000 -1000 -1000 -10 -1 -1 -1
120 18571 Car -1 -1 -10 553.36 167.53 593.56 204.25 -1000 -1000 -1000 -10 -1 -1 -1
120 18572 Car -1 -1 -10 595.18 168.64 645.21 208.18 -1000 -1000 -1000 -10 -1 -1 -1
121 18573 Car -1 -1 -10 269.41 185.22 498.19 329.60 -1000 -1000 -1000 -10 -1 -1 -1
121 18574 Car -1 -1 -10 471.10 178.24 545.39 235.26 -1000 -1000 -1000 -10 -1 -1 -1
121 18575 Car -1 -1 -10 593.14 168.83 646.42 212.27 -1000 -1000 -1000 -10 -1 -1 -1
121 18576 Car -1 -1 -10 551.91 167.63 594.71 204.10 -1000 -1000 -1000 -10 -1 -1 -1
122 18577 Car -1 -1 -10 261.74 186.40 496.14 333.76 -1000 -1000 -1000 -10 -1 -1 -1
122 18578 Car -1 -1 -10 469.32 178.54 544.03 235.27 -1000 -1000 -1000 -10 -1 -1 -1
122 18579 Car -1 -1 -10 552.26 167.10 593.55 203.49 -1000 -1000 -1000 -10 -1 -1 -1
122 18580 Car -1 -1 -10 593.98 168.27 646.32 211.97 -1000 -1000 -1000 -10 -1 -1 -1
123 18581 Car -1 -1 -10 253.78 188.64 496.55 336.23 -1000 -1000 -1000 -10 -1 -1 -1
123 18582 Car -1 -1 -10 466.37 177.62 542.91 235.40 -1000 -1000 -1000 -10 -1 -1 -1
123 18583 Car -1 -1 -10 594.26 168.25 644.59 211.74 -1000 -1000 -1000 -10 -1 -1 -1
123 18584 Car -1 -1 -10 551.76 166.69 592.87 204.12 -1000 -1000 -1000 -10 -1 -1 -1
124 18585 Car -1 -1 -10 247.21 185.77 494.40 339.00 -1000 -1000 -1000 -10 -1 -1 -1
124 18586 Car -1 -1 -10 463.37 177.27 543.71 234.74 -1000 -1000 -1000 -10 -1 -1 -1
124 18587 Car -1 -1 -10 594.75 168.31 644.65 211.82 -1000 -1000 -1000 -10 -1 -1 -1
124 18588 Car -1 -1 -10 550.27 166.22 592.28 204.77 -1000 -1000 -1000 -10 -1 -1 -1
125 18589 Car -1 -1 -10 241.01 188.34 493.03 341.33 -1000 -1000 -1000 -10 -1 -1 -1
125 18590 Car -1 -1 -10 462.56 176.27 542.56 235.38 -1000 -1000 -1000 -10 -1 -1 -1
125 18591 Car -1 -1 -10 590.30 167.99 645.61 212.64 -1000 -1000 -1000 -10 -1 -1 -1
125 18592 Car -1 -1 -10 548.75 164.96 591.87 203.45 -1000 -1000 -1000 -10 -1 -1 -1
126 18593 Car -1 -1 -10 234.13 189.77 490.54 344.79 -1000 -1000 -1000 -10 -1 -1 -1
126 18594 Car -1 -1 -10 462.08 176.13 542.33 234.91 -1000 -1000 -1000 -10 -1 -1 -1
126 18595 Car -1 -1 -10 590.33 168.18 644.14 213.09 -1000 -1000 -1000 -10 -1 -1 -1
126 18596 Car -1 -1 -10 547.65 165.12 591.43 202.13 -1000 -1000 -1000 -10 -1 -1 -1
127 18597 Car -1 -1 -10 227.30 188.48 487.09 345.13 -1000 -1000 -1000 -10 -1 -1 -1
127 18598 Car -1 -1 -10 461.15 176.43 540.51 235.19 -1000 -1000 -1000 -10 -1 -1 -1
127 18599 Car -1 -1 -10 547.58 167.27 586.56 202.46 -1000 -1000 -1000 -10 -1 -1 -1
127 18600 Car -1 -1 -10 588.54 168.29 641.63 213.30 -1000 -1000 -1000 -10 -1 -1 -1
128 18601 Car -1 -1 -10 221.99 189.92 485.37 348.82 -1000 -1000 -1000 -10 -1 -1 -1
128 18602 Car -1 -1 -10 458.89 177.03 538.85 237.45 -1000 -1000 -1000 -10 -1 -1 -1
128 18603 Car -1 -1 -10 547.15 168.82 588.39 204.93 -1000 -1000 -1000 -10 -1 -1 -1
128 18604 Car -1 -1 -10 585.51 170.10 642.90 215.00 -1000 -1000 -1000 -10 -1 -1 -1
129 18605 Car -1 -1 -10 215.72 190.04 484.17 352.07 -1000 -1000 -1000 -10 -1 -1 -1
129 18606 Car -1 -1 -10 455.38 178.41 537.56 239.77 -1000 -1000 -1000 -10 -1 -1 -1
129 18607 Car -1 -1 -10 587.15 170.65 641.36 214.60 -1000 -1000 -1000 -10 -1 -1 -1
129 18608 Car -1 -1 -10 546.64 168.65 585.85 204.77 -1000 -1000 -1000 -10 -1 -1 -1
130 18609 Car -1 -1 -10 209.26 191.16 483.19 356.20 -1000 -1000 -1000 -10 -1 -1 -1
130 18610 Car -1 -1 -10 453.49 179.72 536.49 242.60 -1000 -1000 -1000 -10 -1 -1 -1
130 18611 Car -1 -1 -10 588.03 171.67 641.73 216.90 -1000 -1000 -1000 -10 -1 -1 -1
130 18612 Car -1 -1 -10 544.83 171.60 587.01 206.03 -1000 -1000 -1000 -10 -1 -1 -1
131 18613 Car -1 -1 -10 202.98 191.59 482.38 358.04 -1000 -1000 -1000 -10 -1 -1 -1
131 18614 Car -1 -1 -10 451.75 179.96 535.49 242.60 -1000 -1000 -1000 -10 -1 -1 -1
131 18615 Car -1 -1 -10 588.72 171.12 642.41 216.51 -1000 -1000 -1000 -10 -1 -1 -1
131 18616 Car -1 -1 -10 545.23 170.78 586.29 205.82 -1000 -1000 -1000 -10 -1 -1 -1
132 18617 Car -1 -1 -10 196.31 195.43 480.44 359.33 -1000 -1000 -1000 -10 -1 -1 -1
132 18618 Car -1 -1 -10 450.81 180.81 534.34 244.13 -1000 -1000 -1000 -10 -1 -1 -1
132 18619 Car -1 -1 -10 544.62 170.62 586.88 207.19 -1000 -1000 -1000 -10 -1 -1 -1
132 18620 Car -1 -1 -10 588.10 171.71 640.56 216.31 -1000 -1000 -1000 -10 -1 -1 -1
133 18621 Car -1 -1 -10 187.68 192.74 479.30 361.74 -1000 -1000 -1000 -10 -1 -1 -1
133 18622 Car -1 -1 -10 448.41 181.76 533.37 244.76 -1000 -1000 -1000 -10 -1 -1 -1
133 18623 Car -1 -1 -10 543.09 170.18 583.01 207.50 -1000 -1000 -1000 -10 -1 -1 -1
133 18624 Car -1 -1 -10 589.78 171.29 638.35 212.00 -1000 -1000 -1000 -10 -1 -1 -1
134 18625 Car -1 -1 -10 182.35 193.26 477.84 362.55 -1000 -1000 -1000 -10 -1 -1 -1
134 18626 Car -1 -1 -10 445.66 181.23 531.36 245.02 -1000 -1000 -1000 -10 -1 -1 -1
134 18627 Car -1 -1 -10 541.93 170.45 583.53 207.25 -1000 -1000 -1000 -10 -1 -1 -1
134 18628 Car -1 -1 -10 588.90 171.69 637.82 212.67 -1000 -1000 -1000 -10 -1 -1 -1
135 18629 Car -1 -1 -10 172.93 193.93 474.06 366.37 -1000 -1000 -1000 -10 -1 -1 -1
135 18630 Car -1 -1 -10 443.97 180.85 530.72 244.29 -1000 -1000 -1000 -10 -1 -1 -1
135 18631 Car -1 -1 -10 541.61 168.69 585.59 208.92 -1000 -1000 -1000 -10 -1 -1 -1
136 18632 Car -1 -1 -10 164.14 193.59 471.61 368.73 -1000 -1000 -1000 -10 -1 -1 -1
136 18633 Car -1 -1 -10 442.02 181.40 530.41 245.49 -1000 -1000 -1000 -10 -1 -1 -1
136 18634 Car -1 -1 -10 586.31 173.81 636.98 217.48 -1000 -1000 -1000 -10 -1 -1 -1
136 18635 Car -1 -1 -10 541.35 168.99 583.98 206.94 -1000 -1000 -1000 -10 -1 -1 -1
137 18636 Car -1 -1 -10 155.16 192.03 470.01 370.15 -1000 -1000 -1000 -10 -1 -1 -1
137 18637 Car -1 -1 -10 441.64 181.49 528.21 246.64 -1000 -1000 -1000 -10 -1 -1 -1
137 18638 Car -1 -1 -10 580.66 174.40 637.93 218.74 -1000 -1000 -1000 -10 -1 -1 -1
137 18639 Car -1 -1 -10 540.35 171.65 580.54 205.69 -1000 -1000 -1000 -10 -1 -1 -1
138 18640 Car -1 -1 -10 146.21 194.75 468.13 371.29 -1000 -1000 -1000 -10 -1 -1 -1
138 18641 Car -1 -1 -10 439.21 181.00 527.55 247.20 -1000 -1000 -1000 -10 -1 -1 -1
138 18642 Car -1 -1 -10 539.74 170.47 578.71 204.90 -1000 -1000 -1000 -10 -1 -1 -1
138 18643 Car -1 -1 -10 577.73 174.03 638.45 218.37 -1000 -1000 -1000 -10 -1 -1 -1
139 18644 Car -1 -1 -10 135.73 194.05 466.23 370.52 -1000 -1000 -1000 -10 -1 -1 -1
139 18645 Car -1 -1 -10 435.07 180.76 526.56 248.18 -1000 -1000 -1000 -10 -1 -1 -1
139 18646 Car -1 -1 -10 579.85 174.92 637.48 220.28 -1000 -1000 -1000 -10 -1 -1 -1
139 18647 Car -1 -1 -10 537.30 171.01 579.46 207.08 -1000 -1000 -1000 -10 -1 -1 -1
140 18648 Car -1 -1 -10 123.76 197.46 462.88 370.65 -1000 -1000 -1000 -10 -1 -1 -1
140 18649 Car -1 -1 -10 432.94 182.63 526.54 247.83 -1000 -1000 -1000 -10 -1 -1 -1
140 18650 Car -1 -1 -10 535.98 171.03 580.37 209.07 -1000 -1000 -1000 -10 -1 -1 -1
140 18651 Car -1 -1 -10 581.35 172.29 637.48 220.52 -1000 -1000 -1000 -10 -1 -1 -1
141 18652 Car -1 -1 -10 110.60 196.67 460.76 370.71 -1000 -1000 -1000 -10 -1 -1 -1
141 18653 Car -1 -1 -10 430.13 182.61 524.97 249.03 -1000 -1000 -1000 -10 -1 -1 -1
141 18654 Car -1 -1 -10 578.84 173.55 637.88 222.41 -1000 -1000 -1000 -10 -1 -1 -1
141 18655 Car -1 -1 -10 535.37 171.89 578.90 208.50 -1000 -1000 -1000 -10 -1 -1 -1
142 18656 Car -1 -1 -10 98.18 195.68 456.93 371.06 -1000 -1000 -1000 -10 -1 -1 -1
142 18657 Car -1 -1 -10 429.14 182.65 524.04 249.26 -1000 -1000 -1000 -10 -1 -1 -1
142 18658 Car -1 -1 -10 535.85 170.57 580.49 209.15 -1000 -1000 -1000 -10 -1 -1 -1
142 18659 Car -1 -1 -10 579.95 174.85 638.01 221.61 -1000 -1000 -1000 -10 -1 -1 -1
143 18660 Car -1 -1 -10 84.32 196.03 454.04 371.22 -1000 -1000 -1000 -10 -1 -1 -1
143 18661 Car -1 -1 -10 426.78 182.76 522.89 250.94 -1000 -1000 -1000 -10 -1 -1 -1
143 18662 Car -1 -1 -10 579.08 173.59 637.27 222.11 -1000 -1000 -1000 -10 -1 -1 -1
143 18663 Car -1 -1 -10 535.38 171.17 578.41 209.24 -1000 -1000 -1000 -10 -1 -1 -1
144 18664 Car -1 -1 -10 69.77 196.96 451.43 371.06 -1000 -1000 -1000 -10 -1 -1 -1
144 18665 Car -1 -1 -10 423.59 182.53 522.89 251.59 -1000 -1000 -1000 -10 -1 -1 -1
144 18666 Car -1 -1 -10 578.75 172.06 637.13 221.90 -1000 -1000 -1000 -10 -1 -1 -1
144 18667 Car -1 -1 -10 534.73 171.22 578.52 210.33 -1000 -1000 -1000 -10 -1 -1 -1
145 18668 Car -1 -1 -10 55.80 198.01 448.02 371.78 -1000 -1000 -1000 -10 -1 -1 -1
145 18669 Car -1 -1 -10 424.29 182.70 523.69 250.21 -1000 -1000 -1000 -10 -1 -1 -1
145 18670 Car -1 -1 -10 578.65 172.16 638.66 221.49 -1000 -1000 -1000 -10 -1 -1 -1
145 18671 Car -1 -1 -10 535.18 170.00 581.53 209.79 -1000 -1000 -1000 -10 -1 -1 -1
146 18672 Car -1 -1 -10 39.33 198.18 444.36 371.40 -1000 -1000 -1000 -10 -1 -1 -1
146 18673 Car -1 -1 -10 424.79 183.18 516.84 252.80 -1000 -1000 -1000 -10 -1 -1 -1
146 18674 Car -1 -1 -10 577.57 172.41 637.14 222.30 -1000 -1000 -1000 -10 -1 -1 -1
146 18675 Car -1 -1 -10 532.43 170.82 580.76 209.93 -1000 -1000 -1000 -10 -1 -1 -1
147 18676 Car -1 -1 -10 22.12 197.15 441.41 370.55 -1000 -1000 -1000 -10 -1 -1 -1
147 18677 Car -1 -1 -10 577.52 173.64 636.33 222.01 -1000 -1000 -1000 -10 -1 -1 -1
147 18678 Car -1 -1 -10 533.42 170.47 581.21 209.88 -1000 -1000 -1000 -10 -1 -1 -1
147 18679 Car -1 -1 -10 422.00 183.15 520.54 251.85 -1000 -1000 -1000 -10 -1 -1 -1
148 18680 Car -1 -1 -10 4.10 196.90 438.75 370.79 -1000 -1000 -1000 -10 -1 -1 -1
148 18681 Car -1 -1 -10 576.93 174.45 637.08 223.81 -1000 -1000 -1000 -10 -1 -1 -1
148 18682 Car -1 -1 -10 422.26 184.34 513.17 254.16 -1000 -1000 -1000 -10 -1 -1 -1
148 18683 Car -1 -1 -10 532.49 170.69 579.64 210.31 -1000 -1000 -1000 -10 -1 -1 -1
149 18684 Car -1 -1 -10 421.33 183.99 515.10 254.43 -1000 -1000 -1000 -10 -1 -1 -1
149 18685 Car -1 -1 -10 576.96 174.07 637.51 223.96 -1000 -1000 -1000 -10 -1 -1 -1
149 18686 Car -1 -1 -10 0.50 198.12 436.89 370.98 -1000 -1000 -1000 -10 -1 -1 -1
149 18687 Car -1 -1 -10 533.15 170.56 579.76 209.88 -1000 -1000 -1000 -10 -1 -1 -1
150 18688 Car -1 -1 -10 420.31 182.53 513.59 256.67 -1000 -1000 -1000 -10 -1 -1 -1
150 18689 Car -1 -1 -10 577.29 174.10 637.15 223.54 -1000 -1000 -1000 -10 -1 -1 -1
150 18690 Car -1 -1 -10 0.00 198.31 433.47 372.35 -1000 -1000 -1000 -10 -1 -1 -1
150 18691 Car -1 -1 -10 533.32 170.19 578.73 209.40 -1000 -1000 -1000 -10 -1 -1 -1
150 18692 Car -1 -1 -10 481.26 176.64 524.64 218.20 -1000 -1000 -1000 -10 -1 -1 -1
151 18693 Car -1 -1 -10 0.67 199.51 431.99 371.94 -1000 -1000 -1000 -10 -1 -1 -1
151 18694 Car -1 -1 -10 577.49 173.75 638.99 223.33 -1000 -1000 -1000 -10 -1 -1 -1
151 18695 Car -1 -1 -10 532.91 170.25 579.64 209.68 -1000 -1000 -1000 -10 -1 -1 -1
151 18696 Car -1 -1 -10 419.61 182.06 514.13 256.45 -1000 -1000 -1000 -10 -1 -1 -1
152 18697 Car -1 -1 -10 419.59 179.69 520.16 253.07 -1000 -1000 -1000 -10 -1 -1 -1
152 18698 Car -1 -1 -10 577.91 173.71 639.16 222.75 -1000 -1000 -1000 -10 -1 -1 -1
152 18699 Car -1 -1 -10 532.81 170.31 581.13 209.99 -1000 -1000 -1000 -10 -1 -1 -1
152 18700 Car -1 -1 -10 0.34 197.56 428.67 372.07 -1000 -1000 -1000 -10 -1 -1 -1
153 18701 Car -1 -1 -10 418.59 178.88 521.01 255.22 -1000 -1000 -1000 -10 -1 -1 -1
153 18702 Car -1 -1 -10 577.55 173.34 637.56 222.75 -1000 -1000 -1000 -10 -1 -1 -1
153 18703 Car -1 -1 -10 532.10 169.90 581.15 210.23 -1000 -1000 -1000 -10 -1 -1 -1
153 18704 Car -1 -1 -10 0.00 199.25 426.11 372.18 -1000 -1000 -1000 -10 -1 -1 -1
154 18705 Car -1 -1 -10 0.34 200.09 422.81 371.55 -1000 -1000 -1000 -10 -1 -1 -1
154 18706 Car -1 -1 -10 418.64 179.99 518.44 255.26 -1000 -1000 -1000 -10 -1 -1 -1
154 18707 Car -1 -1 -10 577.17 173.20 637.24 223.48 -1000 -1000 -1000 -10 -1 -1 -1
154 18708 Car -1 -1 -10 531.44 170.22 578.18 209.43 -1000 -1000 -1000 -10 -1 -1 -1
155 18709 Car -1 -1 -10 417.89 180.17 519.62 257.12 -1000 -1000 -1000 -10 -1 -1 -1
155 18710 Car -1 -1 -10 578.33 173.17 637.63 224.59 -1000 -1000 -1000 -10 -1 -1 -1
155 18711 Car -1 -1 -10 529.38 169.50 580.57 211.04 -1000 -1000 -1000 -10 -1 -1 -1
155 18712 Car -1 -1 -10 0.00 200.67 421.01 371.03 -1000 -1000 -1000 -10 -1 -1 -1
156 18713 Car -1 -1 -10 413.39 180.06 519.27 257.61 -1000 -1000 -1000 -10 -1 -1 -1
156 18714 Car -1 -1 -10 0.38 200.77 421.90 369.29 -1000 -1000 -1000 -10 -1 -1 -1
156 18715 Car -1 -1 -10 578.49 175.93 636.98 224.20 -1000 -1000 -1000 -10 -1 -1 -1
156 18716 Car -1 -1 -10 528.11 169.33 579.02 211.33 -1000 -1000 -1000 -10 -1 -1 -1
157 18717 Car -1 -1 -10 411.29 182.41 517.71 256.58 -1000 -1000 -1000 -10 -1 -1 -1
157 18718 Car -1 -1 -10 580.10 173.33 637.03 225.50 -1000 -1000 -1000 -10 -1 -1 -1
157 18719 Car -1 -1 -10 0.00 200.07 419.95 369.39 -1000 -1000 -1000 -10 -1 -1 -1
157 18720 Car -1 -1 -10 524.90 171.72 575.57 211.28 -1000 -1000 -1000 -10 -1 -1 -1
158 18721 Car -1 -1 -10 414.56 181.97 518.81 256.31 -1000 -1000 -1000 -10 -1 -1 -1
158 18722 Car -1 -1 -10 575.52 173.83 638.85 225.47 -1000 -1000 -1000 -10 -1 -1 -1
159 18723 Car -1 -1 -10 413.56 183.29 518.96 256.10 -1000 -1000 -1000 -10 -1 -1 -1
159 18724 Car -1 -1 -10 0.00 201.49 419.40 369.63 -1000 -1000 -1000 -10 -1 -1 -1
159 18725 Car -1 -1 -10 576.07 173.49 637.61 225.18 -1000 -1000 -1000 -10 -1 -1 -1
159 18726 Car -1 -1 -10 361.69 184.14 432.56 230.10 -1000 -1000 -1000 -10 -1 -1 -1
160 18727 Car -1 -1 -10 412.37 184.59 514.78 259.10 -1000 -1000 -1000 -10 -1 -1 -1
160 18728 Car -1 -1 -10 0.34 201.46 416.33 369.31 -1000 -1000 -1000 -10 -1 -1 -1
160 18729 Car -1 -1 -10 576.27 174.22 640.96 225.59 -1000 -1000 -1000 -10 -1 -1 -1
160 18730 Car -1 -1 -10 349.27 183.20 432.94 232.29 -1000 -1000 -1000 -10 -1 -1 -1
161 18731 Car -1 -1 -10 416.19 185.90 514.42 259.47 -1000 -1000 -1000 -10 -1 -1 -1
161 18732 Car -1 -1 -10 0.00 201.56 418.00 369.58 -1000 -1000 -1000 -10 -1 -1 -1
161 18733 Car -1 -1 -10 578.49 175.79 642.58 226.13 -1000 -1000 -1000 -10 -1 -1 -1
161 18734 Car -1 -1 -10 534.01 174.34 580.46 216.33 -1000 -1000 -1000 -10 -1 -1 -1
162 18735 Car -1 -1 -10 416.77 186.86 516.06 258.93 -1000 -1000 -1000 -10 -1 -1 -1
162 18736 Car -1 -1 -10 299.37 187.47 400.77 251.17 -1000 -1000 -1000 -10 -1 -1 -1
162 18737 Car -1 -1 -10 120.79 200.97 415.74 370.50 -1000 -1000 -1000 -10 -1 -1 -1
162 18738 Car -1 -1 -10 579.78 174.94 643.46 226.42 -1000 -1000 -1000 -10 -1 -1 -1
162 18739 Car -1 -1 -10 534.47 175.28 582.90 217.46 -1000 -1000 -1000 -10 -1 -1 -1
162 18740 Car -1 -1 -10 499.15 173.62 537.06 211.63 -1000 -1000 -1000 -10 -1 -1 -1
163 18741 Car -1 -1 -10 416.82 186.82 516.87 261.24 -1000 -1000 -1000 -10 -1 -1 -1
163 18742 Car -1 -1 -10 492.84 173.77 533.73 213.14 -1000 -1000 -1000 -10 -1 -1 -1
163 18743 Car -1 -1 -10 533.47 177.83 577.76 218.64 -1000 -1000 -1000 -10 -1 -1 -1
164 18744 Car -1 -1 -10 416.82 186.84 516.50 262.22 -1000 -1000 -1000 -10 -1 -1 -1
164 18745 Car -1 -1 -10 97.42 196.68 413.52 370.17 -1000 -1000 -1000 -10 -1 -1 -1
164 18746 Car -1 -1 -10 487.22 173.78 531.22 213.33 -1000 -1000 -1000 -10 -1 -1 -1
164 18747 Car -1 -1 -10 533.75 176.21 577.66 217.88 -1000 -1000 -1000 -10 -1 -1 -1
165 18748 Car -1 -1 -10 416.78 188.12 515.26 261.86 -1000 -1000 -1000 -10 -1 -1 -1
165 18749 Car -1 -1 -10 0.68 196.34 414.16 369.52 -1000 -1000 -1000 -10 -1 -1 -1
165 18750 Car -1 -1 -10 533.27 173.81 581.08 218.00 -1000 -1000 -1000 -10 -1 -1 -1
166 18751 Car -1 -1 -10 417.11 187.99 510.48 263.18 -1000 -1000 -1000 -10 -1 -1 -1
166 18752 Car -1 -1 -10 0.19 200.70 410.64 368.11 -1000 -1000 -1000 -10 -1 -1 -1
166 18753 Car -1 -1 -10 533.16 174.21 581.46 219.75 -1000 -1000 -1000 -10 -1 -1 -1
167 18754 Car -1 -1 -10 416.19 188.11 511.66 263.22 -1000 -1000 -1000 -10 -1 -1 -1
167 18755 Car -1 -1 -10 0.55 206.62 411.47 368.97 -1000 -1000 -1000 -10 -1 -1 -1
167 18756 Car -1 -1 -10 532.25 175.20 580.93 218.95 -1000 -1000 -1000 -10 -1 -1 -1
168 18757 Car -1 -1 -10 415.90 188.82 511.90 263.13 -1000 -1000 -1000 -10 -1 -1 -1
168 18758 Car -1 -1 -10 0.01 208.58 409.69 368.35 -1000 -1000 -1000 -10 -1 -1 -1
168 18759 Car -1 -1 -10 531.92 174.31 581.99 219.32 -1000 -1000 -1000 -10 -1 -1 -1
168 18760 Car -1 -1 -10 587.11 179.00 645.54 227.05 -1000 -1000 -1000 -10 -1 -1 -1
169 18761 Car -1 -1 -10 415.44 184.78 512.46 263.99 -1000 -1000 -1000 -10 -1 -1 -1
169 18762 Car -1 -1 -10 0.14 209.47 407.14 368.91 -1000 -1000 -1000 -10 -1 -1 -1
169 18763 Car -1 -1 -10 531.68 175.19 580.45 219.73 -1000 -1000 -1000 -10 -1 -1 -1
169 18764 Car -1 -1 -10 586.14 178.10 646.82 229.17 -1000 -1000 -1000 -10 -1 -1 -1
170 18765 Car -1 -1 -10 411.49 185.78 514.43 264.09 -1000 -1000 -1000 -10 -1 -1 -1
170 18766 Car -1 -1 -10 0.00 210.54 406.28 369.40 -1000 -1000 -1000 -10 -1 -1 -1
170 18767 Car -1 -1 -10 530.89 175.61 580.38 220.11 -1000 -1000 -1000 -10 -1 -1 -1
170 18768 Car -1 -1 -10 586.18 179.01 647.00 230.20 -1000 -1000 -1000 -10 -1 -1 -1
171 18769 Car -1 -1 -10 410.74 186.17 515.19 263.70 -1000 -1000 -1000 -10 -1 -1 -1
171 18770 Car -1 -1 -10 0.00 209.38 405.78 369.64 -1000 -1000 -1000 -10 -1 -1 -1
171 18771 Car -1 -1 -10 530.38 174.05 581.77 220.12 -1000 -1000 -1000 -10 -1 -1 -1
171 18772 Car -1 -1 -10 399.99 171.03 475.30 225.31 -1000 -1000 -1000 -10 -1 -1 -1
171 18773 Car -1 -1 -10 481.12 180.21 523.71 218.08 -1000 -1000 -1000 -10 -1 -1 -1
171 18774 Car -1 -1 -10 587.83 178.76 645.79 229.58 -1000 -1000 -1000 -10 -1 -1 -1
172 18775 Car -1 -1 -10 413.05 186.09 519.26 264.38 -1000 -1000 -1000 -10 -1 -1 -1
172 18776 Car -1 -1 -10 0.22 211.37 404.42 369.61 -1000 -1000 -1000 -10 -1 -1 -1
172 18777 Car -1 -1 -10 529.32 174.30 581.44 219.10 -1000 -1000 -1000 -10 -1 -1 -1
172 18778 Car -1 -1 -10 369.26 171.09 466.64 229.66 -1000 -1000 -1000 -10 -1 -1 -1
172 18779 Car -1 -1 -10 589.44 176.01 647.53 226.38 -1000 -1000 -1000 -10 -1 -1 -1
173 18780 Car -1 -1 -10 411.23 184.64 521.31 264.45 -1000 -1000 -1000 -10 -1 -1 -1
173 18781 Car -1 -1 -10 0.09 210.31 402.65 370.23 -1000 -1000 -1000 -10 -1 -1 -1
173 18782 Car -1 -1 -10 529.19 171.82 581.19 219.32 -1000 -1000 -1000 -10 -1 -1 -1
173 18783 Car -1 -1 -10 356.32 170.95 444.81 232.67 -1000 -1000 -1000 -10 -1 -1 -1
173 18784 Car -1 -1 -10 587.02 176.88 647.72 228.74 -1000 -1000 -1000 -10 -1 -1 -1
174 18785 Car -1 -1 -10 0.00 211.27 400.46 369.17 -1000 -1000 -1000 -10 -1 -1 -1
174 18786 Car -1 -1 -10 405.75 182.72 520.39 265.62 -1000 -1000 -1000 -10 -1 -1 -1
174 18787 Car -1 -1 -10 323.18 169.17 434.65 240.75 -1000 -1000 -1000 -10 -1 -1 -1
174 18788 Car -1 -1 -10 528.41 172.57 580.78 218.63 -1000 -1000 -1000 -10 -1 -1 -1
174 18789 Car -1 -1 -10 587.02 175.48 648.45 226.03 -1000 -1000 -1000 -10 -1 -1 -1
175 18790 Car -1 -1 -10 407.13 182.02 524.34 267.88 -1000 -1000 -1000 -10 -1 -1 -1
175 18791 Car -1 -1 -10 0.52 213.14 399.89 370.61 -1000 -1000 -1000 -10 -1 -1 -1
175 18792 Car -1 -1 -10 527.38 174.97 582.90 219.09 -1000 -1000 -1000 -10 -1 -1 -1
175 18793 Car -1 -1 -10 585.53 175.56 650.32 226.63 -1000 -1000 -1000 -10 -1 -1 -1
175 18794 Car -1 -1 -10 280.90 171.29 419.40 249.29 -1000 -1000 -1000 -10 -1 -1 -1
176 18795 Car -1 -1 -10 406.74 181.50 522.74 268.41 -1000 -1000 -1000 -10 -1 -1 -1
176 18796 Car -1 -1 -10 0.79 211.08 398.85 369.94 -1000 -1000 -1000 -10 -1 -1 -1
176 18797 Car -1 -1 -10 585.87 176.17 651.10 227.70 -1000 -1000 -1000 -10 -1 -1 -1
176 18798 Car -1 -1 -10 526.24 173.17 583.55 217.71 -1000 -1000 -1000 -10 -1 -1 -1
176 18799 Car -1 -1 -10 248.68 168.40 396.76 258.55 -1000 -1000 -1000 -10 -1 -1 -1
177 18800 Car -1 -1 -10 0.37 211.40 399.52 368.99 -1000 -1000 -1000 -10 -1 -1 -1
177 18801 Car -1 -1 -10 403.97 181.29 519.51 267.05 -1000 -1000 -1000 -10 -1 -1 -1
177 18802 Car -1 -1 -10 588.84 174.69 651.60 228.44 -1000 -1000 -1000 -10 -1 -1 -1
177 18803 Car -1 -1 -10 182.86 168.21 365.10 264.71 -1000 -1000 -1000 -10 -1 -1 -1
177 18804 Car -1 -1 -10 524.21 172.11 583.03 218.99 -1000 -1000 -1000 -10 -1 -1 -1
178 18805 Car -1 -1 -10 404.07 182.83 522.43 267.52 -1000 -1000 -1000 -10 -1 -1 -1
178 18806 Car -1 -1 -10 587.88 177.20 651.84 228.64 -1000 -1000 -1000 -10 -1 -1 -1
178 18807 Car -1 -1 -10 0.63 215.33 394.91 370.29 -1000 -1000 -1000 -10 -1 -1 -1
178 18808 Car -1 -1 -10 528.65 174.38 580.99 219.44 -1000 -1000 -1000 -10 -1 -1 -1
178 18809 Car -1 -1 -10 375.08 181.44 446.89 227.97 -1000 -1000 -1000 -10 -1 -1 -1
179 18810 Car -1 -1 -10 0.00 211.04 394.29 369.39 -1000 -1000 -1000 -10 -1 -1 -1
179 18811 Car -1 -1 -10 401.83 184.44 521.76 267.98 -1000 -1000 -1000 -10 -1 -1 -1
179 18812 Car -1 -1 -10 587.29 178.09 650.84 228.03 -1000 -1000 -1000 -10 -1 -1 -1
179 18813 Car -1 -1 -10 0.28 166.38 259.15 262.31 -1000 -1000 -1000 -10 -1 -1 -1
179 18814 Car -1 -1 -10 348.30 180.18 433.00 233.93 -1000 -1000 -1000 -10 -1 -1 -1
179 18815 Car -1 -1 -10 529.36 175.65 575.60 221.26 -1000 -1000 -1000 -10 -1 -1 -1
180 18816 Car -1 -1 -10 395.64 183.82 521.90 269.42 -1000 -1000 -1000 -10 -1 -1 -1
180 18817 Car -1 -1 -10 0.00 210.24 391.57 371.13 -1000 -1000 -1000 -10 -1 -1 -1
180 18818 Car -1 -1 -10 588.91 177.58 652.19 229.32 -1000 -1000 -1000 -10 -1 -1 -1
180 18819 Car -1 -1 -10 525.56 175.49 575.94 220.45 -1000 -1000 -1000 -10 -1 -1 -1
180 18820 Car -1 -1 -10 497.27 172.49 534.25 202.33 -1000 -1000 -1000 -10 -1 -1 -1
180 18821 Car -1 -1 -10 316.70 184.91 422.31 242.50 -1000 -1000 -1000 -10 -1 -1 -1
181 18822 Car -1 -1 -10 0.11 210.49 388.84 370.65 -1000 -1000 -1000 -10 -1 -1 -1
181 18823 Car -1 -1 -10 395.05 185.46 519.92 270.06 -1000 -1000 -1000 -10 -1 -1 -1
181 18824 Car -1 -1 -10 277.69 185.58 412.80 252.48 -1000 -1000 -1000 -10 -1 -1 -1
181 18825 Car -1 -1 -10 587.22 178.21 650.75 228.41 -1000 -1000 -1000 -10 -1 -1 -1
181 18826 Car -1 -1 -10 524.62 177.16 576.32 221.48 -1000 -1000 -1000 -10 -1 -1 -1
181 18827 Car -1 -1 -10 493.36 172.47 527.58 201.48 -1000 -1000 -1000 -10 -1 -1 -1
182 18828 Car -1 -1 -10 395.97 185.92 519.15 272.53 -1000 -1000 -1000 -10 -1 -1 -1
182 18829 Car -1 -1 -10 0.00 215.04 386.07 371.01 -1000 -1000 -1000 -10 -1 -1 -1
182 18830 Car -1 -1 -10 588.50 179.96 651.36 232.49 -1000 -1000 -1000 -10 -1 -1 -1
182 18831 Car -1 -1 -10 252.74 188.93 384.65 258.84 -1000 -1000 -1000 -10 -1 -1 -1
182 18832 Car -1 -1 -10 523.31 179.31 575.91 221.63 -1000 -1000 -1000 -10 -1 -1 -1
183 18833 Car -1 -1 -10 0.00 217.18 383.23 370.34 -1000 -1000 -1000 -10 -1 -1 -1
183 18834 Car -1 -1 -10 392.79 185.82 515.27 275.77 -1000 -1000 -1000 -10 -1 -1 -1
183 18835 Car -1 -1 -10 588.06 181.81 651.10 233.01 -1000 -1000 -1000 -10 -1 -1 -1
183 18836 Car -1 -1 -10 518.50 175.70 575.43 224.74 -1000 -1000 -1000 -10 -1 -1 -1
184 18837 Car -1 -1 -10 390.02 189.47 513.21 276.66 -1000 -1000 -1000 -10 -1 -1 -1
184 18838 Car -1 -1 -10 0.00 217.66 379.23 369.89 -1000 -1000 -1000 -10 -1 -1 -1
184 18839 Car -1 -1 -10 524.34 178.49 573.51 227.88 -1000 -1000 -1000 -10 -1 -1 -1
184 18840 Car -1 -1 -10 588.40 182.47 650.78 233.15 -1000 -1000 -1000 -10 -1 -1 -1
184 18841 Car -1 -1 -10 126.12 191.78 310.07 252.02 -1000 -1000 -1000 -10 -1 -1 -1
185 18842 Car -1 -1 -10 0.88 221.10 376.58 370.98 -1000 -1000 -1000 -10 -1 -1 -1
185 18843 Car -1 -1 -10 388.38 189.63 512.06 276.09 -1000 -1000 -1000 -10 -1 -1 -1
185 18844 Car -1 -1 -10 587.01 181.95 649.67 232.83 -1000 -1000 -1000 -10 -1 -1 -1
185 18845 Car -1 -1 -10 522.25 177.09 573.32 226.59 -1000 -1000 -1000 -10 -1 -1 -1
186 18846 Car -1 -1 -10 0.24 211.18 373.55 370.23 -1000 -1000 -1000 -10 -1 -1 -1
186 18847 Car -1 -1 -10 387.41 188.30 511.01 277.09 -1000 -1000 -1000 -10 -1 -1 -1
186 18848 Car -1 -1 -10 522.74 175.52 577.20 226.83 -1000 -1000 -1000 -10 -1 -1 -1
187 18849 Car -1 -1 -10 0.14 217.55 369.85 369.99 -1000 -1000 -1000 -10 -1 -1 -1
187 18850 Car -1 -1 -10 385.45 187.51 507.26 276.77 -1000 -1000 -1000 -10 -1 -1 -1
187 18851 Car -1 -1 -10 521.85 176.56 573.02 224.56 -1000 -1000 -1000 -10 -1 -1 -1
188 18852 Car -1 -1 -10 0.22 215.59 365.79 369.74 -1000 -1000 -1000 -10 -1 -1 -1
188 18853 Car -1 -1 -10 381.47 183.92 511.59 274.98 -1000 -1000 -1000 -10 -1 -1 -1
188 18854 Car -1 -1 -10 521.33 174.27 572.02 222.76 -1000 -1000 -1000 -10 -1 -1 -1
189 18855 Car -1 -1 -10 0.00 216.14 361.37 369.53 -1000 -1000 -1000 -10 -1 -1 -1
189 18856 Car -1 -1 -10 520.02 172.69 572.64 222.01 -1000 -1000 -1000 -10 -1 -1 -1
189 18857 Car -1 -1 -10 587.52 174.32 646.31 225.67 -1000 -1000 -1000 -10 -1 -1 -1
189 18858 Car -1 -1 -10 378.94 183.63 507.43 273.13 -1000 -1000 -1000 -10 -1 -1 -1
190 18859 Car -1 -1 -10 0.22 218.38 356.08 369.99 -1000 -1000 -1000 -10 -1 -1 -1
190 18860 Car -1 -1 -10 377.83 187.53 507.35 277.54 -1000 -1000 -1000 -10 -1 -1 -1
190 18861 Car -1 -1 -10 519.05 172.27 572.82 219.60 -1000 -1000 -1000 -10 -1 -1 -1
190 18862 Car -1 -1 -10 358.13 164.82 451.45 230.88 -1000 -1000 -1000 -10 -1 -1 -1
190 18863 Car -1 -1 -10 587.56 173.34 644.81 223.53 -1000 -1000 -1000 -10 -1 -1 -1
191 18864 Car -1 -1 -10 0.00 216.78 353.21 369.65 -1000 -1000 -1000 -10 -1 -1 -1
191 18865 Car -1 -1 -10 375.87 186.65 505.95 277.94 -1000 -1000 -1000 -10 -1 -1 -1
191 18866 Car -1 -1 -10 520.90 171.66 572.42 219.79 -1000 -1000 -1000 -10 -1 -1 -1
191 18867 Car -1 -1 -10 331.10 166.27 432.03 237.69 -1000 -1000 -1000 -10 -1 -1 -1
191 18868 Car -1 -1 -10 588.41 173.17 644.76 222.28 -1000 -1000 -1000 -10 -1 -1 -1
192 18869 Car -1 -1 -10 0.33 219.09 351.16 369.01 -1000 -1000 -1000 -10 -1 -1 -1
192 18870 Car -1 -1 -10 370.86 187.69 506.42 277.78 -1000 -1000 -1000 -10 -1 -1 -1
192 18871 Car -1 -1 -10 519.96 172.43 571.37 219.73 -1000 -1000 -1000 -10 -1 -1 -1
192 18872 Car -1 -1 -10 293.05 166.25 416.51 244.43 -1000 -1000 -1000 -10 -1 -1 -1
192 18873 Car -1 -1 -10 587.07 173.57 643.99 223.11 -1000 -1000 -1000 -10 -1 -1 -1
193 18874 Car -1 -1 -10 0.23 220.48 347.73 369.55 -1000 -1000 -1000 -10 -1 -1 -1
193 18875 Car -1 -1 -10 372.15 187.13 505.51 278.66 -1000 -1000 -1000 -10 -1 -1 -1
193 18876 Car -1 -1 -10 246.96 164.93 394.90 255.95 -1000 -1000 -1000 -10 -1 -1 -1
193 18877 Car -1 -1 -10 519.30 171.44 571.07 218.43 -1000 -1000 -1000 -10 -1 -1 -1
193 18878 Car -1 -1 -10 587.89 172.73 644.55 222.90 -1000 -1000 -1000 -10 -1 -1 -1
193 18879 Car -1 -1 -10 487.26 174.65 522.51 205.76 -1000 -1000 -1000 -10 -1 -1 -1
194 18880 Car -1 -1 -10 372.03 186.90 506.55 279.13 -1000 -1000 -1000 -10 -1 -1 -1
194 18881 Car -1 -1 -10 0.21 221.55 346.95 369.77 -1000 -1000 -1000 -10 -1 -1 -1
194 18882 Car -1 -1 -10 520.63 171.18 570.10 217.44 -1000 -1000 -1000 -10 -1 -1 -1
194 18883 Car -1 -1 -10 587.65 171.22 644.61 222.57 -1000 -1000 -1000 -10 -1 -1 -1
194 18884 Car -1 -1 -10 184.21 163.67 368.02 267.41 -1000 -1000 -1000 -10 -1 -1 -1
194 18885 Car -1 -1 -10 478.29 173.88 518.38 207.87 -1000 -1000 -1000 -10 -1 -1 -1
195 18886 Car -1 -1 -10 370.20 187.46 505.64 279.27 -1000 -1000 -1000 -10 -1 -1 -1
195 18887 Car -1 -1 -10 0.20 233.48 344.09 370.69 -1000 -1000 -1000 -10 -1 -1 -1
195 18888 Car -1 -1 -10 519.88 172.03 569.94 217.87 -1000 -1000 -1000 -10 -1 -1 -1
195 18889 Car -1 -1 -10 471.47 176.88 512.02 213.20 -1000 -1000 -1000 -10 -1 -1 -1
195 18890 Car -1 -1 -10 587.40 171.59 644.56 222.10 -1000 -1000 -1000 -10 -1 -1 -1
195 18891 Car -1 -1 -10 104.02 161.35 332.14 273.63 -1000 -1000 -1000 -10 -1 -1 -1
196 18892 Car -1 -1 -10 368.33 187.02 505.41 279.08 -1000 -1000 -1000 -10 -1 -1 -1
196 18893 Car -1 -1 -10 0.64 231.17 344.44 371.63 -1000 -1000 -1000 -10 -1 -1 -1
196 18894 Car -1 -1 -10 520.53 173.93 570.08 217.50 -1000 -1000 -1000 -10 -1 -1 -1
196 18895 Car -1 -1 -10 5.38 160.15 284.80 280.60 -1000 -1000 -1000 -10 -1 -1 -1
196 18896 Car -1 -1 -10 587.38 172.14 644.91 220.64 -1000 -1000 -1000 -10 -1 -1 -1
196 18897 Car -1 -1 -10 460.43 174.23 507.18 221.16 -1000 -1000 -1000 -10 -1 -1 -1
197 18898 Car -1 -1 -10 365.95 186.08 503.63 276.53 -1000 -1000 -1000 -10 -1 -1 -1
197 18899 Car -1 -1 -10 520.78 169.96 569.71 216.51 -1000 -1000 -1000 -10 -1 -1 -1
197 18900 Car -1 -1 -10 0.00 229.69 344.71 371.64 -1000 -1000 -1000 -10 -1 -1 -1
197 18901 Car -1 -1 -10 454.33 173.95 501.32 214.75 -1000 -1000 -1000 -10 -1 -1 -1
197 18902 Car -1 -1 -10 588.33 171.23 645.36 220.22 -1000 -1000 -1000 -10 -1 -1 -1
197 18903 Car -1 -1 -10 0.17 159.46 217.49 256.49 -1000 -1000 -1000 -10 -1 -1 -1
198 18904 Car -1 -1 -10 365.85 185.49 503.78 278.53 -1000 -1000 -1000 -10 -1 -1 -1
198 18905 Car -1 -1 -10 520.36 170.59 571.19 216.39 -1000 -1000 -1000 -10 -1 -1 -1
198 18906 Car -1 -1 -10 0.00 155.74 345.98 370.14 -1000 -1000 -1000 -10 -1 -1 -1
198 18907 Car -1 -1 -10 588.33 171.29 645.04 219.30 -1000 -1000 -1000 -10 -1 -1 -1
199 18908 Car -1 -1 -10 0.00 219.19 348.75 370.15 -1000 -1000 -1000 -10 -1 -1 -1
199 18909 Car -1 -1 -10 366.34 182.42 502.43 277.89 -1000 -1000 -1000 -10 -1 -1 -1
199 18910 Car -1 -1 -10 520.85 170.44 570.45 216.34 -1000 -1000 -1000 -10 -1 -1 -1
199 18911 Car -1 -1 -10 588.92 171.87 644.06 218.81 -1000 -1000 -1000 -10 -1 -1 -1
200 18912 Car -1 -1 -10 0.13 219.16 351.28 370.30 -1000 -1000 -1000 -10 -1 -1 -1
200 18913 Car -1 -1 -10 365.89 182.79 500.65 280.19 -1000 -1000 -1000 -10 -1 -1 -1
200 18914 Car -1 -1 -10 521.25 170.19 571.15 216.41 -1000 -1000 -1000 -10 -1 -1 -1
201 18915 Car -1 -1 -10 0.00 216.19 355.72 370.67 -1000 -1000 -1000 -10 -1 -1 -1
201 18916 Car -1 -1 -10 365.83 181.48 500.80 280.17 -1000 -1000 -1000 -10 -1 -1 -1
201 18917 Car -1 -1 -10 521.51 170.63 571.77 216.26 -1000 -1000 -1000 -10 -1 -1 -1
202 18918 Car -1 -1 -10 0.00 217.81 360.26 370.56 -1000 -1000 -1000 -10 -1 -1 -1
202 18919 Car -1 -1 -10 366.50 188.12 501.05 279.65 -1000 -1000 -1000 -10 -1 -1 -1
202 18920 Car -1 -1 -10 522.05 170.45 571.94 217.14 -1000 -1000 -1000 -10 -1 -1 -1
202 18921 Car -1 -1 -10 340.21 182.49 420.65 236.88 -1000 -1000 -1000 -10 -1 -1 -1
202 18922 Car -1 -1 -10 589.00 172.06 640.70 217.68 -1000 -1000 -1000 -10 -1 -1 -1
203 18923 Car -1 -1 -10 0.00 217.92 361.79 372.34 -1000 -1000 -1000 -10 -1 -1 -1
203 18924 Car -1 -1 -10 364.51 187.35 500.57 278.86 -1000 -1000 -1000 -10 -1 -1 -1
203 18925 Car -1 -1 -10 306.50 183.32 391.82 245.95 -1000 -1000 -1000 -10 -1 -1 -1
203 18926 Car -1 -1 -10 522.42 171.90 572.69 218.08 -1000 -1000 -1000 -10 -1 -1 -1
204 18927 Car -1 -1 -10 0.33 217.21 364.13 369.63 -1000 -1000 -1000 -10 -1 -1 -1
204 18928 Car -1 -1 -10 363.70 188.42 501.18 276.26 -1000 -1000 -1000 -10 -1 -1 -1
204 18929 Car -1 -1 -10 260.48 184.32 389.94 258.59 -1000 -1000 -1000 -10 -1 -1 -1
204 18930 Car -1 -1 -10 522.47 173.14 574.17 217.07 -1000 -1000 -1000 -10 -1 -1 -1
205 18931 Car -1 -1 -10 369.07 188.61 501.28 280.59 -1000 -1000 -1000 -10 -1 -1 -1
205 18932 Car -1 -1 -10 0.30 218.29 368.06 374.00 -1000 -1000 -1000 -10 -1 -1 -1
205 18933 Car -1 -1 -10 204.33 185.90 377.43 276.44 -1000 -1000 -1000 -10 -1 -1 -1
205 18934 Car -1 -1 -10 522.70 173.32 574.77 217.37 -1000 -1000 -1000 -10 -1 -1 -1
205 18935 Car -1 -1 -10 588.00 172.56 638.81 216.99 -1000 -1000 -1000 -10 -1 -1 -1
206 18936 Car -1 -1 -10 368.99 188.21 502.38 281.06 -1000 -1000 -1000 -10 -1 -1 -1
206 18937 Car -1 -1 -10 0.00 217.65 370.18 371.17 -1000 -1000 -1000 -10 -1 -1 -1
206 18938 Car -1 -1 -10 173.02 191.17 337.60 270.91 -1000 -1000 -1000 -10 -1 -1 -1
206 18939 Car -1 -1 -10 525.58 172.50 573.80 216.31 -1000 -1000 -1000 -10 -1 -1 -1
206 18940 Car -1 -1 -10 586.93 172.29 638.97 218.68 -1000 -1000 -1000 -10 -1 -1 -1
207 18941 Car -1 -1 -10 369.00 186.97 500.97 277.73 -1000 -1000 -1000 -10 -1 -1 -1
207 18942 Car -1 -1 -10 0.05 208.53 370.95 372.04 -1000 -1000 -1000 -10 -1 -1 -1
207 18943 Car -1 -1 -10 526.48 171.91 572.47 213.74 -1000 -1000 -1000 -10 -1 -1 -1
207 18944 Car -1 -1 -10 588.40 171.09 637.79 218.17 -1000 -1000 -1000 -10 -1 -1 -1
208 18945 Car -1 -1 -10 0.28 195.12 373.12 369.56 -1000 -1000 -1000 -10 -1 -1 -1
208 18946 Car -1 -1 -10 372.16 188.12 500.37 275.86 -1000 -1000 -1000 -10 -1 -1 -1
208 18947 Car -1 -1 -10 530.60 172.16 573.11 211.25 -1000 -1000 -1000 -10 -1 -1 -1
208 18948 Car -1 -1 -10 489.14 173.95 525.40 201.67 -1000 -1000 -1000 -10 -1 -1 -1
208 18949 Car -1 -1 -10 588.38 172.12 637.04 217.15 -1000 -1000 -1000 -10 -1 -1 -1
208 18950 Car -1 -1 -10 566.14 169.91 596.94 204.36 -1000 -1000 -1000 -10 -1 -1 -1
209 18951 Car -1 -1 -10 0.00 211.28 375.08 369.39 -1000 -1000 -1000 -10 -1 -1 -1
209 18952 Car -1 -1 -10 531.81 171.46 573.07 210.34 -1000 -1000 -1000 -10 -1 -1 -1
209 18953 Car -1 -1 -10 373.84 187.23 505.08 274.84 -1000 -1000 -1000 -10 -1 -1 -1
209 18954 Car -1 -1 -10 588.41 171.73 636.72 214.00 -1000 -1000 -1000 -10 -1 -1 -1
209 18955 Car -1 -1 -10 566.75 169.44 596.49 203.67 -1000 -1000 -1000 -10 -1 -1 -1
210 18956 Car -1 -1 -10 0.05 214.79 377.17 369.65 -1000 -1000 -1000 -10 -1 -1 -1
210 18957 Car -1 -1 -10 375.26 187.44 503.70 272.56 -1000 -1000 -1000 -10 -1 -1 -1
210 18958 Car -1 -1 -10 588.21 171.37 637.17 213.33 -1000 -1000 -1000 -10 -1 -1 -1
210 18959 Car -1 -1 -10 532.50 171.02 574.53 210.17 -1000 -1000 -1000 -10 -1 -1 -1
210 18960 Car -1 -1 -10 566.27 169.52 595.30 206.16 -1000 -1000 -1000 -10 -1 -1 -1
211 18961 Car -1 -1 -10 0.22 214.23 377.17 369.61 -1000 -1000 -1000 -10 -1 -1 -1
211 18962 Car -1 -1 -10 377.98 186.64 502.05 272.18 -1000 -1000 -1000 -10 -1 -1 -1
211 18963 Car -1 -1 -10 588.42 171.01 636.82 214.33 -1000 -1000 -1000 -10 -1 -1 -1
211 18964 Car -1 -1 -10 532.94 171.10 574.98 209.66 -1000 -1000 -1000 -10 -1 -1 -1
212 18965 Car -1 -1 -10 0.06 214.84 378.06 369.68 -1000 -1000 -1000 -10 -1 -1 -1
212 18966 Car -1 -1 -10 379.84 187.63 493.46 272.79 -1000 -1000 -1000 -10 -1 -1 -1
212 18967 Car -1 -1 -10 532.73 173.01 574.61 210.25 -1000 -1000 -1000 -10 -1 -1 -1
212 18968 Car -1 -1 -10 588.30 171.18 637.24 214.79 -1000 -1000 -1000 -10 -1 -1 -1
213 18969 Car -1 -1 -10 0.31 214.79 379.05 369.07 -1000 -1000 -1000 -10 -1 -1 -1
213 18970 Car -1 -1 -10 382.39 188.38 503.16 271.68 -1000 -1000 -1000 -10 -1 -1 -1
214 18971 Car -1 -1 -10 0.11 216.89 380.68 369.56 -1000 -1000 -1000 -10 -1 -1 -1
214 18972 Car -1 -1 -10 385.44 188.82 503.74 273.09 -1000 -1000 -1000 -10 -1 -1 -1
215 18973 Car -1 -1 -10 0.18 215.40 380.25 369.15 -1000 -1000 -1000 -10 -1 -1 -1
215 18974 Car -1 -1 -10 386.89 186.64 505.69 271.35 -1000 -1000 -1000 -10 -1 -1 -1
215 18975 Car -1 -1 -10 586.09 177.38 634.05 218.60 -1000 -1000 -1000 -10 -1 -1 -1
215 18976 Car -1 -1 -10 535.73 175.30 571.38 211.47 -1000 -1000 -1000 -10 -1 -1 -1
216 18977 Car -1 -1 -10 0.18 215.57 380.08 369.48 -1000 -1000 -1000 -10 -1 -1 -1
216 18978 Car -1 -1 -10 388.45 185.32 505.16 271.80 -1000 -1000 -1000 -10 -1 -1 -1
216 18979 Car -1 -1 -10 536.40 177.03 568.53 210.31 -1000 -1000 -1000 -10 -1 -1 -1
217 18980 Car -1 -1 -10 0.39 214.77 380.14 370.06 -1000 -1000 -1000 -10 -1 -1 -1
217 18981 Car -1 -1 -10 386.29 186.10 506.59 269.01 -1000 -1000 -1000 -10 -1 -1 -1
217 18982 Car -1 -1 -10 535.90 176.73 569.31 210.10 -1000 -1000 -1000 -10 -1 -1 -1
218 18983 Car -1 -1 -10 0.29 214.50 380.19 369.97 -1000 -1000 -1000 -10 -1 -1 -1
218 18984 Car -1 -1 -10 392.38 189.98 506.91 266.31 -1000 -1000 -1000 -10 -1 -1 -1
218 18985 Car -1 -1 -10 351.97 185.05 425.82 232.52 -1000 -1000 -1000 -10 -1 -1 -1
218 18986 Car -1 -1 -10 581.69 176.84 632.31 216.96 -1000 -1000 -1000 -10 -1 -1 -1
219 18987 Car -1 -1 -10 0.10 214.44 379.20 369.12 -1000 -1000 -1000 -10 -1 -1 -1
219 18988 Car -1 -1 -10 389.78 190.35 506.69 265.74 -1000 -1000 -1000 -10 -1 -1 -1
219 18989 Car -1 -1 -10 324.46 185.73 412.58 241.64 -1000 -1000 -1000 -10 -1 -1 -1
220 18990 Car -1 -1 -10 397.18 189.96 507.98 265.23 -1000 -1000 -1000 -10 -1 -1 -1
220 18991 Car -1 -1 -10 0.34 215.63 379.23 369.95 -1000 -1000 -1000 -10 -1 -1 -1
220 18992 Car -1 -1 -10 285.26 186.91 402.37 250.90 -1000 -1000 -1000 -10 -1 -1 -1
220 18993 Car -1 -1 -10 583.14 177.62 632.06 220.44 -1000 -1000 -1000 -10 -1 -1 -1
221 18994 Car -1 -1 -10 399.70 190.53 508.32 266.00 -1000 -1000 -1000 -10 -1 -1 -1
221 18995 Car -1 -1 -10 0.33 217.75 379.00 369.36 -1000 -1000 -1000 -10 -1 -1 -1
221 18996 Car -1 -1 -10 246.63 189.36 369.67 259.74 -1000 -1000 -1000 -10 -1 -1 -1
222 18997 Car -1 -1 -10 399.24 190.12 508.33 264.44 -1000 -1000 -1000 -10 -1 -1 -1
222 18998 Car -1 -1 -10 0.14 218.76 380.43 369.84 -1000 -1000 -1000 -10 -1 -1 -1
222 18999 Car -1 -1 -10 206.35 189.93 336.41 260.48 -1000 -1000 -1000 -10 -1 -1 -1
222 19000 Car -1 -1 -10 581.12 177.17 631.73 220.29 -1000 -1000 -1000 -10 -1 -1 -1
223 19001 Car -1 -1 -10 0.00 218.08 378.07 369.30 -1000 -1000 -1000 -10 -1 -1 -1
223 19002 Car -1 -1 -10 401.12 189.86 505.00 264.41 -1000 -1000 -1000 -10 -1 -1 -1
223 19003 Car -1 -1 -10 578.48 176.45 631.36 220.10 -1000 -1000 -1000 -10 -1 -1 -1
224 19004 Car -1 -1 -10 401.94 190.50 506.24 265.24 -1000 -1000 -1000 -10 -1 -1 -1
224 19005 Car -1 -1 -10 0.38 208.61 378.90 371.46 -1000 -1000 -1000 -10 -1 -1 -1
224 19006 Car -1 -1 -10 574.80 176.37 630.35 220.38 -1000 -1000 -1000 -10 -1 -1 -1
225 19007 Car -1 -1 -10 403.74 189.46 507.24 264.89 -1000 -1000 -1000 -10 -1 -1 -1
225 19008 Car -1 -1 -10 0.00 216.12 376.54 370.23 -1000 -1000 -1000 -10 -1 -1 -1
225 19009 Car -1 -1 -10 576.41 176.25 629.37 220.71 -1000 -1000 -1000 -10 -1 -1 -1
225 19010 Car -1 -1 -10 497.25 180.32 531.86 208.72 -1000 -1000 -1000 -10 -1 -1 -1
225 19011 Car -1 -1 -10 539.68 174.74 578.50 208.81 -1000 -1000 -1000 -10 -1 -1 -1
226 19012 Car -1 -1 -10 404.97 187.78 508.47 263.67 -1000 -1000 -1000 -10 -1 -1 -1
226 19013 Car -1 -1 -10 0.16 216.47 376.29 370.29 -1000 -1000 -1000 -10 -1 -1 -1
226 19014 Car -1 -1 -10 577.18 175.57 632.59 220.01 -1000 -1000 -1000 -10 -1 -1 -1
227 19015 Car -1 -1 -10 0.00 215.41 375.98 370.12 -1000 -1000 -1000 -10 -1 -1 -1
227 19016 Car -1 -1 -10 406.10 188.59 509.75 261.85 -1000 -1000 -1000 -10 -1 -1 -1
227 19017 Car -1 -1 -10 578.14 176.13 630.89 220.13 -1000 -1000 -1000 -10 -1 -1 -1
228 19018 Car -1 -1 -10 404.55 185.38 509.99 260.15 -1000 -1000 -1000 -10 -1 -1 -1
228 19019 Car -1 -1 -10 0.13 215.57 375.63 369.78 -1000 -1000 -1000 -10 -1 -1 -1
228 19020 Car -1 -1 -10 577.52 176.75 628.59 222.30 -1000 -1000 -1000 -10 -1 -1 -1
228 19021 Car -1 -1 -10 541.96 177.67 575.59 208.44 -1000 -1000 -1000 -10 -1 -1 -1
229 19022 Car -1 -1 -10 0.05 215.37 373.66 370.18 -1000 -1000 -1000 -10 -1 -1 -1
229 19023 Car -1 -1 -10 406.07 188.02 509.98 260.77 -1000 -1000 -1000 -10 -1 -1 -1
229 19024 Car -1 -1 -10 541.51 176.30 579.33 208.76 -1000 -1000 -1000 -10 -1 -1 -1
229 19025 Car -1 -1 -10 576.61 176.43 627.85 222.00 -1000 -1000 -1000 -10 -1 -1 -1
230 19026 Car -1 -1 -10 0.02 215.81 372.76 370.23 -1000 -1000 -1000 -10 -1 -1 -1
230 19027 Car -1 -1 -10 405.54 188.70 505.70 260.74 -1000 -1000 -1000 -10 -1 -1 -1
230 19028 Car -1 -1 -10 542.31 177.37 578.87 208.12 -1000 -1000 -1000 -10 -1 -1 -1
230 19029 Car -1 -1 -10 576.89 175.44 627.30 220.76 -1000 -1000 -1000 -10 -1 -1 -1
231 19030 Car -1 -1 -10 406.02 186.32 509.95 262.97 -1000 -1000 -1000 -10 -1 -1 -1
231 19031 Car -1 -1 -10 0.00 214.40 372.02 370.02 -1000 -1000 -1000 -10 -1 -1 -1
231 19032 Car -1 -1 -10 542.03 175.46 580.18 207.04 -1000 -1000 -1000 -10 -1 -1 -1
231 19033 Car -1 -1 -10 575.35 175.51 627.45 220.69 -1000 -1000 -1000 -10 -1 -1 -1
232 19034 Car -1 -1 -10 406.06 185.83 509.83 263.88 -1000 -1000 -1000 -10 -1 -1 -1
232 19035 Car -1 -1 -10 0.51 214.76 372.45 369.63 -1000 -1000 -1000 -10 -1 -1 -1
232 19036 Car -1 -1 -10 542.60 174.97 579.79 208.10 -1000 -1000 -1000 -10 -1 -1 -1
232 19037 Car -1 -1 -10 575.11 172.13 627.13 219.33 -1000 -1000 -1000 -10 -1 -1 -1
233 19038 Car -1 -1 -10 0.49 215.16 371.25 369.59 -1000 -1000 -1000 -10 -1 -1 -1
233 19039 Car -1 -1 -10 405.33 183.94 508.08 260.30 -1000 -1000 -1000 -10 -1 -1 -1
233 19040 Car -1 -1 -10 543.06 174.27 578.37 207.02 -1000 -1000 -1000 -10 -1 -1 -1
233 19041 Car -1 -1 -10 574.18 175.88 626.33 221.79 -1000 -1000 -1000 -10 -1 -1 -1
234 19042 Car -1 -1 -10 0.47 214.39 372.27 369.86 -1000 -1000 -1000 -10 -1 -1 -1
234 19043 Car -1 -1 -10 404.42 185.81 508.06 261.43 -1000 -1000 -1000 -10 -1 -1 -1
234 19044 Car -1 -1 -10 542.97 174.54 579.41 208.17 -1000 -1000 -1000 -10 -1 -1 -1
234 19045 Car -1 -1 -10 574.87 169.88 627.62 220.03 -1000 -1000 -1000 -10 -1 -1 -1
235 19046 Car -1 -1 -10 0.22 212.96 371.05 369.83 -1000 -1000 -1000 -10 -1 -1 -1
235 19047 Car -1 -1 -10 403.54 188.34 509.02 262.33 -1000 -1000 -1000 -10 -1 -1 -1
235 19048 Car -1 -1 -10 378.34 183.38 435.62 230.67 -1000 -1000 -1000 -10 -1 -1 -1
235 19049 Car -1 -1 -10 542.27 173.84 577.35 207.32 -1000 -1000 -1000 -10 -1 -1 -1
235 19050 Car -1 -1 -10 574.23 172.35 624.98 219.73 -1000 -1000 -1000 -10 -1 -1 -1
236 19051 Car -1 -1 -10 0.40 210.48 370.75 370.14 -1000 -1000 -1000 -10 -1 -1 -1
236 19052 Car -1 -1 -10 404.05 189.90 508.21 262.24 -1000 -1000 -1000 -10 -1 -1 -1
236 19053 Car -1 -1 -10 353.71 182.00 427.24 239.02 -1000 -1000 -1000 -10 -1 -1 -1
236 19054 Car -1 -1 -10 542.65 173.19 577.41 207.43 -1000 -1000 -1000 -10 -1 -1 -1
236 19055 Car -1 -1 -10 573.60 176.26 623.94 218.74 -1000 -1000 -1000 -10 -1 -1 -1
237 19056 Car -1 -1 -10 0.33 212.87 368.61 370.07 -1000 -1000 -1000 -10 -1 -1 -1
237 19057 Car -1 -1 -10 319.77 184.14 412.13 247.69 -1000 -1000 -1000 -10 -1 -1 -1
237 19058 Car -1 -1 -10 397.60 189.09 508.79 263.65 -1000 -1000 -1000 -10 -1 -1 -1
237 19059 Car -1 -1 -10 572.64 173.57 623.82 220.39 -1000 -1000 -1000 -10 -1 -1 -1
237 19060 Car -1 -1 -10 542.85 172.64 576.82 208.34 -1000 -1000 -1000 -10 -1 -1 -1
238 19061 Car -1 -1 -10 0.45 215.16 365.28 369.65 -1000 -1000 -1000 -10 -1 -1 -1
238 19062 Car -1 -1 -10 278.39 187.34 398.45 259.17 -1000 -1000 -1000 -10 -1 -1 -1
238 19063 Car -1 -1 -10 401.17 190.00 507.01 263.95 -1000 -1000 -1000 -10 -1 -1 -1
238 19064 Car -1 -1 -10 544.38 175.35 575.35 208.34 -1000 -1000 -1000 -10 -1 -1 -1
238 19065 Car -1 -1 -10 572.41 178.34 622.52 221.71 -1000 -1000 -1000 -10 -1 -1 -1
239 19066 Car -1 -1 -10 399.41 191.11 505.38 264.30 -1000 -1000 -1000 -10 -1 -1 -1
239 19067 Car -1 -1 -10 0.10 215.29 363.02 370.53 -1000 -1000 -1000 -10 -1 -1 -1
239 19068 Car -1 -1 -10 226.53 188.07 368.98 270.98 -1000 -1000 -1000 -10 -1 -1 -1
239 19069 Car -1 -1 -10 570.71 177.69 623.95 222.77 -1000 -1000 -1000 -10 -1 -1 -1
239 19070 Car -1 -1 -10 543.22 177.56 574.63 209.56 -1000 -1000 -1000 -10 -1 -1 -1
240 19071 Car -1 -1 -10 396.61 190.57 504.59 265.22 -1000 -1000 -1000 -10 -1 -1 -1
240 19072 Car -1 -1 -10 0.42 216.09 362.92 368.94 -1000 -1000 -1000 -10 -1 -1 -1
240 19073 Car -1 -1 -10 178.03 189.43 329.09 277.44 -1000 -1000 -1000 -10 -1 -1 -1
240 19074 Car -1 -1 -10 542.60 178.44 572.60 208.83 -1000 -1000 -1000 -10 -1 -1 -1
240 19075 Car -1 -1 -10 569.02 174.59 624.24 223.38 -1000 -1000 -1000 -10 -1 -1 -1
241 19076 Car -1 -1 -10 393.97 191.32 503.72 267.59 -1000 -1000 -1000 -10 -1 -1 -1
241 19077 Car -1 -1 -10 0.21 207.92 356.87 369.04 -1000 -1000 -1000 -10 -1 -1 -1
241 19078 Car -1 -1 -10 567.41 178.02 623.44 224.99 -1000 -1000 -1000 -10 -1 -1 -1
241 19079 Car -1 -1 -10 543.18 178.72 571.63 208.78 -1000 -1000 -1000 -10 -1 -1 -1
242 19080 Car -1 -1 -10 390.17 192.89 501.17 271.20 -1000 -1000 -1000 -10 -1 -1 -1
242 19081 Car -1 -1 -10 0.27 196.53 348.97 369.64 -1000 -1000 -1000 -10 -1 -1 -1
242 19082 Car -1 -1 -10 564.57 181.82 618.77 226.04 -1000 -1000 -1000 -10 -1 -1 -1
242 19083 Car -1 -1 -10 541.71 179.29 572.52 210.18 -1000 -1000 -1000 -10 -1 -1 -1
243 19084 Car -1 -1 -10 387.06 192.47 501.00 270.72 -1000 -1000 -1000 -10 -1 -1 -1
243 19085 Car -1 -1 -10 0.00 219.34 343.33 370.27 -1000 -1000 -1000 -10 -1 -1 -1
243 19086 Car -1 -1 -10 564.27 179.87 617.10 225.85 -1000 -1000 -1000 -10 -1 -1 -1
244 19087 Car -1 -1 -10 383.36 191.94 498.81 271.66 -1000 -1000 -1000 -10 -1 -1 -1
244 19088 Car -1 -1 -10 0.00 233.21 335.43 370.65 -1000 -1000 -1000 -10 -1 -1 -1
245 19089 Car -1 -1 -10 0.27 230.70 328.69 370.25 -1000 -1000 -1000 -10 -1 -1 -1
245 19090 Car -1 -1 -10 379.68 190.79 499.04 270.99 -1000 -1000 -1000 -10 -1 -1 -1
245 19091 Car -1 -1 -10 538.21 174.50 570.69 207.84 -1000 -1000 -1000 -10 -1 -1 -1
245 19092 Car -1 -1 -10 561.81 179.28 616.01 225.63 -1000 -1000 -1000 -10 -1 -1 -1
246 19093 Car -1 -1 -10 0.25 223.54 317.40 369.81 -1000 -1000 -1000 -10 -1 -1 -1
246 19094 Car -1 -1 -10 374.18 190.50 487.89 272.41 -1000 -1000 -1000 -10 -1 -1 -1
246 19095 Car -1 -1 -10 560.46 178.29 613.38 225.56 -1000 -1000 -1000 -10 -1 -1 -1
247 19096 Car -1 -1 -10 369.35 189.92 488.68 272.83 -1000 -1000 -1000 -10 -1 -1 -1
247 19097 Car -1 -1 -10 0.36 228.12 305.93 370.25 -1000 -1000 -1000 -10 -1 -1 -1
247 19098 Car -1 -1 -10 559.86 174.60 611.83 222.55 -1000 -1000 -1000 -10 -1 -1 -1
248 19099 Car -1 -1 -10 364.32 188.58 490.12 273.66 -1000 -1000 -1000 -10 -1 -1 -1
248 19100 Car -1 -1 -10 0.11 227.11 292.65 369.11 -1000 -1000 -1000 -10 -1 -1 -1
248 19101 Car -1 -1 -10 558.69 181.70 609.43 221.19 -1000 -1000 -1000 -10 -1 -1 -1
249 19102 Car -1 -1 -10 357.71 188.37 469.51 275.76 -1000 -1000 -1000 -10 -1 -1 -1
249 19103 Car -1 -1 -10 0.58 239.98 279.66 370.55 -1000 -1000 -1000 -10 -1 -1 -1
249 19104 Car -1 -1 -10 556.59 181.22 606.84 220.64 -1000 -1000 -1000 -10 -1 -1 -1
250 19105 Car -1 -1 -10 352.73 187.65 484.56 278.05 -1000 -1000 -1000 -10 -1 -1 -1
250 19106 Car -1 -1 -10 0.60 261.16 264.54 371.54 -1000 -1000 -1000 -10 -1 -1 -1
250 19107 Car -1 -1 -10 553.87 177.93 605.15 221.41 -1000 -1000 -1000 -10 -1 -1 -1
251 19108 Car -1 -1 -10 346.63 188.17 484.25 279.92 -1000 -1000 -1000 -10 -1 -1 -1
251 19109 Car -1 -1 -10 0.51 278.21 243.73 370.86 -1000 -1000 -1000 -10 -1 -1 -1
251 19110 Car -1 -1 -10 502.05 175.78 530.30 198.43 -1000 -1000 -1000 -10 -1 -1 -1
252 19111 Car -1 -1 -10 340.86 189.52 480.71 280.23 -1000 -1000 -1000 -10 -1 -1 -1
252 19112 Car -1 -1 -10 0.83 296.89 223.10 372.23 -1000 -1000 -1000 -10 -1 -1 -1
252 19113 Car -1 -1 -10 494.72 174.81 528.94 201.25 -1000 -1000 -1000 -10 -1 -1 -1
253 19114 Car -1 -1 -10 333.08 189.37 477.71 283.04 -1000 -1000 -1000 -10 -1 -1 -1
253 19115 Car -1 -1 -10 490.26 179.48 518.94 200.48 -1000 -1000 -1000 -10 -1 -1 -1
253 19116 Car -1 -1 -10 0.75 316.35 202.87 372.44 -1000 -1000 -1000 -10 -1 -1 -1
254 19117 Car -1 -1 -10 326.22 189.15 470.98 282.61 -1000 -1000 -1000 -10 -1 -1 -1
255 19118 Car -1 -1 -10 319.10 189.37 472.93 283.08 -1000 -1000 -1000 -10 -1 -1 -1
255 19119 Car -1 -1 -10 476.69 179.48 509.18 199.86 -1000 -1000 -1000 -10 -1 -1 -1
256 19120 Car -1 -1 -10 310.76 188.77 469.35 290.43 -1000 -1000 -1000 -10 -1 -1 -1
256 19121 Car -1 -1 -10 540.62 175.16 599.33 226.26 -1000 -1000 -1000 -10 -1 -1 -1
257 19122 Car -1 -1 -10 539.55 177.73 599.54 226.38 -1000 -1000 -1000 -10 -1 -1 -1
257 19123 Car -1 -1 -10 302.10 189.67 465.22 294.15 -1000 -1000 -1000 -10 -1 -1 -1
257 19124 Car -1 -1 -10 456.46 178.11 496.54 203.00 -1000 -1000 -1000 -10 -1 -1 -1
258 19125 Car -1 -1 -10 294.53 189.67 461.87 293.39 -1000 -1000 -1000 -10 -1 -1 -1
258 19126 Car -1 -1 -10 538.54 177.83 597.32 226.50 -1000 -1000 -1000 -10 -1 -1 -1
258 19127 Car -1 -1 -10 448.81 179.03 490.32 206.02 -1000 -1000 -1000 -10 -1 -1 -1
259 19128 Car -1 -1 -10 286.73 189.55 458.93 299.18 -1000 -1000 -1000 -10 -1 -1 -1
259 19129 Car -1 -1 -10 535.73 176.42 597.18 227.72 -1000 -1000 -1000 -10 -1 -1 -1
259 19130 Car -1 -1 -10 434.83 178.29 480.53 207.85 -1000 -1000 -1000 -10 -1 -1 -1
260 19131 Car -1 -1 -10 277.49 189.01 455.09 301.69 -1000 -1000 -1000 -10 -1 -1 -1
260 19132 Car -1 -1 -10 533.59 171.44 596.18 227.34 -1000 -1000 -1000 -10 -1 -1 -1
260 19133 Car -1 -1 -10 425.96 175.72 471.50 209.14 -1000 -1000 -1000 -10 -1 -1 -1
261 19134 Car -1 -1 -10 269.10 190.22 451.29 305.89 -1000 -1000 -1000 -10 -1 -1 -1
261 19135 Car -1 -1 -10 532.76 173.86 594.25 228.52 -1000 -1000 -1000 -10 -1 -1 -1
261 19136 Car -1 -1 -10 585.59 174.47 624.51 200.90 -1000 -1000 -1000 -10 -1 -1 -1
262 19137 Car -1 -1 -10 260.18 190.36 448.69 308.83 -1000 -1000 -1000 -10 -1 -1 -1
262 19138 Car -1 -1 -10 530.86 174.42 593.24 231.04 -1000 -1000 -1000 -10 -1 -1 -1
262 19139 Car -1 -1 -10 585.56 175.33 625.57 204.00 -1000 -1000 -1000 -10 -1 -1 -1
263 19140 Car -1 -1 -10 249.72 191.44 445.08 316.93 -1000 -1000 -1000 -10 -1 -1 -1
263 19141 Car -1 -1 -10 527.38 174.77 592.78 232.45 -1000 -1000 -1000 -10 -1 -1 -1
264 19142 Car -1 -1 -10 239.97 191.24 443.90 316.30 -1000 -1000 -1000 -10 -1 -1 -1
264 19143 Car -1 -1 -10 521.08 173.19 592.02 234.17 -1000 -1000 -1000 -10 -1 -1 -1
265 19144 Car -1 -1 -10 228.83 190.29 441.57 327.36 -1000 -1000 -1000 -10 -1 -1 -1
265 19145 Car -1 -1 -10 514.23 171.60 591.37 236.20 -1000 -1000 -1000 -10 -1 -1 -1
266 19146 Car -1 -1 -10 518.63 174.43 590.64 237.61 -1000 -1000 -1000 -10 -1 -1 -1
266 19147 Car -1 -1 -10 216.67 199.24 420.33 330.24 -1000 -1000 -1000 -10 -1 -1 -1
267 19148 Car -1 -1 -10 202.33 194.21 433.37 333.08 -1000 -1000 -1000 -10 -1 -1 -1
267 19149 Car -1 -1 -10 510.03 174.98 589.43 234.41 -1000 -1000 -1000 -10 -1 -1 -1
268 19150 Car -1 -1 -10 189.74 193.04 431.41 335.54 -1000 -1000 -1000 -10 -1 -1 -1
268 19151 Car -1 -1 -10 508.96 173.06 587.70 234.05 -1000 -1000 -1000 -10 -1 -1 -1
269 19152 Car -1 -1 -10 178.83 195.44 421.56 340.15 -1000 -1000 -1000 -10 -1 -1 -1
269 19153 Car -1 -1 -10 504.86 172.36 587.03 233.72 -1000 -1000 -1000 -10 -1 -1 -1
269 19154 Car -1 -1 -10 116.86 192.05 248.41 274.96 -1000 -1000 -1000 -10 -1 -1 -1
269 19155 Car -1 -1 -10 484.59 159.23 529.70 195.74 -1000 -1000 -1000 -10 -1 -1 -1
270 19156 Car -1 -1 -10 166.43 198.11 420.84 345.80 -1000 -1000 -1000 -10 -1 -1 -1
270 19157 Car -1 -1 -10 505.08 172.68 587.37 236.01 -1000 -1000 -1000 -10 -1 -1 -1
270 19158 Car -1 -1 -10 7.25 194.29 228.66 302.84 -1000 -1000 -1000 -10 -1 -1 -1
271 19159 Car -1 -1 -10 154.79 196.23 418.36 344.96 -1000 -1000 -1000 -10 -1 -1 -1
271 19160 Car -1 -1 -10 0.00 197.98 174.84 332.60 -1000 -1000 -1000 -10 -1 -1 -1
271 19161 Car -1 -1 -10 504.76 172.12 586.84 236.73 -1000 -1000 -1000 -10 -1 -1 -1
271 19162 Car -1 -1 -10 582.82 176.19 624.80 207.09 -1000 -1000 -1000 -10 -1 -1 -1
272 19163 Car -1 -1 -10 144.93 197.29 417.40 355.61 -1000 -1000 -1000 -10 -1 -1 -1
272 19164 Car -1 -1 -10 0.20 201.38 68.58 330.31 -1000 -1000 -1000 -10 -1 -1 -1
272 19165 Car -1 -1 -10 501.57 173.46 587.62 237.70 -1000 -1000 -1000 -10 -1 -1 -1
272 19166 Car -1 -1 -10 463.39 157.25 512.35 199.70 -1000 -1000 -1000 -10 -1 -1 -1
272 19167 Car -1 -1 -10 582.05 172.82 625.03 206.51 -1000 -1000 -1000 -10 -1 -1 -1
273 19168 Car -1 -1 -10 137.55 196.21 418.26 356.71 -1000 -1000 -1000 -10 -1 -1 -1
273 19169 Car -1 -1 -10 504.31 173.38 586.47 238.59 -1000 -1000 -1000 -10 -1 -1 -1
273 19170 Car -1 -1 -10 456.20 155.52 507.87 202.98 -1000 -1000 -1000 -10 -1 -1 -1
273 19171 Car -1 -1 -10 457.03 156.08 508.78 202.45 -1000 -1000 -1000 -10 -1 -1 -1
274 19172 Car -1 -1 -10 127.92 196.87 414.71 359.12 -1000 -1000 -1000 -10 -1 -1 -1
274 19173 Car -1 -1 -10 505.79 172.56 587.60 240.14 -1000 -1000 -1000 -10 -1 -1 -1
274 19174 Car -1 -1 -10 585.10 173.66 627.36 207.54 -1000 -1000 -1000 -10 -1 -1 -1
274 19175 Car -1 -1 -10 447.33 154.66 505.64 203.07 -1000 -1000 -1000 -10 -1 -1 -1
275 19176 Car -1 -1 -10 122.68 199.56 411.92 359.97 -1000 -1000 -1000 -10 -1 -1 -1
275 19177 Car -1 -1 -10 505.19 171.13 587.67 237.59 -1000 -1000 -1000 -10 -1 -1 -1
276 19178 Car -1 -1 -10 117.56 195.43 410.58 361.74 -1000 -1000 -1000 -10 -1 -1 -1
276 19179 Car -1 -1 -10 503.49 169.32 586.08 237.51 -1000 -1000 -1000 -10 -1 -1 -1
276 19180 Car -1 -1 -10 427.92 150.88 493.61 205.40 -1000 -1000 -1000 -10 -1 -1 -1
276 19181 Car -1 -1 -10 585.16 169.48 629.61 204.97 -1000 -1000 -1000 -10 -1 -1 -1
277 19182 Car -1 -1 -10 114.94 196.31 411.62 364.00 -1000 -1000 -1000 -10 -1 -1 -1
277 19183 Car -1 -1 -10 502.62 168.72 586.44 238.67 -1000 -1000 -1000 -10 -1 -1 -1
277 19184 Car -1 -1 -10 414.58 149.32 487.01 208.42 -1000 -1000 -1000 -10 -1 -1 -1
277 19185 Car -1 -1 -10 583.05 168.40 629.80 205.52 -1000 -1000 -1000 -10 -1 -1 -1
278 19186 Car -1 -1 -10 110.14 195.91 413.53 363.48 -1000 -1000 -1000 -10 -1 -1 -1
278 19187 Car -1 -1 -10 502.50 169.04 585.06 237.99 -1000 -1000 -1000 -10 -1 -1 -1
278 19188 Car -1 -1 -10 585.35 168.02 631.12 207.10 -1000 -1000 -1000 -10 -1 -1 -1
278 19189 Car -1 -1 -10 400.59 148.28 478.59 209.73 -1000 -1000 -1000 -10 -1 -1 -1
279 19190 Car -1 -1 -10 110.12 195.43 413.87 364.23 -1000 -1000 -1000 -10 -1 -1 -1
279 19191 Car -1 -1 -10 504.39 168.19 585.41 238.37 -1000 -1000 -1000 -10 -1 -1 -1
279 19192 Car -1 -1 -10 385.03 145.51 470.59 212.12 -1000 -1000 -1000 -10 -1 -1 -1
279 19193 Car -1 -1 -10 581.70 169.27 632.15 203.33 -1000 -1000 -1000 -10 -1 -1 -1
280 19194 Car -1 -1 -10 110.50 194.66 413.49 362.58 -1000 -1000 -1000 -10 -1 -1 -1
280 19195 Car -1 -1 -10 503.13 167.00 585.63 237.98 -1000 -1000 -1000 -10 -1 -1 -1
280 19196 Car -1 -1 -10 368.37 144.76 461.04 213.61 -1000 -1000 -1000 -10 -1 -1 -1
280 19197 Car -1 -1 -10 369.46 144.47 461.45 212.67 -1000 -1000 -1000 -10 -1 -1 -1
281 19198 Car -1 -1 -10 113.04 194.26 416.11 362.46 -1000 -1000 -1000 -10 -1 -1 -1
281 19199 Car -1 -1 -10 503.34 167.99 585.36 236.93 -1000 -1000 -1000 -10 -1 -1 -1
281 19200 Car -1 -1 -10 347.07 143.33 451.40 218.39 -1000 -1000 -1000 -10 -1 -1 -1
282 19201 Car -1 -1 -10 116.87 192.73 416.43 362.06 -1000 -1000 -1000 -10 -1 -1 -1
282 19202 Car -1 -1 -10 504.34 167.30 585.66 238.55 -1000 -1000 -1000 -10 -1 -1 -1
282 19203 Car -1 -1 -10 324.73 139.63 441.79 223.04 -1000 -1000 -1000 -10 -1 -1 -1
283 19204 Car -1 -1 -10 119.60 194.13 416.59 360.28 -1000 -1000 -1000 -10 -1 -1 -1
283 19205 Car -1 -1 -10 505.27 168.08 585.09 239.78 -1000 -1000 -1000 -10 -1 -1 -1
283 19206 Car -1 -1 -10 296.81 139.42 427.04 219.53 -1000 -1000 -1000 -10 -1 -1 -1
284 19207 Car -1 -1 -10 124.16 197.53 418.47 361.05 -1000 -1000 -1000 -10 -1 -1 -1
284 19208 Car -1 -1 -10 504.21 172.69 586.06 242.55 -1000 -1000 -1000 -10 -1 -1 -1
284 19209 Car -1 -1 -10 261.86 140.92 413.47 220.11 -1000 -1000 -1000 -10 -1 -1 -1
284 19210 Car -1 -1 -10 594.15 178.01 637.51 208.44 -1000 -1000 -1000 -10 -1 -1 -1
285 19211 Car -1 -1 -10 504.20 173.20 586.60 244.17 -1000 -1000 -1000 -10 -1 -1 -1
285 19212 Car -1 -1 -10 129.09 192.46 421.25 360.12 -1000 -1000 -1000 -10 -1 -1 -1
285 19213 Car -1 -1 -10 219.98 139.88 394.70 214.53 -1000 -1000 -1000 -10 -1 -1 -1
285 19214 Car -1 -1 -10 473.60 177.48 507.05 201.73 -1000 -1000 -1000 -10 -1 -1 -1
286 19215 Car -1 -1 -10 503.91 173.21 587.33 243.94 -1000 -1000 -1000 -10 -1 -1 -1
286 19216 Car -1 -1 -10 467.24 178.34 503.77 203.34 -1000 -1000 -1000 -10 -1 -1 -1
286 19217 Car -1 -1 -10 135.14 198.23 422.26 359.93 -1000 -1000 -1000 -10 -1 -1 -1
287 19218 Car -1 -1 -10 503.79 172.93 587.53 244.33 -1000 -1000 -1000 -10 -1 -1 -1
287 19219 Car -1 -1 -10 139.35 200.84 425.58 359.94 -1000 -1000 -1000 -10 -1 -1 -1
287 19220 Car -1 -1 -10 80.56 131.62 344.93 278.11 -1000 -1000 -1000 -10 -1 -1 -1
287 19221 Car -1 -1 -10 461.17 176.58 503.79 206.48 -1000 -1000 -1000 -10 -1 -1 -1
288 19222 Car -1 -1 -10 133.84 199.93 426.69 359.12 -1000 -1000 -1000 -10 -1 -1 -1
288 19223 Car -1 -1 -10 504.82 172.11 588.33 243.64 -1000 -1000 -1000 -10 -1 -1 -1
288 19224 Car -1 -1 -10 452.81 178.91 498.74 207.77 -1000 -1000 -1000 -10 -1 -1 -1
288 19225 Car -1 -1 -10 0.00 126.01 311.56 299.93 -1000 -1000 -1000 -10 -1 -1 -1
288 19226 Car -1 -1 -10 0.00 126.01 308.69 300.61 -1000 -1000 -1000 -10 -1 -1 -1
289 19227 Car -1 -1 -10 146.47 197.87 427.98 358.31 -1000 -1000 -1000 -10 -1 -1 -1
289 19228 Car -1 -1 -10 504.47 172.05 588.23 243.49 -1000 -1000 -1000 -10 -1 -1 -1
289 19229 Car -1 -1 -10 0.00 121.01 267.30 333.90 -1000 -1000 -1000 -10 -1 -1 -1
289 19230 Car -1 -1 -10 444.59 181.33 490.58 208.98 -1000 -1000 -1000 -10 -1 -1 -1
290 19231 Car -1 -1 -10 149.75 198.45 428.47 357.95 -1000 -1000 -1000 -10 -1 -1 -1
290 19232 Car -1 -1 -10 503.17 171.60 587.61 243.20 -1000 -1000 -1000 -10 -1 -1 -1
290 19233 Car -1 -1 -10 0.11 111.82 208.36 326.47 -1000 -1000 -1000 -10 -1 -1 -1
290 19234 Car -1 -1 -10 434.31 183.03 479.67 215.20 -1000 -1000 -1000 -10 -1 -1 -1
291 19235 Car -1 -1 -10 151.76 198.38 430.39 358.38 -1000 -1000 -1000 -10 -1 -1 -1
291 19236 Car -1 -1 -10 501.50 172.18 586.70 244.19 -1000 -1000 -1000 -10 -1 -1 -1
291 19237 Car -1 -1 -10 0.20 104.60 131.43 334.11 -1000 -1000 -1000 -10 -1 -1 -1
291 19238 Car -1 -1 -10 418.75 180.17 474.16 215.38 -1000 -1000 -1000 -10 -1 -1 -1
292 19239 Car -1 -1 -10 153.55 198.77 431.82 355.34 -1000 -1000 -1000 -10 -1 -1 -1
292 19240 Car -1 -1 -10 500.10 172.32 586.50 243.85 -1000 -1000 -1000 -10 -1 -1 -1
292 19241 Car -1 -1 -10 405.51 180.26 466.01 218.02 -1000 -1000 -1000 -10 -1 -1 -1
293 19242 Car -1 -1 -10 158.48 198.11 432.45 351.58 -1000 -1000 -1000 -10 -1 -1 -1
293 19243 Car -1 -1 -10 502.68 172.59 585.91 243.99 -1000 -1000 -1000 -10 -1 -1 -1
293 19244 Car -1 -1 -10 390.69 179.66 455.96 220.96 -1000 -1000 -1000 -10 -1 -1 -1
294 19245 Car -1 -1 -10 160.04 198.47 432.82 350.76 -1000 -1000 -1000 -10 -1 -1 -1
294 19246 Car -1 -1 -10 502.48 172.92 585.66 243.94 -1000 -1000 -1000 -10 -1 -1 -1
294 19247 Car -1 -1 -10 369.88 179.06 444.13 223.13 -1000 -1000 -1000 -10 -1 -1 -1
294 19248 Car -1 -1 -10 479.28 178.38 510.13 201.84 -1000 -1000 -1000 -10 -1 -1 -1
295 19249 Car -1 -1 -10 161.78 197.09 433.14 347.31 -1000 -1000 -1000 -10 -1 -1 -1
295 19250 Car -1 -1 -10 501.65 173.03 585.23 243.20 -1000 -1000 -1000 -10 -1 -1 -1
295 19251 Car -1 -1 -10 472.77 174.15 511.70 202.52 -1000 -1000 -1000 -10 -1 -1 -1
295 19252 Car -1 -1 -10 361.79 180.52 429.85 225.13 -1000 -1000 -1000 -10 -1 -1 -1
296 19253 Car -1 -1 -10 502.95 173.01 584.52 244.26 -1000 -1000 -1000 -10 -1 -1 -1
296 19254 Car -1 -1 -10 164.06 197.10 433.77 351.26 -1000 -1000 -1000 -10 -1 -1 -1
296 19255 Car -1 -1 -10 463.88 174.41 508.90 206.57 -1000 -1000 -1000 -10 -1 -1 -1
297 19256 Car -1 -1 -10 502.63 172.64 583.97 244.70 -1000 -1000 -1000 -10 -1 -1 -1
297 19257 Car -1 -1 -10 167.97 198.09 433.34 349.61 -1000 -1000 -1000 -10 -1 -1 -1
297 19258 Car -1 -1 -10 455.28 175.40 502.72 208.54 -1000 -1000 -1000 -10 -1 -1 -1
298 19259 Car -1 -1 -10 502.05 173.65 584.07 245.90 -1000 -1000 -1000 -10 -1 -1 -1
298 19260 Car -1 -1 -10 170.66 192.62 435.54 351.31 -1000 -1000 -1000 -10 -1 -1 -1
298 19261 Car -1 -1 -10 443.90 177.88 494.67 211.55 -1000 -1000 -1000 -10 -1 -1 -1
299 19262 Car -1 -1 -10 172.61 194.89 434.69 352.82 -1000 -1000 -1000 -10 -1 -1 -1
299 19263 Car -1 -1 -10 501.58 173.68 583.82 246.14 -1000 -1000 -1000 -10 -1 -1 -1
299 19264 Car -1 -1 -10 433.53 179.43 487.75 213.51 -1000 -1000 -1000 -10 -1 -1 -1
300 19265 Car -1 -1 -10 501.02 173.50 583.79 247.00 -1000 -1000 -1000 -10 -1 -1 -1
300 19266 Car -1 -1 -10 168.90 195.48 435.17 349.40 -1000 -1000 -1000 -10 -1 -1 -1
300 19267 Car -1 -1 -10 419.77 179.91 477.13 216.01 -1000 -1000 -1000 -10 -1 -1 -1
301 19268 Car -1 -1 -10 501.10 174.76 583.48 246.83 -1000 -1000 -1000 -10 -1 -1 -1
301 19269 Car -1 -1 -10 66.33 193.36 239.74 294.01 -1000 -1000 -1000 -10 -1 -1 -1
301 19270 Car -1 -1 -10 403.54 180.34 470.62 218.91 -1000 -1000 -1000 -10 -1 -1 -1
301 19271 Car -1 -1 -10 172.80 198.24 436.39 348.65 -1000 -1000 -1000 -10 -1 -1 -1
302 19272 Car -1 -1 -10 0.19 192.70 204.21 319.50 -1000 -1000 -1000 -10 -1 -1 -1
302 19273 Car -1 -1 -10 500.96 174.50 583.29 247.26 -1000 -1000 -1000 -10 -1 -1 -1
302 19274 Car -1 -1 -10 175.61 197.81 437.69 352.73 -1000 -1000 -1000 -10 -1 -1 -1
302 19275 Car -1 -1 -10 388.87 178.82 458.91 222.84 -1000 -1000 -1000 -10 -1 -1 -1
302 19276 Car -1 -1 -10 589.31 174.77 641.42 213.84 -1000 -1000 -1000 -10 -1 -1 -1
303 19277 Car -1 -1 -10 499.92 173.44 581.93 247.43 -1000 -1000 -1000 -10 -1 -1 -1
303 19278 Car -1 -1 -10 178.17 196.93 437.46 351.12 -1000 -1000 -1000 -10 -1 -1 -1
303 19279 Car -1 -1 -10 0.49 196.50 143.82 329.91 -1000 -1000 -1000 -10 -1 -1 -1
303 19280 Car -1 -1 -10 377.94 178.94 446.86 224.92 -1000 -1000 -1000 -10 -1 -1 -1
304 19281 Car -1 -1 -10 499.01 172.80 581.19 246.75 -1000 -1000 -1000 -10 -1 -1 -1
304 19282 Car -1 -1 -10 181.03 197.38 436.15 347.68 -1000 -1000 -1000 -10 -1 -1 -1
304 19283 Car -1 -1 -10 0.10 246.80 32.45 344.47 -1000 -1000 -1000 -10 -1 -1 -1
304 19284 Car -1 -1 -10 592.88 174.77 641.45 215.93 -1000 -1000 -1000 -10 -1 -1 -1
305 19285 Car -1 -1 -10 498.35 174.90 581.05 248.51 -1000 -1000 -1000 -10 -1 -1 -1
305 19286 Car -1 -1 -10 182.69 194.73 435.88 347.81 -1000 -1000 -1000 -10 -1 -1 -1
306 19287 Car -1 -1 -10 496.38 175.14 580.98 248.71 -1000 -1000 -1000 -10 -1 -1 -1
306 19288 Car -1 -1 -10 183.04 195.93 439.31 349.33 -1000 -1000 -1000 -10 -1 -1 -1
307 19289 Car -1 -1 -10 495.49 175.36 581.12 248.48 -1000 -1000 -1000 -10 -1 -1 -1
307 19290 Car -1 -1 -10 185.30 191.12 441.40 348.94 -1000 -1000 -1000 -10 -1 -1 -1
308 19291 Car -1 -1 -10 496.79 175.88 580.58 249.32 -1000 -1000 -1000 -10 -1 -1 -1
308 19292 Car -1 -1 -10 185.06 195.59 441.81 348.02 -1000 -1000 -1000 -10 -1 -1 -1
308 19293 Car -1 -1 -10 596.73 177.90 643.03 216.21 -1000 -1000 -1000 -10 -1 -1 -1
309 19294 Car -1 -1 -10 494.58 176.88 581.22 251.46 -1000 -1000 -1000 -10 -1 -1 -1
309 19295 Car -1 -1 -10 116.01 184.80 298.83 279.06 -1000 -1000 -1000 -10 -1 -1 -1
309 19296 Car -1 -1 -10 184.77 199.18 438.80 348.25 -1000 -1000 -1000 -10 -1 -1 -1
309 19297 Car -1 -1 -10 597.17 183.62 642.54 217.22 -1000 -1000 -1000 -10 -1 -1 -1
309 19298 Car -1 -1 -10 472.48 178.88 509.38 205.40 -1000 -1000 -1000 -10 -1 -1 -1
310 19299 Car -1 -1 -10 493.05 178.02 579.84 252.93 -1000 -1000 -1000 -10 -1 -1 -1
310 19300 Car -1 -1 -10 14.61 188.12 254.94 299.60 -1000 -1000 -1000 -10 -1 -1 -1
310 19301 Car -1 -1 -10 183.42 197.37 439.62 347.60 -1000 -1000 -1000 -10 -1 -1 -1
310 19302 Car -1 -1 -10 463.91 178.97 503.24 208.09 -1000 -1000 -1000 -10 -1 -1 -1
310 19303 Car -1 -1 -10 597.06 186.79 642.62 217.50 -1000 -1000 -1000 -10 -1 -1 -1
311 19304 Car -1 -1 -10 491.50 177.76 578.89 252.87 -1000 -1000 -1000 -10 -1 -1 -1
311 19305 Car -1 -1 -10 0.06 192.76 208.51 327.34 -1000 -1000 -1000 -10 -1 -1 -1
311 19306 Car -1 -1 -10 179.15 196.78 438.62 348.81 -1000 -1000 -1000 -10 -1 -1 -1
311 19307 Car -1 -1 -10 456.56 179.28 500.85 210.39 -1000 -1000 -1000 -10 -1 -1 -1
311 19308 Car -1 -1 -10 597.30 186.33 642.62 216.83 -1000 -1000 -1000 -10 -1 -1 -1
312 19309 Car -1 -1 -10 491.92 177.83 579.18 254.30 -1000 -1000 -1000 -10 -1 -1 -1
312 19310 Car -1 -1 -10 182.69 198.45 436.71 352.59 -1000 -1000 -1000 -10 -1 -1 -1
312 19311 Car -1 -1 -10 0.46 195.50 128.51 327.76 -1000 -1000 -1000 -10 -1 -1 -1
312 19312 Car -1 -1 -10 446.47 179.51 496.45 212.87 -1000 -1000 -1000 -10 -1 -1 -1
312 19313 Car -1 -1 -10 597.05 184.68 643.25 217.92 -1000 -1000 -1000 -10 -1 -1 -1
313 19314 Car -1 -1 -10 490.64 177.77 578.62 255.13 -1000 -1000 -1000 -10 -1 -1 -1
313 19315 Car -1 -1 -10 179.92 197.82 435.76 353.07 -1000 -1000 -1000 -10 -1 -1 -1
313 19316 Car -1 -1 -10 436.02 180.58 490.15 213.43 -1000 -1000 -1000 -10 -1 -1 -1
313 19317 Car -1 -1 -10 598.20 185.38 643.80 217.88 -1000 -1000 -1000 -10 -1 -1 -1
314 19318 Car -1 -1 -10 489.23 177.74 578.18 256.80 -1000 -1000 -1000 -10 -1 -1 -1
314 19319 Car -1 -1 -10 175.63 197.48 440.31 355.63 -1000 -1000 -1000 -10 -1 -1 -1
314 19320 Car -1 -1 -10 597.94 184.64 644.16 219.32 -1000 -1000 -1000 -10 -1 -1 -1
314 19321 Car -1 -1 -10 421.19 183.40 484.15 217.74 -1000 -1000 -1000 -10 -1 -1 -1
315 19322 Car -1 -1 -10 171.45 198.40 440.73 357.38 -1000 -1000 -1000 -10 -1 -1 -1
315 19323 Car -1 -1 -10 487.81 177.94 577.72 256.50 -1000 -1000 -1000 -10 -1 -1 -1
315 19324 Car -1 -1 -10 407.81 180.64 474.19 218.75 -1000 -1000 -1000 -10 -1 -1 -1
315 19325 Car -1 -1 -10 597.56 182.78 644.14 219.13 -1000 -1000 -1000 -10 -1 -1 -1
316 19326 Car -1 -1 -10 169.14 199.54 440.69 357.09 -1000 -1000 -1000 -10 -1 -1 -1
316 19327 Car -1 -1 -10 486.69 178.02 577.73 256.42 -1000 -1000 -1000 -10 -1 -1 -1
316 19328 Car -1 -1 -10 393.98 182.07 466.39 223.45 -1000 -1000 -1000 -10 -1 -1 -1
316 19329 Car -1 -1 -10 596.71 180.15 644.81 222.93 -1000 -1000 -1000 -10 -1 -1 -1
317 19330 Car -1 -1 -10 485.93 177.85 577.52 259.18 -1000 -1000 -1000 -10 -1 -1 -1
317 19331 Car -1 -1 -10 163.53 198.60 439.63 358.26 -1000 -1000 -1000 -10 -1 -1 -1
317 19332 Car -1 -1 -10 382.06 182.65 455.36 224.80 -1000 -1000 -1000 -10 -1 -1 -1
317 19333 Car -1 -1 -10 596.54 177.27 644.54 223.15 -1000 -1000 -1000 -10 -1 -1 -1
318 19334 Car -1 -1 -10 161.34 196.95 438.99 358.67 -1000 -1000 -1000 -10 -1 -1 -1
318 19335 Car -1 -1 -10 483.74 178.50 577.26 258.58 -1000 -1000 -1000 -10 -1 -1 -1
318 19336 Car -1 -1 -10 365.58 183.03 440.95 228.57 -1000 -1000 -1000 -10 -1 -1 -1
318 19337 Car -1 -1 -10 596.14 175.89 643.88 221.99 -1000 -1000 -1000 -10 -1 -1 -1
319 19338 Car -1 -1 -10 483.23 177.77 577.19 258.40 -1000 -1000 -1000 -10 -1 -1 -1
319 19339 Car -1 -1 -10 155.91 196.38 437.56 360.57 -1000 -1000 -1000 -10 -1 -1 -1
319 19340 Car -1 -1 -10 347.74 181.19 426.96 234.12 -1000 -1000 -1000 -10 -1 -1 -1
319 19341 Car -1 -1 -10 595.83 178.68 643.85 223.14 -1000 -1000 -1000 -10 -1 -1 -1
320 19342 Car -1 -1 -10 152.45 194.41 436.18 359.21 -1000 -1000 -1000 -10 -1 -1 -1
320 19343 Car -1 -1 -10 482.36 175.75 577.42 257.99 -1000 -1000 -1000 -10 -1 -1 -1
320 19344 Car -1 -1 -10 596.78 179.74 644.24 219.37 -1000 -1000 -1000 -10 -1 -1 -1
321 19345 Car -1 -1 -10 147.56 190.83 435.26 359.75 -1000 -1000 -1000 -10 -1 -1 -1
321 19346 Car -1 -1 -10 480.29 173.43 576.92 257.84 -1000 -1000 -1000 -10 -1 -1 -1
321 19347 Car -1 -1 -10 596.56 184.08 643.52 217.01 -1000 -1000 -1000 -10 -1 -1 -1
322 19348 Car -1 -1 -10 480.15 173.40 576.42 258.04 -1000 -1000 -1000 -10 -1 -1 -1
322 19349 Car -1 -1 -10 141.18 193.17 435.21 359.50 -1000 -1000 -1000 -10 -1 -1 -1
322 19350 Car -1 -1 -10 596.09 183.28 643.00 215.33 -1000 -1000 -1000 -10 -1 -1 -1
323 19351 Car -1 -1 -10 479.59 173.65 576.68 257.84 -1000 -1000 -1000 -10 -1 -1 -1
323 19352 Car -1 -1 -10 136.21 191.12 434.62 360.88 -1000 -1000 -1000 -10 -1 -1 -1
323 19353 Car -1 -1 -10 596.19 182.21 644.21 215.51 -1000 -1000 -1000 -10 -1 -1 -1
324 19354 Car -1 -1 -10 478.48 172.93 576.23 257.79 -1000 -1000 -1000 -10 -1 -1 -1
324 19355 Car -1 -1 -10 135.73 194.74 435.27 361.03 -1000 -1000 -1000 -10 -1 -1 -1
324 19356 Car -1 -1 -10 596.59 178.13 644.51 215.83 -1000 -1000 -1000 -10 -1 -1 -1
324 19357 Car -1 -1 -10 45.13 188.41 272.31 289.23 -1000 -1000 -1000 -10 -1 -1 -1
325 19358 Car -1 -1 -10 134.57 194.95 433.22 363.45 -1000 -1000 -1000 -10 -1 -1 -1
325 19359 Car -1 -1 -10 478.34 172.70 576.70 258.20 -1000 -1000 -1000 -10 -1 -1 -1
325 19360 Car -1 -1 -10 0.05 188.56 220.15 309.87 -1000 -1000 -1000 -10 -1 -1 -1
325 19361 Car -1 -1 -10 596.99 176.94 644.67 215.81 -1000 -1000 -1000 -10 -1 -1 -1
326 19362 Car -1 -1 -10 131.90 192.74 434.58 362.63 -1000 -1000 -1000 -10 -1 -1 -1
326 19363 Car -1 -1 -10 478.15 172.44 576.86 257.90 -1000 -1000 -1000 -10 -1 -1 -1
326 19364 Car -1 -1 -10 0.29 192.46 186.71 334.62 -1000 -1000 -1000 -10 -1 -1 -1
326 19365 Car -1 -1 -10 596.24 177.27 644.71 216.50 -1000 -1000 -1000 -10 -1 -1 -1
327 19366 Car -1 -1 -10 133.82 192.91 432.46 362.41 -1000 -1000 -1000 -10 -1 -1 -1
327 19367 Car -1 -1 -10 477.70 173.02 575.35 257.40 -1000 -1000 -1000 -10 -1 -1 -1
327 19368 Car -1 -1 -10 0.19 201.44 120.72 328.34 -1000 -1000 -1000 -10 -1 -1 -1
327 19369 Car -1 -1 -10 595.95 177.88 644.46 216.70 -1000 -1000 -1000 -10 -1 -1 -1
328 19370 Car -1 -1 -10 478.23 172.32 575.54 257.86 -1000 -1000 -1000 -10 -1 -1 -1
328 19371 Car -1 -1 -10 134.98 193.84 433.30 361.27 -1000 -1000 -1000 -10 -1 -1 -1
328 19372 Car -1 -1 -10 596.59 178.55 644.51 216.27 -1000 -1000 -1000 -10 -1 -1 -1
329 19373 Car -1 -1 -10 137.55 193.92 433.29 360.71 -1000 -1000 -1000 -10 -1 -1 -1
329 19374 Car -1 -1 -10 479.08 171.77 574.40 258.33 -1000 -1000 -1000 -10 -1 -1 -1
329 19375 Car -1 -1 -10 596.10 181.50 644.42 216.72 -1000 -1000 -1000 -10 -1 -1 -1
330 19376 Car -1 -1 -10 140.11 195.48 434.66 359.52 -1000 -1000 -1000 -10 -1 -1 -1
330 19377 Car -1 -1 -10 479.52 172.55 574.67 258.34 -1000 -1000 -1000 -10 -1 -1 -1
330 19378 Car -1 -1 -10 596.00 182.46 644.80 219.31 -1000 -1000 -1000 -10 -1 -1 -1
331 19379 Car -1 -1 -10 147.20 195.17 436.47 359.61 -1000 -1000 -1000 -10 -1 -1 -1
331 19380 Car -1 -1 -10 479.90 172.35 574.26 258.02 -1000 -1000 -1000 -10 -1 -1 -1
331 19381 Car -1 -1 -10 595.79 181.61 644.64 219.60 -1000 -1000 -1000 -10 -1 -1 -1
332 19382 Car -1 -1 -10 150.78 195.64 437.04 358.34 -1000 -1000 -1000 -10 -1 -1 -1
332 19383 Car -1 -1 -10 479.45 172.48 575.02 257.40 -1000 -1000 -1000 -10 -1 -1 -1
332 19384 Car -1 -1 -10 596.01 181.47 645.07 218.63 -1000 -1000 -1000 -10 -1 -1 -1
333 19385 Car -1 -1 -10 153.50 195.37 438.17 358.22 -1000 -1000 -1000 -10 -1 -1 -1
333 19386 Car -1 -1 -10 480.47 174.24 573.64 256.62 -1000 -1000 -1000 -10 -1 -1 -1
333 19387 Car -1 -1 -10 596.30 179.63 645.13 217.19 -1000 -1000 -1000 -10 -1 -1 -1
334 19388 Car -1 -1 -10 160.61 194.27 440.51 356.91 -1000 -1000 -1000 -10 -1 -1 -1
334 19389 Car -1 -1 -10 480.73 174.44 573.85 255.01 -1000 -1000 -1000 -10 -1 -1 -1
334 19390 Car -1 -1 -10 595.71 175.41 644.62 216.73 -1000 -1000 -1000 -10 -1 -1 -1
335 19391 Car -1 -1 -10 169.87 194.55 442.35 355.94 -1000 -1000 -1000 -10 -1 -1 -1
335 19392 Car -1 -1 -10 480.61 172.48 573.72 255.64 -1000 -1000 -1000 -10 -1 -1 -1
335 19393 Car -1 -1 -10 596.10 178.84 644.73 215.87 -1000 -1000 -1000 -10 -1 -1 -1
336 19394 Car -1 -1 -10 177.57 192.70 444.67 349.27 -1000 -1000 -1000 -10 -1 -1 -1
336 19395 Car -1 -1 -10 482.00 174.00 573.35 255.35 -1000 -1000 -1000 -10 -1 -1 -1
336 19396 Car -1 -1 -10 596.20 177.15 644.20 215.87 -1000 -1000 -1000 -10 -1 -1 -1
337 19397 Car -1 -1 -10 482.60 173.03 574.92 254.26 -1000 -1000 -1000 -10 -1 -1 -1
337 19398 Car -1 -1 -10 184.55 194.87 447.27 347.09 -1000 -1000 -1000 -10 -1 -1 -1
337 19399 Car -1 -1 -10 596.35 173.22 644.73 216.17 -1000 -1000 -1000 -10 -1 -1 -1
338 19400 Car -1 -1 -10 188.79 196.06 449.08 344.54 -1000 -1000 -1000 -10 -1 -1 -1
338 19401 Car -1 -1 -10 483.79 174.49 575.28 254.92 -1000 -1000 -1000 -10 -1 -1 -1
338 19402 Car -1 -1 -10 596.19 175.84 644.89 218.55 -1000 -1000 -1000 -10 -1 -1 -1
