0 1 Pedestrian -1 -1 -10 776.40 170.64 882.17 363.43 -1000 -1000 -1000 -10 -1 -1 -1
0 2 Pedestrian -1 -1 -10 777.50 265.18 885.57 374.14 -1000 -1000 -1000 -10 -1 -1 -1
0 3 Pedestrian -1 -1 -10 1108.40 171.70 1197.35 314.67 -1000 -1000 -1000 -10 -1 -1 -1
0 4 Pedestrian -1 -1 -10 297.29 168.58 453.34 284.54 -1000 -1000 -1000 -10 -1 -1 -1
0 5 Pedestrian -1 -1 -10 890.17 194.80 962.48 236.26 -1000 -1000 -1000 -10 -1 -1 -1
1 1 Pedestrian -1 -1 -10 779.77 168.59 882.18 355.25 -1000 -1000 -1000 -10 -1 -1 -1
1 2 Pedestrian -1 -1 -10 781.42 265.98 888.61 374.14 -1000 -1000 -1000 -10 -1 -1 -1
1 3 Pedestrian -1 -1 -10 1131.45 168.37 1220.71 312.29 -1000 -1000 -1000 -10 -1 -1 -1
1 4 Pedestrian -1 -1 -10 295.22 164.91 451.40 281.07 -1000 -1000 -1000 -10 -1 -1 -1
1 5 Pedestrian -1 -1 -10 909.15 197.17 974.78 234.72 -1000 -1000 -1000 -10 -1 -1 -1
2 1 Pedestrian -1 -1 -10 785.70 160.57 887.77 346.47 -1000 -1000 -1000 -10 -1 -1 -1
2 2 Pedestrian -1 -1 -10 783.64 257.58 898.78 374.23 -1000 -1000 -1000 -10 -1 -1 -1
2 3 Pedestrian -1 -1 -10 1151.82 161.17 1244.62 311.83 -1000 -1000 -1000 -10 -1 -1 -1
2 4 Pedestrian -1 -1 -10 296.69 160.31 447.69 272.66 -1000 -1000 -1000 -10 -1 -1 -1
3 1 Pedestrian -1 -1 -10 791.70 155.64 894.25 342.27 -1000 -1000 -1000 -10 -1 -1 -1
3 2 Pedestrian -1 -1 -10 789.43 256.60 904.68 374.04 -1000 -1000 -1000 -10 -1 -1 -1
3 3 Pedestrian -1 -1 -10 1170.37 156.35 1263.08 309.82 -1000 -1000 -1000 -10 -1 -1 -1
3 4 Pedestrian -1 -1 -10 293.76 153.17 444.69 265.59 -1000 -1000 -1000 -10 -1 -1 -1
4 1 Pedestrian -1 -1 -10 796.30 154.69 901.14 345.45 -1000 -1000 -1000 -10 -1 -1 -1
4 2 Pedestrian -1 -1 -10 793.15 252.73 909.88 372.72 -1000 -1000 -1000 -10 -1 -1 -1
4 4 Pedestrian -1 -1 -10 292.30 151.15 441.08 262.01 -1000 -1000 -1000 -10 -1 -1 -1
4 7 Pedestrian -1 -1 -10 85.64 2.06 133.29 106.23 -1000 -1000 -1000 -10 -1 -1 -1
5 1 Pedestrian -1 -1 -10 800.45 156.64 904.88 346.96 -1000 -1000 -1000 -10 -1 -1 -1
5 2 Pedestrian -1 -1 -10 798.07 249.90 916.24 373.01 -1000 -1000 -1000 -10 -1 -1 -1
5 4 Pedestrian -1 -1 -10 292.72 152.00 438.30 260.35 -1000 -1000 -1000 -10 -1 -1 -1
5 7 Pedestrian -1 -1 -10 75.72 1.25 123.05 104.49 -1000 -1000 -1000 -10 -1 -1 -1
5 8 Pedestrian -1 -1 -10 733.30 177.58 808.62 224.78 -1000 -1000 -1000 -10 -1 -1 -1
6 1 Pedestrian -1 -1 -10 804.87 156.79 908.95 346.52 -1000 -1000 -1000 -10 -1 -1 -1
6 2 Pedestrian -1 -1 -10 799.58 245.52 919.37 371.20 -1000 -1000 -1000 -10 -1 -1 -1
6 4 Pedestrian -1 -1 -10 291.72 153.28 435.56 260.53 -1000 -1000 -1000 -10 -1 -1 -1
7 1 Pedestrian -1 -1 -10 806.58 158.76 909.72 345.01 -1000 -1000 -1000 -10 -1 -1 -1
7 2 Pedestrian -1 -1 -10 799.53 244.29 921.67 372.93 -1000 -1000 -1000 -10 -1 -1 -1
7 4 Pedestrian -1 -1 -10 289.86 155.81 432.16 262.02 -1000 -1000 -1000 -10 -1 -1 -1
8 1 Pedestrian -1 -1 -10 808.12 161.33 912.00 347.16 -1000 -1000 -1000 -10 -1 -1 -1
8 2 Pedestrian -1 -1 -10 803.21 244.68 925.90 373.98 -1000 -1000 -1000 -10 -1 -1 -1
8 4 Pedestrian -1 -1 -10 287.24 157.71 429.19 263.94 -1000 -1000 -1000 -10 -1 -1 -1
8 11 Pedestrian -1 -1 -10 1049.20 192.10 1143.81 243.49 -1000 -1000 -1000 -10 -1 -1 -1
9 1 Pedestrian -1 -1 -10 810.06 162.96 916.33 352.58 -1000 -1000 -1000 -10 -1 -1 -1
9 2 Pedestrian -1 -1 -10 804.52 246.93 925.79 374.66 -1000 -1000 -1000 -10 -1 -1 -1
9 4 Pedestrian -1 -1 -10 285.41 156.06 427.17 262.63 -1000 -1000 -1000 -10 -1 -1 -1
9 11 Pedestrian -1 -1 -10 1061.85 186.06 1180.08 250.33 -1000 -1000 -1000 -10 -1 -1 -1
10 1 Pedestrian -1 -1 -10 807.33 167.68 914.44 357.35 -1000 -1000 -1000 -10 -1 -1 -1
10 2 Pedestrian -1 -1 -10 803.50 249.17 923.17 374.92 -1000 -1000 -1000 -10 -1 -1 -1
10 11 Pedestrian -1 -1 -10 1089.51 194.41 1204.82 256.88 -1000 -1000 -1000 -10 -1 -1 -1
11 1 Pedestrian -1 -1 -10 801.48 168.27 907.57 357.94 -1000 -1000 -1000 -10 -1 -1 -1
11 2 Pedestrian -1 -1 -10 806.21 252.38 923.25 375.01 -1000 -1000 -1000 -10 -1 -1 -1
11 11 Pedestrian -1 -1 -10 1118.48 199.37 1232.05 260.65 -1000 -1000 -1000 -10 -1 -1 -1
11 5 Pedestrian -1 -1 -10 905.48 189.93 1008.63 248.92 -1000 -1000 -1000 -10 -1 -1 -1
11 4 Pedestrian -1 -1 -10 285.47 161.61 424.15 265.74 -1000 -1000 -1000 -10 -1 -1 -1
12 1 Pedestrian -1 -1 -10 800.60 166.37 905.92 353.32 -1000 -1000 -1000 -10 -1 -1 -1
12 2 Pedestrian -1 -1 -10 801.75 252.36 918.87 374.63 -1000 -1000 -1000 -10 -1 -1 -1
12 11 Pedestrian -1 -1 -10 1138.09 197.74 1249.80 258.38 -1000 -1000 -1000 -10 -1 -1 -1
12 5 Pedestrian -1 -1 -10 915.27 186.66 1023.35 248.65 -1000 -1000 -1000 -10 -1 -1 -1
13 1 Pedestrian -1 -1 -10 801.96 166.12 903.12 344.51 -1000 -1000 -1000 -10 -1 -1 -1
13 2 Pedestrian -1 -1 -10 797.45 253.77 913.52 373.68 -1000 -1000 -1000 -10 -1 -1 -1
13 5 Pedestrian -1 -1 -10 930.41 183.58 1043.64 248.83 -1000 -1000 -1000 -10 -1 -1 -1
13 4 Pedestrian -1 -1 -10 281.66 156.96 420.30 261.25 -1000 -1000 -1000 -10 -1 -1 -1
14 1 Pedestrian -1 -1 -10 797.35 165.00 897.07 338.69 -1000 -1000 -1000 -10 -1 -1 -1
14 2 Pedestrian -1 -1 -10 797.65 255.31 910.56 372.22 -1000 -1000 -1000 -10 -1 -1 -1
14 5 Pedestrian -1 -1 -10 949.34 182.91 1066.11 250.25 -1000 -1000 -1000 -10 -1 -1 -1
14 4 Pedestrian -1 -1 -10 279.96 157.57 416.10 260.34 -1000 -1000 -1000 -10 -1 -1 -1
15 1 Pedestrian -1 -1 -10 795.15 168.62 892.50 337.33 -1000 -1000 -1000 -10 -1 -1 -1
15 2 Pedestrian -1 -1 -10 795.60 255.95 906.57 371.11 -1000 -1000 -1000 -10 -1 -1 -1
15 5 Pedestrian -1 -1 -10 969.37 182.59 1089.76 252.06 -1000 -1000 -1000 -10 -1 -1 -1
15 4 Pedestrian -1 -1 -10 279.20 158.13 413.51 259.75 -1000 -1000 -1000 -10 -1 -1 -1
16 1 Pedestrian -1 -1 -10 788.12 167.93 884.49 333.64 -1000 -1000 -1000 -10 -1 -1 -1
16 2 Pedestrian -1 -1 -10 786.65 251.89 899.91 369.93 -1000 -1000 -1000 -10 -1 -1 -1
16 5 Pedestrian -1 -1 -10 990.27 181.14 1114.84 252.98 -1000 -1000 -1000 -10 -1 -1 -1
16 4 Pedestrian -1 -1 -10 278.25 154.35 414.27 257.83 -1000 -1000 -1000 -10 -1 -1 -1
17 1 Pedestrian -1 -1 -10 784.93 171.67 880.49 335.62 -1000 -1000 -1000 -10 -1 -1 -1
17 2 Pedestrian -1 -1 -10 783.28 254.50 894.20 371.03 -1000 -1000 -1000 -10 -1 -1 -1
17 5 Pedestrian -1 -1 -10 1012.24 184.72 1142.00 259.58 -1000 -1000 -1000 -10 -1 -1 -1
17 4 Pedestrian -1 -1 -10 278.57 155.60 413.51 258.78 -1000 -1000 -1000 -10 -1 -1 -1
18 1 Pedestrian -1 -1 -10 780.65 175.56 877.33 342.54 -1000 -1000 -1000 -10 -1 -1 -1
18 2 Pedestrian -1 -1 -10 777.63 255.97 888.39 372.03 -1000 -1000 -1000 -10 -1 -1 -1
18 5 Pedestrian -1 -1 -10 1037.41 191.41 1169.05 266.86 -1000 -1000 -1000 -10 -1 -1 -1
19 1 Pedestrian -1 -1 -10 774.35 181.92 869.11 345.48 -1000 -1000 -1000 -10 -1 -1 -1
19 2 Pedestrian -1 -1 -10 772.12 260.04 880.54 373.54 -1000 -1000 -1000 -10 -1 -1 -1
19 5 Pedestrian -1 -1 -10 1060.72 195.16 1202.45 276.44 -1000 -1000 -1000 -10 -1 -1 -1
19 4 Pedestrian -1 -1 -10 282.16 168.30 411.77 267.74 -1000 -1000 -1000 -10 -1 -1 -1
20 1 Pedestrian -1 -1 -10 766.16 187.20 861.21 350.57 -1000 -1000 -1000 -10 -1 -1 -1
20 2 Pedestrian -1 -1 -10 767.58 264.06 873.18 373.70 -1000 -1000 -1000 -10 -1 -1 -1
20 5 Pedestrian -1 -1 -10 1086.66 198.71 1231.26 281.54 -1000 -1000 -1000 -10 -1 -1 -1
20 4 Pedestrian -1 -1 -10 285.12 177.63 410.21 273.69 -1000 -1000 -1000 -10 -1 -1 -1
21 1 Pedestrian -1 -1 -10 757.04 187.66 852.62 351.77 -1000 -1000 -1000 -10 -1 -1 -1
21 2 Pedestrian -1 -1 -10 758.40 261.65 866.97 374.32 -1000 -1000 -1000 -10 -1 -1 -1
21 5 Pedestrian -1 -1 -10 1106.39 198.55 1249.69 282.06 -1000 -1000 -1000 -10 -1 -1 -1
21 4 Pedestrian -1 -1 -10 288.52 180.00 410.10 273.36 -1000 -1000 -1000 -10 -1 -1 -1
22 1 Pedestrian -1 -1 -10 749.14 184.42 847.05 353.54 -1000 -1000 -1000 -10 -1 -1 -1
22 2 Pedestrian -1 -1 -10 749.57 256.35 859.93 371.07 -1000 -1000 -1000 -10 -1 -1 -1
22 5 Pedestrian -1 -1 -10 1126.03 197.48 1263.59 280.57 -1000 -1000 -1000 -10 -1 -1 -1
22 4 Pedestrian -1 -1 -10 292.47 178.89 409.89 269.07 -1000 -1000 -1000 -10 -1 -1 -1
23 1 Pedestrian -1 -1 -10 742.57 180.04 839.35 349.10 -1000 -1000 -1000 -10 -1 -1 -1
23 2 Pedestrian -1 -1 -10 742.54 252.98 851.11 366.05 -1000 -1000 -1000 -10 -1 -1 -1
23 4 Pedestrian -1 -1 -10 295.39 174.11 412.56 264.73 -1000 -1000 -1000 -10 -1 -1 -1
24 1 Pedestrian -1 -1 -10 733.44 180.28 824.34 339.00 -1000 -1000 -1000 -10 -1 -1 -1
24 2 Pedestrian -1 -1 -10 735.69 254.35 840.68 363.37 -1000 -1000 -1000 -10 -1 -1 -1
24 4 Pedestrian -1 -1 -10 299.60 174.01 413.69 262.92 -1000 -1000 -1000 -10 -1 -1 -1
25 1 Pedestrian -1 -1 -10 722.63 180.06 812.02 335.98 -1000 -1000 -1000 -10 -1 -1 -1
25 2 Pedestrian -1 -1 -10 722.10 252.16 827.42 360.98 -1000 -1000 -1000 -10 -1 -1 -1
25 4 Pedestrian -1 -1 -10 301.85 172.55 413.95 260.78 -1000 -1000 -1000 -10 -1 -1 -1
26 1 Pedestrian -1 -1 -10 715.67 174.55 802.92 327.35 -1000 -1000 -1000 -10 -1 -1 -1
26 2 Pedestrian -1 -1 -10 711.62 244.93 817.77 355.14 -1000 -1000 -1000 -10 -1 -1 -1
26 4 Pedestrian -1 -1 -10 306.40 168.18 416.61 256.00 -1000 -1000 -1000 -10 -1 -1 -1
26 15 Pedestrian -1 -1 -10 831.51 197.10 906.38 250.78 -1000 -1000 -1000 -10 -1 -1 -1
27 1 Pedestrian -1 -1 -10 706.54 169.23 792.03 319.28 -1000 -1000 -1000 -10 -1 -1 -1
27 2 Pedestrian -1 -1 -10 698.32 240.86 804.53 349.95 -1000 -1000 -1000 -10 -1 -1 -1
27 4 Pedestrian -1 -1 -10 311.07 159.98 422.68 250.64 -1000 -1000 -1000 -10 -1 -1 -1
28 1 Pedestrian -1 -1 -10 696.09 169.02 777.51 311.99 -1000 -1000 -1000 -10 -1 -1 -1
28 2 Pedestrian -1 -1 -10 690.62 237.64 794.74 344.48 -1000 -1000 -1000 -10 -1 -1 -1
28 4 Pedestrian -1 -1 -10 319.69 161.38 424.44 247.75 -1000 -1000 -1000 -10 -1 -1 -1
29 1 Pedestrian -1 -1 -10 682.95 165.37 765.60 310.98 -1000 -1000 -1000 -10 -1 -1 -1
29 2 Pedestrian -1 -1 -10 678.86 231.13 785.77 340.81 -1000 -1000 -1000 -10 -1 -1 -1
29 4 Pedestrian -1 -1 -10 325.84 163.21 429.33 250.35 -1000 -1000 -1000 -10 -1 -1 -1
30 1 Pedestrian -1 -1 -10 673.59 167.31 754.91 310.38 -1000 -1000 -1000 -10 -1 -1 -1
30 2 Pedestrian -1 -1 -10 667.12 232.68 771.36 339.53 -1000 -1000 -1000 -10 -1 -1 -1
30 4 Pedestrian -1 -1 -10 329.65 165.45 433.76 254.48 -1000 -1000 -1000 -10 -1 -1 -1
31 1 Pedestrian -1 -1 -10 659.30 168.13 744.01 317.59 -1000 -1000 -1000 -10 -1 -1 -1
31 4 Pedestrian -1 -1 -10 337.87 166.13 437.62 252.69 -1000 -1000 -1000 -10 -1 -1 -1
32 1 Pedestrian -1 -1 -10 649.91 167.30 734.88 318.37 -1000 -1000 -1000 -10 -1 -1 -1
32 4 Pedestrian -1 -1 -10 344.63 166.27 441.28 251.00 -1000 -1000 -1000 -10 -1 -1 -1
33 1 Pedestrian -1 -1 -10 640.40 167.71 723.14 316.39 -1000 -1000 -1000 -10 -1 -1 -1
33 4 Pedestrian -1 -1 -10 355.41 166.98 449.78 250.31 -1000 -1000 -1000 -10 -1 -1 -1
34 1 Pedestrian -1 -1 -10 625.75 166.20 709.29 318.69 -1000 -1000 -1000 -10 -1 -1 -1
34 4 Pedestrian -1 -1 -10 366.25 165.98 461.01 249.75 -1000 -1000 -1000 -10 -1 -1 -1
35 1 Pedestrian -1 -1 -10 616.51 164.16 697.20 314.18 -1000 -1000 -1000 -10 -1 -1 -1
35 2 Pedestrian -1 -1 -10 612.06 210.07 724.99 328.13 -1000 -1000 -1000 -10 -1 -1 -1
36 1 Pedestrian -1 -1 -10 610.96 161.66 690.62 312.59 -1000 -1000 -1000 -10 -1 -1 -1
37 1 Pedestrian -1 -1 -10 602.66 158.86 681.99 312.37 -1000 -1000 -1000 -10 -1 -1 -1
37 20 Pedestrian -1 -1 -10 1057.32 186.20 1209.22 276.30 -1000 -1000 -1000 -10 -1 -1 -1
37 4 Pedestrian -1 -1 -10 391.99 148.15 498.93 244.00 -1000 -1000 -1000 -10 -1 -1 -1
38 1 Pedestrian -1 -1 -10 598.15 160.15 675.97 312.79 -1000 -1000 -1000 -10 -1 -1 -1
38 20 Pedestrian -1 -1 -10 1082.33 189.86 1238.47 282.63 -1000 -1000 -1000 -10 -1 -1 -1
38 4 Pedestrian -1 -1 -10 405.70 146.26 513.13 243.30 -1000 -1000 -1000 -10 -1 -1 -1
39 1 Pedestrian -1 -1 -10 594.86 163.07 669.86 311.76 -1000 -1000 -1000 -10 -1 -1 -1
39 20 Pedestrian -1 -1 -10 1108.92 191.77 1259.14 281.74 -1000 -1000 -1000 -10 -1 -1 -1
39 4 Pedestrian -1 -1 -10 420.75 148.41 525.22 243.05 -1000 -1000 -1000 -10 -1 -1 -1
39 2 Pedestrian -1 -1 -10 588.42 227.65 680.61 326.29 -1000 -1000 -1000 -10 -1 -1 -1
40 1 Pedestrian -1 -1 -10 592.90 164.63 666.60 312.23 -1000 -1000 -1000 -10 -1 -1 -1
41 1 Pedestrian -1 -1 -10 586.69 163.09 662.09 317.33 -1000 -1000 -1000 -10 -1 -1 -1
41 23 Pedestrian -1 -1 -10 755.54 214.00 846.93 318.59 -1000 -1000 -1000 -10 -1 -1 -1
41 4 Pedestrian -1 -1 -10 448.74 151.27 553.82 246.44 -1000 -1000 -1000 -10 -1 -1 -1
42 1 Pedestrian -1 -1 -10 584.81 167.78 655.98 315.27 -1000 -1000 -1000 -10 -1 -1 -1
42 23 Pedestrian -1 -1 -10 773.79 217.90 873.75 331.75 -1000 -1000 -1000 -10 -1 -1 -1
42 4 Pedestrian -1 -1 -10 463.75 151.09 570.32 247.55 -1000 -1000 -1000 -10 -1 -1 -1
43 1 Pedestrian -1 -1 -10 585.69 171.19 654.02 314.42 -1000 -1000 -1000 -10 -1 -1 -1
43 23 Pedestrian -1 -1 -10 807.27 222.85 916.43 346.90 -1000 -1000 -1000 -10 -1 -1 -1
43 2 Pedestrian -1 -1 -10 579.09 236.80 665.04 333.52 -1000 -1000 -1000 -10 -1 -1 -1
44 1 Pedestrian -1 -1 -10 587.96 170.21 652.65 305.29 -1000 -1000 -1000 -10 -1 -1 -1
44 23 Pedestrian -1 -1 -10 835.70 225.21 958.65 363.79 -1000 -1000 -1000 -10 -1 -1 -1
44 2 Pedestrian -1 -1 -10 582.42 237.59 665.12 335.04 -1000 -1000 -1000 -10 -1 -1 -1
45 1 Pedestrian -1 -1 -10 587.86 169.90 655.34 313.36 -1000 -1000 -1000 -10 -1 -1 -1
45 23 Pedestrian -1 -1 -10 875.44 227.01 1007.14 373.67 -1000 -1000 -1000 -10 -1 -1 -1
45 2 Pedestrian -1 -1 -10 587.09 240.57 663.83 335.01 -1000 -1000 -1000 -10 -1 -1 -1
46 1 Pedestrian -1 -1 -10 592.18 170.67 660.68 317.81 -1000 -1000 -1000 -10 -1 -1 -1
46 23 Pedestrian -1 -1 -10 920.92 233.64 1053.96 377.08 -1000 -1000 -1000 -10 -1 -1 -1
46 2 Pedestrian -1 -1 -10 593.64 245.84 664.52 336.17 -1000 -1000 -1000 -10 -1 -1 -1
47 1 Pedestrian -1 -1 -10 596.20 171.94 665.87 324.47 -1000 -1000 -1000 -10 -1 -1 -1
47 23 Pedestrian -1 -1 -10 977.53 239.84 1113.20 378.34 -1000 -1000 -1000 -10 -1 -1 -1
47 2 Pedestrian -1 -1 -10 599.21 242.37 671.15 337.71 -1000 -1000 -1000 -10 -1 -1 -1
48 1 Pedestrian -1 -1 -10 603.48 173.69 669.92 321.00 -1000 -1000 -1000 -10 -1 -1 -1
48 23 Pedestrian -1 -1 -10 1032.34 247.82 1169.02 377.76 -1000 -1000 -1000 -10 -1 -1 -1
48 2 Pedestrian -1 -1 -10 603.81 238.18 675.90 337.82 -1000 -1000 -1000 -10 -1 -1 -1
49 1 Pedestrian -1 -1 -10 611.32 171.02 679.57 324.03 -1000 -1000 -1000 -10 -1 -1 -1
50 1 Pedestrian -1 -1 -10 621.55 170.94 687.09 318.13 -1000 -1000 -1000 -10 -1 -1 -1
50 29 Pedestrian -1 -1 -10 939.58 238.36 1048.66 372.28 -1000 -1000 -1000 -10 -1 -1 -1
50 23 Pedestrian -1 -1 -10 1120.01 266.37 1235.86 375.13 -1000 -1000 -1000 -10 -1 -1 -1
50 2 Pedestrian -1 -1 -10 618.51 240.47 686.80 338.61 -1000 -1000 -1000 -10 -1 -1 -1
51 1 Pedestrian -1 -1 -10 630.64 169.79 695.21 316.79 -1000 -1000 -1000 -10 -1 -1 -1
51 29 Pedestrian -1 -1 -10 990.21 242.72 1097.71 373.35 -1000 -1000 -1000 -10 -1 -1 -1
52 1 Pedestrian -1 -1 -10 641.99 171.90 705.65 317.50 -1000 -1000 -1000 -10 -1 -1 -1
53 1 Pedestrian -1 -1 -10 650.43 167.91 717.45 322.59 -1000 -1000 -1000 -10 -1 -1 -1
53 33 Pedestrian -1 -1 -10 912.85 158.64 1005.50 227.44 -1000 -1000 -1000 -10 -1 -1 -1
54 1 Pedestrian -1 -1 -10 663.03 166.64 732.11 328.16 -1000 -1000 -1000 -10 -1 -1 -1
54 33 Pedestrian -1 -1 -10 932.53 159.16 1027.74 229.62 -1000 -1000 -1000 -10 -1 -1 -1
54 36 Pedestrian -1 -1 -10 706.10 157.53 825.73 240.51 -1000 -1000 -1000 -10 -1 -1 -1
55 1 Pedestrian -1 -1 -10 677.25 165.62 744.18 323.99 -1000 -1000 -1000 -10 -1 -1 -1
55 33 Pedestrian -1 -1 -10 958.26 157.93 1059.31 232.23 -1000 -1000 -1000 -10 -1 -1 -1
55 36 Pedestrian -1 -1 -10 731.41 156.97 850.70 239.67 -1000 -1000 -1000 -10 -1 -1 -1
56 1 Pedestrian -1 -1 -10 692.67 165.62 759.79 326.20 -1000 -1000 -1000 -10 -1 -1 -1
56 33 Pedestrian -1 -1 -10 980.52 155.68 1087.69 233.96 -1000 -1000 -1000 -10 -1 -1 -1
56 36 Pedestrian -1 -1 -10 750.60 151.91 879.42 241.28 -1000 -1000 -1000 -10 -1 -1 -1
57 1 Pedestrian -1 -1 -10 708.00 166.20 774.74 328.29 -1000 -1000 -1000 -10 -1 -1 -1
57 33 Pedestrian -1 -1 -10 1002.17 154.86 1116.01 237.29 -1000 -1000 -1000 -10 -1 -1 -1
57 36 Pedestrian -1 -1 -10 773.33 150.30 905.07 241.69 -1000 -1000 -1000 -10 -1 -1 -1
57 39 Pedestrian -1 -1 -10 1158.56 143.63 1252.43 236.01 -1000 -1000 -1000 -10 -1 -1 -1
58 1 Pedestrian -1 -1 -10 726.39 167.15 789.54 322.89 -1000 -1000 -1000 -10 -1 -1 -1
58 33 Pedestrian -1 -1 -10 1021.92 153.61 1140.00 238.28 -1000 -1000 -1000 -10 -1 -1 -1
58 36 Pedestrian -1 -1 -10 801.37 151.28 929.40 239.84 -1000 -1000 -1000 -10 -1 -1 -1
58 39 Pedestrian -1 -1 -10 1174.09 143.74 1267.07 236.41 -1000 -1000 -1000 -10 -1 -1 -1
59 1 Pedestrian -1 -1 -10 744.81 168.40 805.46 318.96 -1000 -1000 -1000 -10 -1 -1 -1
59 36 Pedestrian -1 -1 -10 851.52 154.01 966.75 234.73 -1000 -1000 -1000 -10 -1 -1 -1
60 1 Pedestrian -1 -1 -10 765.35 170.09 823.51 314.77 -1000 -1000 -1000 -10 -1 -1 -1
60 36 Pedestrian -1 -1 -10 861.47 153.97 982.66 237.99 -1000 -1000 -1000 -10 -1 -1 -1
60 33 Pedestrian -1 -1 -10 1063.35 152.91 1189.77 241.97 -1000 -1000 -1000 -10 -1 -1 -1
61 1 Pedestrian -1 -1 -10 785.02 170.04 840.74 307.09 -1000 -1000 -1000 -10 -1 -1 -1
61 36 Pedestrian -1 -1 -10 880.39 153.07 1005.09 238.76 -1000 -1000 -1000 -10 -1 -1 -1
61 33 Pedestrian -1 -1 -10 1086.51 152.46 1217.23 242.36 -1000 -1000 -1000 -10 -1 -1 -1
62 1 Pedestrian -1 -1 -10 802.56 168.50 859.22 307.04 -1000 -1000 -1000 -10 -1 -1 -1
62 36 Pedestrian -1 -1 -10 906.00 153.93 1027.68 236.23 -1000 -1000 -1000 -10 -1 -1 -1
62 33 Pedestrian -1 -1 -10 1093.95 152.94 1230.00 246.17 -1000 -1000 -1000 -10 -1 -1 -1
63 1 Pedestrian -1 -1 -10 817.98 167.40 879.40 317.31 -1000 -1000 -1000 -10 -1 -1 -1
63 33 Pedestrian -1 -1 -10 1105.44 153.13 1244.22 248.14 -1000 -1000 -1000 -10 -1 -1 -1
64 1 Pedestrian -1 -1 -10 835.68 165.49 898.27 318.16 -1000 -1000 -1000 -10 -1 -1 -1
64 33 Pedestrian -1 -1 -10 1112.98 153.02 1254.11 250.56 -1000 -1000 -1000 -10 -1 -1 -1
65 1 Pedestrian -1 -1 -10 857.81 167.26 913.85 301.84 -1000 -1000 -1000 -10 -1 -1 -1
65 33 Pedestrian -1 -1 -10 1117.74 152.45 1262.92 254.92 -1000 -1000 -1000 -10 -1 -1 -1
65 36 Pedestrian -1 -1 -10 1004.02 156.62 1124.57 240.08 -1000 -1000 -1000 -10 -1 -1 -1
66 1 Pedestrian -1 -1 -10 876.19 165.23 933.59 301.25 -1000 -1000 -1000 -10 -1 -1 -1
66 33 Pedestrian -1 -1 -10 1125.13 154.18 1267.41 257.19 -1000 -1000 -1000 -10 -1 -1 -1
66 36 Pedestrian -1 -1 -10 1002.40 156.36 1131.06 242.93 -1000 -1000 -1000 -10 -1 -1 -1
67 1 Pedestrian -1 -1 -10 895.52 164.94 954.95 306.16 -1000 -1000 -1000 -10 -1 -1 -1
67 33 Pedestrian -1 -1 -10 1128.85 156.85 1269.54 261.65 -1000 -1000 -1000 -10 -1 -1 -1
67 36 Pedestrian -1 -1 -10 1012.75 157.31 1145.03 244.14 -1000 -1000 -1000 -10 -1 -1 -1
68 1 Pedestrian -1 -1 -10 913.07 167.05 974.38 311.91 -1000 -1000 -1000 -10 -1 -1 -1
68 33 Pedestrian -1 -1 -10 1135.65 157.61 1271.85 262.55 -1000 -1000 -1000 -10 -1 -1 -1
68 36 Pedestrian -1 -1 -10 1024.75 159.53 1159.81 246.70 -1000 -1000 -1000 -10 -1 -1 -1
69 1 Pedestrian -1 -1 -10 929.75 168.20 991.48 314.31 -1000 -1000 -1000 -10 -1 -1 -1
69 33 Pedestrian -1 -1 -10 1139.07 158.97 1276.23 269.22 -1000 -1000 -1000 -10 -1 -1 -1
69 36 Pedestrian -1 -1 -10 1037.36 160.27 1175.59 248.57 -1000 -1000 -1000 -10 -1 -1 -1
70 1 Pedestrian -1 -1 -10 946.28 167.52 1007.34 312.61 -1000 -1000 -1000 -10 -1 -1 -1
70 33 Pedestrian -1 -1 -10 1145.17 158.24 1276.93 268.95 -1000 -1000 -1000 -10 -1 -1 -1
70 36 Pedestrian -1 -1 -10 1050.64 160.36 1187.85 247.38 -1000 -1000 -1000 -10 -1 -1 -1
71 1 Pedestrian -1 -1 -10 961.47 165.65 1023.47 315.27 -1000 -1000 -1000 -10 -1 -1 -1
71 33 Pedestrian -1 -1 -10 1148.67 156.87 1276.69 269.47 -1000 -1000 -1000 -10 -1 -1 -1
71 36 Pedestrian -1 -1 -10 1063.46 159.21 1199.99 245.47 -1000 -1000 -1000 -10 -1 -1 -1
72 1 Pedestrian -1 -1 -10 970.27 166.65 1033.20 318.95 -1000 -1000 -1000 -10 -1 -1 -1
72 33 Pedestrian -1 -1 -10 1151.79 155.51 1275.01 268.84 -1000 -1000 -1000 -10 -1 -1 -1
72 36 Pedestrian -1 -1 -10 1074.46 158.62 1210.21 244.19 -1000 -1000 -1000 -10 -1 -1 -1
73 1 Pedestrian -1 -1 -10 980.20 165.65 1041.56 313.67 -1000 -1000 -1000 -10 -1 -1 -1
73 33 Pedestrian -1 -1 -10 1153.24 156.40 1273.26 271.74 -1000 -1000 -1000 -10 -1 -1 -1
73 36 Pedestrian -1 -1 -10 1082.33 157.63 1218.53 243.89 -1000 -1000 -1000 -10 -1 -1 -1
74 1 Pedestrian -1 -1 -10 986.47 165.59 1048.39 315.80 -1000 -1000 -1000 -10 -1 -1 -1
74 33 Pedestrian -1 -1 -10 1154.58 157.20 1268.87 271.22 -1000 -1000 -1000 -10 -1 -1 -1
74 36 Pedestrian -1 -1 -10 1087.20 158.06 1219.70 242.82 -1000 -1000 -1000 -10 -1 -1 -1
75 1 Pedestrian -1 -1 -10 993.87 166.20 1051.92 306.78 -1000 -1000 -1000 -10 -1 -1 -1
75 33 Pedestrian -1 -1 -10 1153.11 157.35 1268.33 276.95 -1000 -1000 -1000 -10 -1 -1 -1
75 36 Pedestrian -1 -1 -10 1092.26 159.43 1220.34 242.38 -1000 -1000 -1000 -10 -1 -1 -1
76 1 Pedestrian -1 -1 -10 997.18 169.01 1052.11 300.67 -1000 -1000 -1000 -10 -1 -1 -1
76 33 Pedestrian -1 -1 -10 1149.67 158.74 1266.71 284.64 -1000 -1000 -1000 -10 -1 -1 -1
76 36 Pedestrian -1 -1 -10 1093.52 161.07 1221.97 245.93 -1000 -1000 -1000 -10 -1 -1 -1
77 1 Pedestrian -1 -1 -10 998.00 170.48 1053.22 302.24 -1000 -1000 -1000 -10 -1 -1 -1
77 33 Pedestrian -1 -1 -10 1147.37 159.33 1262.84 287.09 -1000 -1000 -1000 -10 -1 -1 -1
77 36 Pedestrian -1 -1 -10 1096.49 164.26 1211.89 241.93 -1000 -1000 -1000 -10 -1 -1 -1
78 1 Pedestrian -1 -1 -10 996.41 171.21 1054.41 309.98 -1000 -1000 -1000 -10 -1 -1 -1
78 33 Pedestrian -1 -1 -10 1147.03 161.76 1258.12 287.35 -1000 -1000 -1000 -10 -1 -1 -1
78 36 Pedestrian -1 -1 -10 1094.74 165.68 1211.78 246.82 -1000 -1000 -1000 -10 -1 -1 -1
79 1 Pedestrian -1 -1 -10 994.72 171.23 1053.48 313.42 -1000 -1000 -1000 -10 -1 -1 -1
79 33 Pedestrian -1 -1 -10 1143.39 162.43 1251.65 285.88 -1000 -1000 -1000 -10 -1 -1 -1
79 36 Pedestrian -1 -1 -10 1096.50 167.07 1204.41 244.16 -1000 -1000 -1000 -10 -1 -1 -1
80 1 Pedestrian -1 -1 -10 990.95 171.93 1048.69 312.56 -1000 -1000 -1000 -10 -1 -1 -1
80 33 Pedestrian -1 -1 -10 1137.57 163.18 1248.87 291.06 -1000 -1000 -1000 -10 -1 -1 -1
80 36 Pedestrian -1 -1 -10 1095.31 168.23 1195.67 242.53 -1000 -1000 -1000 -10 -1 -1 -1
81 1 Pedestrian -1 -1 -10 987.39 171.46 1041.80 303.06 -1000 -1000 -1000 -10 -1 -1 -1
81 33 Pedestrian -1 -1 -10 1130.43 164.49 1245.02 295.97 -1000 -1000 -1000 -10 -1 -1 -1
81 36 Pedestrian -1 -1 -10 1090.20 169.74 1185.83 243.37 -1000 -1000 -1000 -10 -1 -1 -1
82 1 Pedestrian -1 -1 -10 982.18 174.92 1033.52 297.39 -1000 -1000 -1000 -10 -1 -1 -1
82 33 Pedestrian -1 -1 -10 1122.05 164.16 1243.82 303.87 -1000 -1000 -1000 -10 -1 -1 -1
82 36 Pedestrian -1 -1 -10 1084.60 171.56 1175.84 245.13 -1000 -1000 -1000 -10 -1 -1 -1
83 1 Pedestrian -1 -1 -10 974.11 177.11 1025.99 300.53 -1000 -1000 -1000 -10 -1 -1 -1
83 33 Pedestrian -1 -1 -10 1112.30 163.37 1240.09 308.70 -1000 -1000 -1000 -10 -1 -1 -1
83 36 Pedestrian -1 -1 -10 1074.15 170.41 1160.84 242.89 -1000 -1000 -1000 -10 -1 -1 -1
84 1 Pedestrian -1 -1 -10 966.00 175.70 1018.93 301.85 -1000 -1000 -1000 -10 -1 -1 -1
84 33 Pedestrian -1 -1 -10 1104.23 160.38 1238.59 311.94 -1000 -1000 -1000 -10 -1 -1 -1
84 36 Pedestrian -1 -1 -10 1066.51 170.01 1147.53 240.93 -1000 -1000 -1000 -10 -1 -1 -1
85 1 Pedestrian -1 -1 -10 956.80 174.60 1009.31 299.38 -1000 -1000 -1000 -10 -1 -1 -1
85 33 Pedestrian -1 -1 -10 1098.06 158.91 1236.77 313.75 -1000 -1000 -1000 -10 -1 -1 -1
86 1 Pedestrian -1 -1 -10 950.53 175.83 998.56 288.70 -1000 -1000 -1000 -10 -1 -1 -1
86 33 Pedestrian -1 -1 -10 1090.64 157.01 1233.98 314.61 -1000 -1000 -1000 -10 -1 -1 -1
87 1 Pedestrian -1 -1 -10 941.42 177.28 987.74 285.95 -1000 -1000 -1000 -10 -1 -1 -1
87 33 Pedestrian -1 -1 -10 1087.39 155.55 1230.77 309.94 -1000 -1000 -1000 -10 -1 -1 -1
88 1 Pedestrian -1 -1 -10 929.11 178.34 979.04 296.24 -1000 -1000 -1000 -10 -1 -1 -1
88 33 Pedestrian -1 -1 -10 1084.16 154.88 1226.85 304.35 -1000 -1000 -1000 -10 -1 -1 -1
88 50 Pedestrian -1 -1 -10 984.25 182.22 1047.34 221.39 -1000 -1000 -1000 -10 -1 -1 -1
89 1 Pedestrian -1 -1 -10 921.16 177.60 970.42 295.02 -1000 -1000 -1000 -10 -1 -1 -1
89 33 Pedestrian -1 -1 -10 1077.17 152.72 1225.52 304.31 -1000 -1000 -1000 -10 -1 -1 -1
89 50 Pedestrian -1 -1 -10 968.77 183.21 1027.28 219.58 -1000 -1000 -1000 -10 -1 -1 -1
90 1 Pedestrian -1 -1 -10 912.16 177.45 961.76 296.18 -1000 -1000 -1000 -10 -1 -1 -1
90 33 Pedestrian -1 -1 -10 1063.67 150.18 1233.77 323.34 -1000 -1000 -1000 -10 -1 -1 -1
90 50 Pedestrian -1 -1 -10 953.74 181.40 1008.30 215.37 -1000 -1000 -1000 -10 -1 -1 -1
90 53 Pedestrian -1 -1 -10 1023.74 177.66 1068.55 234.26 -1000 -1000 -1000 -10 -1 -1 -1
91 1 Pedestrian -1 -1 -10 906.42 179.36 951.15 284.82 -1000 -1000 -1000 -10 -1 -1 -1
91 33 Pedestrian -1 -1 -10 1052.60 149.89 1238.55 339.11 -1000 -1000 -1000 -10 -1 -1 -1
91 53 Pedestrian -1 -1 -10 1013.37 172.50 1060.74 232.37 -1000 -1000 -1000 -10 -1 -1 -1
92 1 Pedestrian -1 -1 -10 895.91 178.37 942.19 287.61 -1000 -1000 -1000 -10 -1 -1 -1
92 33 Pedestrian -1 -1 -10 1044.82 151.13 1236.83 345.04 -1000 -1000 -1000 -10 -1 -1 -1
92 53 Pedestrian -1 -1 -10 999.98 171.43 1047.39 231.33 -1000 -1000 -1000 -10 -1 -1 -1
92 56 Pedestrian -1 -1 -10 123.39 211.14 260.01 311.70 -1000 -1000 -1000 -10 -1 -1 -1
92 50 Pedestrian -1 -1 -10 912.22 179.02 971.68 216.37 -1000 -1000 -1000 -10 -1 -1 -1
93 1 Pedestrian -1 -1 -10 887.92 178.01 935.73 291.09 -1000 -1000 -1000 -10 -1 -1 -1
93 33 Pedestrian -1 -1 -10 1040.02 149.77 1234.60 344.27 -1000 -1000 -1000 -10 -1 -1 -1
93 53 Pedestrian -1 -1 -10 988.79 171.28 1034.97 229.37 -1000 -1000 -1000 -10 -1 -1 -1
93 56 Pedestrian -1 -1 -10 77.56 215.88 216.01 317.67 -1000 -1000 -1000 -10 -1 -1 -1
94 1 Pedestrian -1 -1 -10 878.68 179.83 926.18 290.88 -1000 -1000 -1000 -10 -1 -1 -1
94 33 Pedestrian -1 -1 -10 1032.63 149.48 1233.94 348.90 -1000 -1000 -1000 -10 -1 -1 -1
94 53 Pedestrian -1 -1 -10 977.28 170.46 1023.21 227.68 -1000 -1000 -1000 -10 -1 -1 -1
94 56 Pedestrian -1 -1 -10 13.30 219.30 164.39 330.40 -1000 -1000 -1000 -10 -1 -1 -1
95 1 Pedestrian -1 -1 -10 873.80 178.96 920.00 286.90 -1000 -1000 -1000 -10 -1 -1 -1
95 33 Pedestrian -1 -1 -10 1023.83 150.26 1239.24 363.87 -1000 -1000 -1000 -10 -1 -1 -1
95 53 Pedestrian -1 -1 -10 965.08 170.20 1011.66 227.31 -1000 -1000 -1000 -10 -1 -1 -1
95 56 Pedestrian -1 -1 -10 -31.39 221.46 128.13 340.73 -1000 -1000 -1000 -10 -1 -1 -1
95 50 Pedestrian -1 -1 -10 848.38 181.27 909.86 220.71 -1000 -1000 -1000 -10 -1 -1 -1
96 1 Pedestrian -1 -1 -10 869.12 180.32 913.27 283.18 -1000 -1000 -1000 -10 -1 -1 -1
96 33 Pedestrian -1 -1 -10 1021.36 154.39 1239.73 370.54 -1000 -1000 -1000 -10 -1 -1 -1
96 53 Pedestrian -1 -1 -10 951.04 171.45 998.27 228.29 -1000 -1000 -1000 -10 -1 -1 -1
96 50 Pedestrian -1 -1 -10 829.77 182.34 891.23 222.69 -1000 -1000 -1000 -10 -1 -1 -1
97 1 Pedestrian -1 -1 -10 863.13 181.62 906.89 283.19 -1000 -1000 -1000 -10 -1 -1 -1
97 33 Pedestrian -1 -1 -10 1018.70 154.96 1238.99 372.27 -1000 -1000 -1000 -10 -1 -1 -1
97 53 Pedestrian -1 -1 -10 934.04 173.25 981.55 229.50 -1000 -1000 -1000 -10 -1 -1 -1
97 50 Pedestrian -1 -1 -10 810.26 181.71 876.06 225.96 -1000 -1000 -1000 -10 -1 -1 -1
98 1 Pedestrian -1 -1 -10 858.07 179.40 902.87 283.74 -1000 -1000 -1000 -10 -1 -1 -1
98 33 Pedestrian -1 -1 -10 1018.56 156.17 1239.43 373.48 -1000 -1000 -1000 -10 -1 -1 -1
98 53 Pedestrian -1 -1 -10 917.57 173.97 964.98 228.91 -1000 -1000 -1000 -10 -1 -1 -1
98 50 Pedestrian -1 -1 -10 796.04 182.07 856.61 223.30 -1000 -1000 -1000 -10 -1 -1 -1
99 1 Pedestrian -1 -1 -10 853.41 179.00 897.09 281.01 -1000 -1000 -1000 -10 -1 -1 -1
99 33 Pedestrian -1 -1 -10 1016.79 154.29 1239.78 373.31 -1000 -1000 -1000 -10 -1 -1 -1
99 53 Pedestrian -1 -1 -10 900.66 174.63 947.79 228.46 -1000 -1000 -1000 -10 -1 -1 -1
99 50 Pedestrian -1 -1 -10 782.47 182.00 839.17 220.77 -1000 -1000 -1000 -10 -1 -1 -1
100 1 Pedestrian -1 -1 -10 846.63 181.10 890.81 284.57 -1000 -1000 -1000 -10 -1 -1 -1
100 33 Pedestrian -1 -1 -10 994.67 147.39 1227.92 372.12 -1000 -1000 -1000 -10 -1 -1 -1
100 53 Pedestrian -1 -1 -10 881.30 174.15 928.32 226.97 -1000 -1000 -1000 -10 -1 -1 -1
100 50 Pedestrian -1 -1 -10 764.72 182.03 822.66 222.18 -1000 -1000 -1000 -10 -1 -1 -1
101 1 Pedestrian -1 -1 -10 841.90 180.28 883.41 277.09 -1000 -1000 -1000 -10 -1 -1 -1
101 33 Pedestrian -1 -1 -10 984.24 143.93 1225.82 373.22 -1000 -1000 -1000 -10 -1 -1 -1
101 53 Pedestrian -1 -1 -10 865.98 172.45 910.80 222.05 -1000 -1000 -1000 -10 -1 -1 -1
102 1 Pedestrian -1 -1 -10 837.76 177.79 879.85 275.84 -1000 -1000 -1000 -10 -1 -1 -1
102 33 Pedestrian -1 -1 -10 978.30 138.73 1228.43 373.87 -1000 -1000 -1000 -10 -1 -1 -1
102 68 Pedestrian -1 -1 -10 927.97 186.94 982.20 225.44 -1000 -1000 -1000 -10 -1 -1 -1
103 1 Pedestrian -1 -1 -10 833.89 177.08 876.18 275.18 -1000 -1000 -1000 -10 -1 -1 -1
103 33 Pedestrian -1 -1 -10 972.94 137.11 1227.63 373.67 -1000 -1000 -1000 -10 -1 -1 -1
103 68 Pedestrian -1 -1 -10 921.27 187.91 976.98 227.58 -1000 -1000 -1000 -10 -1 -1 -1
104 1 Pedestrian -1 -1 -10 831.54 180.46 872.51 273.86 -1000 -1000 -1000 -10 -1 -1 -1
104 33 Pedestrian -1 -1 -10 970.18 133.61 1230.41 373.48 -1000 -1000 -1000 -10 -1 -1 -1
104 68 Pedestrian -1 -1 -10 909.22 188.98 965.11 228.74 -1000 -1000 -1000 -10 -1 -1 -1
105 1 Pedestrian -1 -1 -10 828.79 181.56 866.89 267.73 -1000 -1000 -1000 -10 -1 -1 -1
105 33 Pedestrian -1 -1 -10 969.57 132.87 1230.89 371.70 -1000 -1000 -1000 -10 -1 -1 -1
105 68 Pedestrian -1 -1 -10 892.24 188.74 948.79 229.03 -1000 -1000 -1000 -10 -1 -1 -1
105 50 Pedestrian -1 -1 -10 677.86 179.78 739.02 223.44 -1000 -1000 -1000 -10 -1 -1 -1
105 53 Pedestrian -1 -1 -10 799.36 174.10 842.90 221.27 -1000 -1000 -1000 -10 -1 -1 -1
106 1 Pedestrian -1 -1 -10 825.17 181.59 864.02 269.98 -1000 -1000 -1000 -10 -1 -1 -1
106 33 Pedestrian -1 -1 -10 968.77 129.81 1233.88 370.97 -1000 -1000 -1000 -10 -1 -1 -1
106 68 Pedestrian -1 -1 -10 877.67 188.97 933.71 229.06 -1000 -1000 -1000 -10 -1 -1 -1
106 75 Pedestrian -1 -1 -10 921.36 187.13 969.61 242.56 -1000 -1000 -1000 -10 -1 -1 -1
106 50 Pedestrian -1 -1 -10 662.05 179.57 722.44 223.90 -1000 -1000 -1000 -10 -1 -1 -1
106 53 Pedestrian -1 -1 -10 781.41 174.30 824.42 219.88 -1000 -1000 -1000 -10 -1 -1 -1
107 1 Pedestrian -1 -1 -10 822.95 182.07 862.96 272.70 -1000 -1000 -1000 -10 -1 -1 -1
107 33 Pedestrian -1 -1 -10 969.70 126.99 1237.57 370.35 -1000 -1000 -1000 -10 -1 -1 -1
107 68 Pedestrian -1 -1 -10 863.36 189.26 919.21 229.45 -1000 -1000 -1000 -10 -1 -1 -1
107 75 Pedestrian -1 -1 -10 916.82 186.77 966.38 243.00 -1000 -1000 -1000 -10 -1 -1 -1
107 50 Pedestrian -1 -1 -10 645.67 179.90 703.39 223.06 -1000 -1000 -1000 -10 -1 -1 -1
107 53 Pedestrian -1 -1 -10 763.24 173.24 807.36 219.45 -1000 -1000 -1000 -10 -1 -1 -1
108 1 Pedestrian -1 -1 -10 817.67 182.17 859.83 279.49 -1000 -1000 -1000 -10 -1 -1 -1
108 33 Pedestrian -1 -1 -10 972.78 124.61 1243.18 371.24 -1000 -1000 -1000 -10 -1 -1 -1
108 68 Pedestrian -1 -1 -10 851.38 190.03 907.42 230.86 -1000 -1000 -1000 -10 -1 -1 -1
108 75 Pedestrian -1 -1 -10 913.24 188.15 964.07 244.09 -1000 -1000 -1000 -10 -1 -1 -1
108 50 Pedestrian -1 -1 -10 629.38 180.12 686.83 223.82 -1000 -1000 -1000 -10 -1 -1 -1
108 53 Pedestrian -1 -1 -10 747.38 173.94 790.74 218.47 -1000 -1000 -1000 -10 -1 -1 -1
109 1 Pedestrian -1 -1 -10 814.89 183.04 857.66 283.65 -1000 -1000 -1000 -10 -1 -1 -1
109 33 Pedestrian -1 -1 -10 978.26 120.86 1249.38 370.40 -1000 -1000 -1000 -10 -1 -1 -1
109 68 Pedestrian -1 -1 -10 841.35 190.71 897.03 232.08 -1000 -1000 -1000 -10 -1 -1 -1
109 75 Pedestrian -1 -1 -10 901.02 188.52 954.21 245.30 -1000 -1000 -1000 -10 -1 -1 -1
109 50 Pedestrian -1 -1 -10 615.34 181.17 668.60 221.91 -1000 -1000 -1000 -10 -1 -1 -1
109 53 Pedestrian -1 -1 -10 731.49 174.11 774.78 217.87 -1000 -1000 -1000 -10 -1 -1 -1
110 1 Pedestrian -1 -1 -10 811.39 181.97 852.52 279.61 -1000 -1000 -1000 -10 -1 -1 -1
110 33 Pedestrian -1 -1 -10 987.77 117.40 1256.53 368.53 -1000 -1000 -1000 -10 -1 -1 -1
110 75 Pedestrian -1 -1 -10 888.43 186.80 944.96 245.08 -1000 -1000 -1000 -10 -1 -1 -1
110 50 Pedestrian -1 -1 -10 598.17 180.14 653.86 223.04 -1000 -1000 -1000 -10 -1 -1 -1
110 53 Pedestrian -1 -1 -10 714.67 173.67 758.55 217.57 -1000 -1000 -1000 -10 -1 -1 -1
111 1 Pedestrian -1 -1 -10 805.48 180.68 846.53 278.44 -1000 -1000 -1000 -10 -1 -1 -1
111 33 Pedestrian -1 -1 -10 1000.31 112.86 1267.33 368.74 -1000 -1000 -1000 -10 -1 -1 -1
111 75 Pedestrian -1 -1 -10 876.89 187.20 936.18 245.88 -1000 -1000 -1000 -10 -1 -1 -1
111 50 Pedestrian -1 -1 -10 582.84 179.43 637.38 221.60 -1000 -1000 -1000 -10 -1 -1 -1
111 53 Pedestrian -1 -1 -10 697.62 172.15 742.79 217.10 -1000 -1000 -1000 -10 -1 -1 -1
112 33 Pedestrian -1 -1 -10 1019.29 110.18 1279.34 368.62 -1000 -1000 -1000 -10 -1 -1 -1
112 75 Pedestrian -1 -1 -10 864.30 185.73 926.81 245.08 -1000 -1000 -1000 -10 -1 -1 -1
112 50 Pedestrian -1 -1 -10 567.19 179.14 623.12 222.53 -1000 -1000 -1000 -10 -1 -1 -1
112 53 Pedestrian -1 -1 -10 681.97 170.84 726.84 215.21 -1000 -1000 -1000 -10 -1 -1 -1
113 33 Pedestrian -1 -1 -10 1045.08 106.28 1296.55 369.93 -1000 -1000 -1000 -10 -1 -1 -1
113 75 Pedestrian -1 -1 -10 851.50 184.97 917.98 245.77 -1000 -1000 -1000 -10 -1 -1 -1
113 50 Pedestrian -1 -1 -10 551.58 177.91 607.83 221.64 -1000 -1000 -1000 -10 -1 -1 -1
113 53 Pedestrian -1 -1 -10 666.54 170.17 711.27 213.92 -1000 -1000 -1000 -10 -1 -1 -1
113 1 Pedestrian -1 -1 -10 792.56 178.62 833.67 270.57 -1000 -1000 -1000 -10 -1 -1 -1
114 75 Pedestrian -1 -1 -10 841.27 184.83 911.49 246.80 -1000 -1000 -1000 -10 -1 -1 -1
114 50 Pedestrian -1 -1 -10 535.57 177.32 594.08 223.07 -1000 -1000 -1000 -10 -1 -1 -1
114 53 Pedestrian -1 -1 -10 651.75 169.91 696.06 212.97 -1000 -1000 -1000 -10 -1 -1 -1
114 81 Pedestrian -1 -1 -10 734.26 179.52 785.41 218.19 -1000 -1000 -1000 -10 -1 -1 -1
114 1 Pedestrian -1 -1 -10 786.51 179.82 826.34 264.81 -1000 -1000 -1000 -10 -1 -1 -1
115 75 Pedestrian -1 -1 -10 829.77 184.86 904.39 248.90 -1000 -1000 -1000 -10 -1 -1 -1
115 50 Pedestrian -1 -1 -10 522.57 176.14 579.15 220.96 -1000 -1000 -1000 -10 -1 -1 -1
115 53 Pedestrian -1 -1 -10 638.62 170.38 682.58 212.51 -1000 -1000 -1000 -10 -1 -1 -1
115 81 Pedestrian -1 -1 -10 725.04 179.95 776.51 218.90 -1000 -1000 -1000 -10 -1 -1 -1
116 75 Pedestrian -1 -1 -10 820.13 186.00 898.49 251.60 -1000 -1000 -1000 -10 -1 -1 -1
116 81 Pedestrian -1 -1 -10 713.58 180.12 765.50 219.56 -1000 -1000 -1000 -10 -1 -1 -1
117 75 Pedestrian -1 -1 -10 810.20 187.16 892.76 254.65 -1000 -1000 -1000 -10 -1 -1 -1
117 81 Pedestrian -1 -1 -10 698.40 180.56 752.24 221.63 -1000 -1000 -1000 -10 -1 -1 -1
117 1 Pedestrian -1 -1 -10 760.94 180.68 797.19 259.12 -1000 -1000 -1000 -10 -1 -1 -1
118 75 Pedestrian -1 -1 -10 801.35 189.43 886.43 257.26 -1000 -1000 -1000 -10 -1 -1 -1
118 81 Pedestrian -1 -1 -10 684.57 180.92 739.81 223.19 -1000 -1000 -1000 -10 -1 -1 -1
118 1 Pedestrian -1 -1 -10 749.21 182.73 791.43 275.59 -1000 -1000 -1000 -10 -1 -1 -1
119 75 Pedestrian -1 -1 -10 792.61 190.03 881.94 259.89 -1000 -1000 -1000 -10 -1 -1 -1
119 81 Pedestrian -1 -1 -10 671.86 181.04 728.11 224.14 -1000 -1000 -1000 -10 -1 -1 -1
119 85 Pedestrian -1 -1 -10 -14.38 242.68 125.75 347.54 -1000 -1000 -1000 -10 -1 -1 -1
119 50 Pedestrian -1 -1 -10 462.99 176.75 523.25 224.93 -1000 -1000 -1000 -10 -1 -1 -1
119 53 Pedestrian -1 -1 -10 579.29 171.97 625.80 216.06 -1000 -1000 -1000 -10 -1 -1 -1
120 75 Pedestrian -1 -1 -10 782.98 189.94 877.28 262.42 -1000 -1000 -1000 -10 -1 -1 -1
120 81 Pedestrian -1 -1 -10 658.97 180.80 717.88 226.31 -1000 -1000 -1000 -10 -1 -1 -1
120 85 Pedestrian -1 -1 -10 -31.07 250.25 109.09 356.22 -1000 -1000 -1000 -10 -1 -1 -1
120 53 Pedestrian -1 -1 -10 564.27 171.05 609.84 213.89 -1000 -1000 -1000 -10 -1 -1 -1
121 75 Pedestrian -1 -1 -10 772.09 190.36 874.14 268.00 -1000 -1000 -1000 -10 -1 -1 -1
121 81 Pedestrian -1 -1 -10 646.72 181.29 705.26 226.95 -1000 -1000 -1000 -10 -1 -1 -1
121 53 Pedestrian -1 -1 -10 548.99 171.02 594.49 213.51 -1000 -1000 -1000 -10 -1 -1 -1
122 75 Pedestrian -1 -1 -10 761.89 190.53 869.57 272.03 -1000 -1000 -1000 -10 -1 -1 -1
122 81 Pedestrian -1 -1 -10 634.27 181.39 692.69 227.25 -1000 -1000 -1000 -10 -1 -1 -1
122 53 Pedestrian -1 -1 -10 534.71 171.18 578.68 211.89 -1000 -1000 -1000 -10 -1 -1 -1
122 68 Pedestrian -1 -1 -10 684.36 189.65 767.54 251.71 -1000 -1000 -1000 -10 -1 -1 -1
122 50 Pedestrian -1 -1 -10 406.26 178.36 473.31 232.10 -1000 -1000 -1000 -10 -1 -1 -1
123 75 Pedestrian -1 -1 -10 753.34 190.99 863.09 273.26 -1000 -1000 -1000 -10 -1 -1 -1
123 81 Pedestrian -1 -1 -10 621.78 181.42 681.37 228.47 -1000 -1000 -1000 -10 -1 -1 -1
123 53 Pedestrian -1 -1 -10 519.06 171.36 561.58 210.12 -1000 -1000 -1000 -10 -1 -1 -1
123 50 Pedestrian -1 -1 -10 383.91 179.82 453.31 235.02 -1000 -1000 -1000 -10 -1 -1 -1
124 75 Pedestrian -1 -1 -10 743.67 190.25 859.43 276.47 -1000 -1000 -1000 -10 -1 -1 -1
124 81 Pedestrian -1 -1 -10 608.43 181.68 668.19 228.92 -1000 -1000 -1000 -10 -1 -1 -1
124 53 Pedestrian -1 -1 -10 501.76 170.55 545.25 210.31 -1000 -1000 -1000 -10 -1 -1 -1
124 50 Pedestrian -1 -1 -10 366.76 179.98 436.54 234.76 -1000 -1000 -1000 -10 -1 -1 -1
124 68 Pedestrian -1 -1 -10 678.10 193.70 754.18 253.27 -1000 -1000 -1000 -10 -1 -1 -1
125 75 Pedestrian -1 -1 -10 735.16 189.87 852.40 276.46 -1000 -1000 -1000 -10 -1 -1 -1
125 81 Pedestrian -1 -1 -10 594.94 180.73 655.41 228.97 -1000 -1000 -1000 -10 -1 -1 -1
125 53 Pedestrian -1 -1 -10 484.22 169.78 529.21 211.08 -1000 -1000 -1000 -10 -1 -1 -1
125 68 Pedestrian -1 -1 -10 664.58 190.54 743.50 253.28 -1000 -1000 -1000 -10 -1 -1 -1
126 75 Pedestrian -1 -1 -10 725.41 188.71 847.26 278.61 -1000 -1000 -1000 -10 -1 -1 -1
126 53 Pedestrian -1 -1 -10 468.88 170.02 513.48 211.23 -1000 -1000 -1000 -10 -1 -1 -1
126 68 Pedestrian -1 -1 -10 651.63 189.85 732.16 253.57 -1000 -1000 -1000 -10 -1 -1 -1
126 50 Pedestrian -1 -1 -10 321.97 183.43 386.75 234.18 -1000 -1000 -1000 -10 -1 -1 -1
127 75 Pedestrian -1 -1 -10 716.00 187.30 844.14 281.98 -1000 -1000 -1000 -10 -1 -1 -1
127 53 Pedestrian -1 -1 -10 453.57 170.09 498.03 211.41 -1000 -1000 -1000 -10 -1 -1 -1
127 68 Pedestrian -1 -1 -10 640.31 188.52 723.90 254.43 -1000 -1000 -1000 -10 -1 -1 -1
127 50 Pedestrian -1 -1 -10 319.74 180.46 384.68 231.48 -1000 -1000 -1000 -10 -1 -1 -1
128 75 Pedestrian -1 -1 -10 710.76 186.18 843.51 284.38 -1000 -1000 -1000 -10 -1 -1 -1
128 53 Pedestrian -1 -1 -10 441.05 170.21 485.21 211.57 -1000 -1000 -1000 -10 -1 -1 -1
128 68 Pedestrian -1 -1 -10 625.39 187.34 713.99 255.60 -1000 -1000 -1000 -10 -1 -1 -1
128 50 Pedestrian -1 -1 -10 305.93 179.50 375.79 235.20 -1000 -1000 -1000 -10 -1 -1 -1
129 75 Pedestrian -1 -1 -10 708.41 185.37 845.71 287.06 -1000 -1000 -1000 -10 -1 -1 -1
129 53 Pedestrian -1 -1 -10 430.79 170.39 475.70 212.86 -1000 -1000 -1000 -10 -1 -1 -1
129 68 Pedestrian -1 -1 -10 616.19 187.84 706.68 255.75 -1000 -1000 -1000 -10 -1 -1 -1
129 50 Pedestrian -1 -1 -10 294.54 180.74 362.50 235.28 -1000 -1000 -1000 -10 -1 -1 -1
129 93 Pedestrian -1 -1 -10 244.50 188.80 334.92 257.59 -1000 -1000 -1000 -10 -1 -1 -1
130 75 Pedestrian -1 -1 -10 707.44 184.81 853.10 293.14 -1000 -1000 -1000 -10 -1 -1 -1
130 53 Pedestrian -1 -1 -10 423.31 173.00 467.84 215.18 -1000 -1000 -1000 -10 -1 -1 -1
130 68 Pedestrian -1 -1 -10 607.88 188.65 705.57 260.73 -1000 -1000 -1000 -10 -1 -1 -1
130 50 Pedestrian -1 -1 -10 294.45 183.98 358.50 236.99 -1000 -1000 -1000 -10 -1 -1 -1
130 93 Pedestrian -1 -1 -10 225.46 191.21 328.82 269.84 -1000 -1000 -1000 -10 -1 -1 -1
130 81 Pedestrian -1 -1 -10 520.58 184.71 619.63 269.65 -1000 -1000 -1000 -10 -1 -1 -1
131 75 Pedestrian -1 -1 -10 710.35 184.83 862.72 298.71 -1000 -1000 -1000 -10 -1 -1 -1
131 53 Pedestrian -1 -1 -10 416.70 175.84 460.39 217.59 -1000 -1000 -1000 -10 -1 -1 -1
131 68 Pedestrian -1 -1 -10 602.58 189.17 710.77 267.75 -1000 -1000 -1000 -10 -1 -1 -1
131 93 Pedestrian -1 -1 -10 211.10 195.87 314.59 274.42 -1000 -1000 -1000 -10 -1 -1 -1
131 81 Pedestrian -1 -1 -10 512.94 184.56 604.90 269.11 -1000 -1000 -1000 -10 -1 -1 -1
132 75 Pedestrian -1 -1 -10 714.24 185.88 875.34 307.00 -1000 -1000 -1000 -10 -1 -1 -1
132 53 Pedestrian -1 -1 -10 414.18 178.23 455.99 218.49 -1000 -1000 -1000 -10 -1 -1 -1
132 68 Pedestrian -1 -1 -10 602.46 189.97 717.31 271.92 -1000 -1000 -1000 -10 -1 -1 -1
132 93 Pedestrian -1 -1 -10 188.91 200.26 298.40 282.69 -1000 -1000 -1000 -10 -1 -1 -1
132 81 Pedestrian -1 -1 -10 501.37 184.15 597.25 278.09 -1000 -1000 -1000 -10 -1 -1 -1
132 50 Pedestrian -1 -1 -10 265.15 188.08 336.16 247.24 -1000 -1000 -1000 -10 -1 -1 -1
133 75 Pedestrian -1 -1 -10 721.79 186.10 890.57 313.80 -1000 -1000 -1000 -10 -1 -1 -1
133 53 Pedestrian -1 -1 -10 413.41 180.19 453.63 219.00 -1000 -1000 -1000 -10 -1 -1 -1
133 68 Pedestrian -1 -1 -10 601.43 190.58 723.11 276.31 -1000 -1000 -1000 -10 -1 -1 -1
133 93 Pedestrian -1 -1 -10 169.34 203.65 284.73 290.40 -1000 -1000 -1000 -10 -1 -1 -1
133 50 Pedestrian -1 -1 -10 255.76 190.41 328.46 251.16 -1000 -1000 -1000 -10 -1 -1 -1
134 75 Pedestrian -1 -1 -10 732.47 185.44 912.96 322.80 -1000 -1000 -1000 -10 -1 -1 -1
134 53 Pedestrian -1 -1 -10 414.47 180.22 454.13 218.59 -1000 -1000 -1000 -10 -1 -1 -1
134 68 Pedestrian -1 -1 -10 603.64 189.82 732.90 280.34 -1000 -1000 -1000 -10 -1 -1 -1
134 93 Pedestrian -1 -1 -10 154.67 202.99 277.06 293.86 -1000 -1000 -1000 -10 -1 -1 -1
134 50 Pedestrian -1 -1 -10 251.00 191.21 323.67 252.17 -1000 -1000 -1000 -10 -1 -1 -1
134 81 Pedestrian -1 -1 -10 488.95 184.65 575.98 275.54 -1000 -1000 -1000 -10 -1 -1 -1
135 75 Pedestrian -1 -1 -10 749.79 182.86 947.87 334.66 -1000 -1000 -1000 -10 -1 -1 -1
135 68 Pedestrian -1 -1 -10 608.93 187.61 745.82 282.58 -1000 -1000 -1000 -10 -1 -1 -1
135 93 Pedestrian -1 -1 -10 141.31 202.01 269.75 296.05 -1000 -1000 -1000 -10 -1 -1 -1
135 50 Pedestrian -1 -1 -10 246.03 189.46 321.59 253.03 -1000 -1000 -1000 -10 -1 -1 -1
135 98 Pedestrian -1 -1 -10 550.36 179.40 625.51 246.54 -1000 -1000 -1000 -10 -1 -1 -1
135 81 Pedestrian -1 -1 -10 486.89 183.48 566.39 271.31 -1000 -1000 -1000 -10 -1 -1 -1
136 75 Pedestrian -1 -1 -10 773.04 180.15 986.84 344.75 -1000 -1000 -1000 -10 -1 -1 -1
136 68 Pedestrian -1 -1 -10 617.63 184.62 761.52 283.45 -1000 -1000 -1000 -10 -1 -1 -1
136 93 Pedestrian -1 -1 -10 125.89 199.84 266.12 301.35 -1000 -1000 -1000 -10 -1 -1 -1
136 50 Pedestrian -1 -1 -10 237.99 186.02 319.22 255.42 -1000 -1000 -1000 -10 -1 -1 -1
136 98 Pedestrian -1 -1 -10 552.44 177.28 628.53 245.07 -1000 -1000 -1000 -10 -1 -1 -1
136 81 Pedestrian -1 -1 -10 486.40 180.71 562.29 269.46 -1000 -1000 -1000 -10 -1 -1 -1
136 99 Pedestrian -1 -1 -10 428.71 172.06 465.33 211.62 -1000 -1000 -1000 -10 -1 -1 -1
137 75 Pedestrian -1 -1 -10 799.33 177.21 1038.84 362.72 -1000 -1000 -1000 -10 -1 -1 -1
137 68 Pedestrian -1 -1 -10 626.69 181.33 782.19 287.02 -1000 -1000 -1000 -10 -1 -1 -1
137 93 Pedestrian -1 -1 -10 112.50 199.18 261.66 305.36 -1000 -1000 -1000 -10 -1 -1 -1
137 50 Pedestrian -1 -1 -10 236.80 184.29 320.96 257.16 -1000 -1000 -1000 -10 -1 -1 -1
137 98 Pedestrian -1 -1 -10 561.80 173.27 640.96 243.51 -1000 -1000 -1000 -10 -1 -1 -1
137 81 Pedestrian -1 -1 -10 486.68 177.65 561.71 269.82 -1000 -1000 -1000 -10 -1 -1 -1
137 99 Pedestrian -1 -1 -10 435.98 173.75 469.51 209.89 -1000 -1000 -1000 -10 -1 -1 -1
137 101 Pedestrian -1 -1 -10 311.66 186.06 350.50 231.84 -1000 -1000 -1000 -10 -1 -1 -1
138 75 Pedestrian -1 -1 -10 842.83 175.51 1096.96 370.53 -1000 -1000 -1000 -10 -1 -1 -1
138 68 Pedestrian -1 -1 -10 639.69 179.82 807.99 293.08 -1000 -1000 -1000 -10 -1 -1 -1
138 93 Pedestrian -1 -1 -10 96.54 198.28 258.82 311.76 -1000 -1000 -1000 -10 -1 -1 -1
138 50 Pedestrian -1 -1 -10 236.06 182.88 321.87 258.02 -1000 -1000 -1000 -10 -1 -1 -1
138 98 Pedestrian -1 -1 -10 571.32 171.64 654.15 244.82 -1000 -1000 -1000 -10 -1 -1 -1
138 81 Pedestrian -1 -1 -10 491.19 177.64 562.02 269.05 -1000 -1000 -1000 -10 -1 -1 -1
138 99 Pedestrian -1 -1 -10 444.93 172.89 476.95 207.27 -1000 -1000 -1000 -10 -1 -1 -1
138 101 Pedestrian -1 -1 -10 315.51 184.86 355.53 232.11 -1000 -1000 -1000 -10 -1 -1 -1
139 75 Pedestrian -1 -1 -10 905.45 177.47 1168.90 373.54 -1000 -1000 -1000 -10 -1 -1 -1
139 68 Pedestrian -1 -1 -10 654.41 179.62 836.82 301.22 -1000 -1000 -1000 -10 -1 -1 -1
139 93 Pedestrian -1 -1 -10 86.30 197.42 259.09 316.41 -1000 -1000 -1000 -10 -1 -1 -1
139 50 Pedestrian -1 -1 -10 239.16 182.10 324.95 257.19 -1000 -1000 -1000 -10 -1 -1 -1
139 98 Pedestrian -1 -1 -10 582.95 170.73 670.80 247.91 -1000 -1000 -1000 -10 -1 -1 -1
139 81 Pedestrian -1 -1 -10 496.65 176.78 562.84 265.65 -1000 -1000 -1000 -10 -1 -1 -1
139 99 Pedestrian -1 -1 -10 455.36 174.00 485.29 205.94 -1000 -1000 -1000 -10 -1 -1 -1
139 101 Pedestrian -1 -1 -10 317.51 184.69 358.92 233.63 -1000 -1000 -1000 -10 -1 -1 -1
140 75 Pedestrian -1 -1 -10 951.06 179.77 1214.68 374.41 -1000 -1000 -1000 -10 -1 -1 -1
140 68 Pedestrian -1 -1 -10 669.70 181.18 868.93 312.57 -1000 -1000 -1000 -10 -1 -1 -1
140 93 Pedestrian -1 -1 -10 68.82 197.14 255.00 322.54 -1000 -1000 -1000 -10 -1 -1 -1
140 50 Pedestrian -1 -1 -10 241.47 181.89 329.03 258.50 -1000 -1000 -1000 -10 -1 -1 -1
140 98 Pedestrian -1 -1 -10 592.71 171.60 685.80 252.81 -1000 -1000 -1000 -10 -1 -1 -1
140 81 Pedestrian -1 -1 -10 500.92 177.14 565.92 267.93 -1000 -1000 -1000 -10 -1 -1 -1
140 101 Pedestrian -1 -1 -10 323.71 185.22 365.03 233.97 -1000 -1000 -1000 -10 -1 -1 -1
140 102 Pedestrian -1 -1 -10 555.55 179.40 603.75 232.46 -1000 -1000 -1000 -10 -1 -1 -1
141 75 Pedestrian -1 -1 -10 989.13 181.33 1247.19 374.29 -1000 -1000 -1000 -10 -1 -1 -1
141 68 Pedestrian -1 -1 -10 688.02 183.31 904.32 324.02 -1000 -1000 -1000 -10 -1 -1 -1
141 93 Pedestrian -1 -1 -10 52.07 199.39 253.23 332.54 -1000 -1000 -1000 -10 -1 -1 -1
141 50 Pedestrian -1 -1 -10 238.38 181.70 332.47 264.48 -1000 -1000 -1000 -10 -1 -1 -1
141 98 Pedestrian -1 -1 -10 603.96 173.36 700.07 256.58 -1000 -1000 -1000 -10 -1 -1 -1
141 81 Pedestrian -1 -1 -10 507.32 176.22 570.03 267.86 -1000 -1000 -1000 -10 -1 -1 -1
141 101 Pedestrian -1 -1 -10 332.58 185.72 374.22 234.57 -1000 -1000 -1000 -10 -1 -1 -1
141 102 Pedestrian -1 -1 -10 566.87 181.00 615.75 234.93 -1000 -1000 -1000 -10 -1 -1 -1
141 99 Pedestrian -1 -1 -10 472.05 169.10 507.14 206.59 -1000 -1000 -1000 -10 -1 -1 -1
142 75 Pedestrian -1 -1 -10 1030.58 185.39 1275.91 375.63 -1000 -1000 -1000 -10 -1 -1 -1
142 68 Pedestrian -1 -1 -10 707.08 185.27 947.29 339.08 -1000 -1000 -1000 -10 -1 -1 -1
142 93 Pedestrian -1 -1 -10 33.09 201.59 247.31 340.41 -1000 -1000 -1000 -10 -1 -1 -1
142 50 Pedestrian -1 -1 -10 236.49 182.79 334.54 269.16 -1000 -1000 -1000 -10 -1 -1 -1
142 98 Pedestrian -1 -1 -10 615.95 173.54 716.18 259.53 -1000 -1000 -1000 -10 -1 -1 -1
142 81 Pedestrian -1 -1 -10 512.61 176.15 573.69 269.38 -1000 -1000 -1000 -10 -1 -1 -1
142 101 Pedestrian -1 -1 -10 337.90 187.42 380.21 236.54 -1000 -1000 -1000 -10 -1 -1 -1
142 102 Pedestrian -1 -1 -10 574.35 181.70 626.13 238.93 -1000 -1000 -1000 -10 -1 -1 -1
143 68 Pedestrian -1 -1 -10 727.68 186.75 1000.59 358.99 -1000 -1000 -1000 -10 -1 -1 -1
143 93 Pedestrian -1 -1 -10 12.90 202.70 249.96 355.11 -1000 -1000 -1000 -10 -1 -1 -1
143 50 Pedestrian -1 -1 -10 231.97 183.10 333.37 272.54 -1000 -1000 -1000 -10 -1 -1 -1
143 98 Pedestrian -1 -1 -10 627.58 174.46 732.75 263.85 -1000 -1000 -1000 -10 -1 -1 -1
143 81 Pedestrian -1 -1 -10 520.18 177.19 577.81 268.58 -1000 -1000 -1000 -10 -1 -1 -1
143 101 Pedestrian -1 -1 -10 345.02 187.98 386.98 236.18 -1000 -1000 -1000 -10 -1 -1 -1
143 102 Pedestrian -1 -1 -10 585.30 181.51 638.55 240.33 -1000 -1000 -1000 -10 -1 -1 -1
143 53 Pedestrian -1 -1 -10 325.24 189.50 381.63 247.00 -1000 -1000 -1000 -10 -1 -1 -1
144 68 Pedestrian -1 -1 -10 762.34 188.78 1058.65 370.39 -1000 -1000 -1000 -10 -1 -1 -1
144 93 Pedestrian -1 -1 -10 4.35 203.37 248.88 359.48 -1000 -1000 -1000 -10 -1 -1 -1
144 50 Pedestrian -1 -1 -10 227.84 182.46 336.69 278.37 -1000 -1000 -1000 -10 -1 -1 -1
144 98 Pedestrian -1 -1 -10 641.99 174.78 753.00 268.06 -1000 -1000 -1000 -10 -1 -1 -1
144 81 Pedestrian -1 -1 -10 527.53 176.99 581.74 266.62 -1000 -1000 -1000 -10 -1 -1 -1
144 101 Pedestrian -1 -1 -10 351.47 187.73 395.29 237.67 -1000 -1000 -1000 -10 -1 -1 -1
144 53 Pedestrian -1 -1 -10 323.35 191.14 379.01 249.58 -1000 -1000 -1000 -10 -1 -1 -1
145 68 Pedestrian -1 -1 -10 808.03 191.85 1122.11 375.12 -1000 -1000 -1000 -10 -1 -1 -1
145 93 Pedestrian -1 -1 -10 -6.03 203.59 250.44 367.79 -1000 -1000 -1000 -10 -1 -1 -1
145 50 Pedestrian -1 -1 -10 221.74 181.84 340.13 286.00 -1000 -1000 -1000 -10 -1 -1 -1
145 98 Pedestrian -1 -1 -10 654.50 174.76 771.79 272.08 -1000 -1000 -1000 -10 -1 -1 -1
145 81 Pedestrian -1 -1 -10 531.61 175.58 585.16 267.56 -1000 -1000 -1000 -10 -1 -1 -1
145 101 Pedestrian -1 -1 -10 356.87 187.35 401.57 237.89 -1000 -1000 -1000 -10 -1 -1 -1
145 53 Pedestrian -1 -1 -10 321.99 190.90 378.92 252.85 -1000 -1000 -1000 -10 -1 -1 -1
145 102 Pedestrian -1 -1 -10 607.52 181.05 666.72 246.79 -1000 -1000 -1000 -10 -1 -1 -1
146 68 Pedestrian -1 -1 -10 841.83 193.74 1166.42 375.02 -1000 -1000 -1000 -10 -1 -1 -1
146 93 Pedestrian -1 -1 -10 -14.67 203.54 248.50 373.56 -1000 -1000 -1000 -10 -1 -1 -1
146 50 Pedestrian -1 -1 -10 214.98 180.86 338.87 288.55 -1000 -1000 -1000 -10 -1 -1 -1
146 98 Pedestrian -1 -1 -10 666.36 173.67 793.10 277.63 -1000 -1000 -1000 -10 -1 -1 -1
146 81 Pedestrian -1 -1 -10 538.64 176.13 589.77 266.38 -1000 -1000 -1000 -10 -1 -1 -1
146 101 Pedestrian -1 -1 -10 364.41 186.66 407.72 235.10 -1000 -1000 -1000 -10 -1 -1 -1
146 53 Pedestrian -1 -1 -10 324.56 191.50 381.19 254.23 -1000 -1000 -1000 -10 -1 -1 -1
146 102 Pedestrian -1 -1 -10 617.21 180.55 677.44 247.45 -1000 -1000 -1000 -10 -1 -1 -1
146 99 Pedestrian -1 -1 -10 517.13 163.29 554.78 203.63 -1000 -1000 -1000 -10 -1 -1 -1
147 68 Pedestrian -1 -1 -10 861.37 195.12 1194.31 375.62 -1000 -1000 -1000 -10 -1 -1 -1
147 93 Pedestrian -1 -1 -10 -21.25 203.00 244.25 376.89 -1000 -1000 -1000 -10 -1 -1 -1
147 50 Pedestrian -1 -1 -10 204.37 178.42 337.06 292.23 -1000 -1000 -1000 -10 -1 -1 -1
147 98 Pedestrian -1 -1 -10 681.56 172.48 816.77 281.52 -1000 -1000 -1000 -10 -1 -1 -1
147 81 Pedestrian -1 -1 -10 545.44 173.50 596.75 266.44 -1000 -1000 -1000 -10 -1 -1 -1
147 101 Pedestrian -1 -1 -10 367.57 184.03 412.15 233.18 -1000 -1000 -1000 -10 -1 -1 -1
147 53 Pedestrian -1 -1 -10 324.44 190.12 380.11 253.11 -1000 -1000 -1000 -10 -1 -1 -1
147 102 Pedestrian -1 -1 -10 629.44 180.24 691.67 249.39 -1000 -1000 -1000 -10 -1 -1 -1
148 68 Pedestrian -1 -1 -10 883.30 198.74 1214.18 374.67 -1000 -1000 -1000 -10 -1 -1 -1
148 93 Pedestrian -1 -1 -10 -26.61 203.45 233.93 377.29 -1000 -1000 -1000 -10 -1 -1 -1
148 50 Pedestrian -1 -1 -10 189.85 175.76 333.34 296.76 -1000 -1000 -1000 -10 -1 -1 -1
148 98 Pedestrian -1 -1 -10 696.80 170.41 842.06 285.57 -1000 -1000 -1000 -10 -1 -1 -1
148 81 Pedestrian -1 -1 -10 549.98 169.98 602.92 268.95 -1000 -1000 -1000 -10 -1 -1 -1
148 101 Pedestrian -1 -1 -10 371.28 182.18 417.72 232.92 -1000 -1000 -1000 -10 -1 -1 -1
148 53 Pedestrian -1 -1 -10 324.56 187.76 381.66 252.95 -1000 -1000 -1000 -10 -1 -1 -1
148 102 Pedestrian -1 -1 -10 638.55 178.28 702.21 248.45 -1000 -1000 -1000 -10 -1 -1 -1
149 68 Pedestrian -1 -1 -10 912.77 205.83 1232.07 374.35 -1000 -1000 -1000 -10 -1 -1 -1
149 93 Pedestrian -1 -1 -10 -30.60 206.61 219.40 377.26 -1000 -1000 -1000 -10 -1 -1 -1
149 50 Pedestrian -1 -1 -10 173.38 174.85 328.68 303.08 -1000 -1000 -1000 -10 -1 -1 -1
149 98 Pedestrian -1 -1 -10 710.37 170.01 869.95 294.58 -1000 -1000 -1000 -10 -1 -1 -1
149 81 Pedestrian -1 -1 -10 556.38 168.84 608.44 269.01 -1000 -1000 -1000 -10 -1 -1 -1
149 101 Pedestrian -1 -1 -10 372.34 181.75 420.68 233.68 -1000 -1000 -1000 -10 -1 -1 -1
149 53 Pedestrian -1 -1 -10 326.49 188.51 384.81 254.69 -1000 -1000 -1000 -10 -1 -1 -1
149 102 Pedestrian -1 -1 -10 649.82 178.15 717.96 252.83 -1000 -1000 -1000 -10 -1 -1 -1
150 93 Pedestrian -1 -1 -10 -34.26 210.32 200.44 375.13 -1000 -1000 -1000 -10 -1 -1 -1
150 50 Pedestrian -1 -1 -10 153.71 175.27 322.68 311.97 -1000 -1000 -1000 -10 -1 -1 -1
150 98 Pedestrian -1 -1 -10 725.84 171.17 901.04 305.68 -1000 -1000 -1000 -10 -1 -1 -1
150 81 Pedestrian -1 -1 -10 562.03 171.46 612.30 270.34 -1000 -1000 -1000 -10 -1 -1 -1
150 101 Pedestrian -1 -1 -10 373.69 182.27 424.37 236.06 -1000 -1000 -1000 -10 -1 -1 -1
150 53 Pedestrian -1 -1 -10 324.03 190.77 385.21 258.38 -1000 -1000 -1000 -10 -1 -1 -1
150 102 Pedestrian -1 -1 -10 662.06 178.14 735.47 257.80 -1000 -1000 -1000 -10 -1 -1 -1
151 93 Pedestrian -1 -1 -10 -41.48 216.96 176.37 376.19 -1000 -1000 -1000 -10 -1 -1 -1
151 50 Pedestrian -1 -1 -10 126.06 176.34 311.83 322.65 -1000 -1000 -1000 -10 -1 -1 -1
151 98 Pedestrian -1 -1 -10 740.93 172.85 935.35 319.77 -1000 -1000 -1000 -10 -1 -1 -1
151 81 Pedestrian -1 -1 -10 568.54 173.57 615.15 267.42 -1000 -1000 -1000 -10 -1 -1 -1
151 101 Pedestrian -1 -1 -10 375.36 184.67 426.69 238.31 -1000 -1000 -1000 -10 -1 -1 -1
151 53 Pedestrian -1 -1 -10 321.63 192.50 386.73 262.97 -1000 -1000 -1000 -10 -1 -1 -1
151 102 Pedestrian -1 -1 -10 671.49 178.66 754.28 267.83 -1000 -1000 -1000 -10 -1 -1 -1
152 93 Pedestrian -1 -1 -10 -51.17 221.35 149.70 376.41 -1000 -1000 -1000 -10 -1 -1 -1
152 50 Pedestrian -1 -1 -10 91.81 178.72 295.06 332.81 -1000 -1000 -1000 -10 -1 -1 -1
152 98 Pedestrian -1 -1 -10 758.20 174.63 976.45 336.74 -1000 -1000 -1000 -10 -1 -1 -1
152 81 Pedestrian -1 -1 -10 574.14 174.49 618.99 266.82 -1000 -1000 -1000 -10 -1 -1 -1
152 101 Pedestrian -1 -1 -10 372.91 187.38 427.70 243.84 -1000 -1000 -1000 -10 -1 -1 -1
152 53 Pedestrian -1 -1 -10 315.02 196.17 384.53 269.99 -1000 -1000 -1000 -10 -1 -1 -1
152 102 Pedestrian -1 -1 -10 682.78 181.15 769.25 272.68 -1000 -1000 -1000 -10 -1 -1 -1
153 50 Pedestrian -1 -1 -10 48.53 181.04 284.37 355.11 -1000 -1000 -1000 -10 -1 -1 -1
153 98 Pedestrian -1 -1 -10 777.28 176.43 1024.18 356.49 -1000 -1000 -1000 -10 -1 -1 -1
153 81 Pedestrian -1 -1 -10 579.15 175.25 621.97 265.10 -1000 -1000 -1000 -10 -1 -1 -1
153 101 Pedestrian -1 -1 -10 370.71 189.45 426.59 246.01 -1000 -1000 -1000 -10 -1 -1 -1
153 53 Pedestrian -1 -1 -10 306.30 198.61 381.40 276.63 -1000 -1000 -1000 -10 -1 -1 -1
153 102 Pedestrian -1 -1 -10 694.62 183.35 785.29 277.01 -1000 -1000 -1000 -10 -1 -1 -1
