1 426 Pedestrian -1 -1 -10 -17.75 177.57 94.23 236.39 -1000 -1000 -1000 -10 -1 -1 -1
1 427 Pedestrian -1 -1 -10 74.08 168.70 200.75 229.08 -1000 -1000 -1000 -10 -1 -1 -1
3 426 Pedestrian -1 -1 -10 12.51 175.35 129.33 236.23 -1000 -1000 -1000 -10 -1 -1 -1
4 426 Pedestrian -1 -1 -10 4.84 174.79 131.18 240.70 -1000 -1000 -1000 -10 -1 -1 -1
4 427 Pedestrian -1 -1 -10 115.96 179.00 215.96 226.76 -1000 -1000 -1000 -10 -1 -1 -1
5 426 Pedestrian -1 -1 -10 -9.60 174.21 112.51 238.87 -1000 -1000 -1000 -10 -1 -1 -1
5 427 Pedestrian -1 -1 -10 91.09 178.47 195.44 228.27 -1000 -1000 -1000 -10 -1 -1 -1
6 426 Pedestrian -1 -1 -10 -29.10 171.88 91.44 238.00 -1000 -1000 -1000 -10 -1 -1 -1
6 427 Pedestrian -1 -1 -10 63.56 177.78 171.20 228.88 -1000 -1000 -1000 -10 -1 -1 -1
7 427 Pedestrian -1 -1 -10 25.82 176.93 140.60 230.84 -1000 -1000 -1000 -10 -1 -1 -1
8 427 Pedestrian -1 -1 -10 1.94 177.37 119.61 232.89 -1000 -1000 -1000 -10 -1 -1 -1
14 426 Pedestrian -1 -1 -10 -37.16 154.29 120.19 243.88 -1000 -1000 -1000 -10 -1 -1 -1
58 432 Pedestrian -1 -1 -10 368.31 179.75 441.20 212.91 -1000 -1000 -1000 -10 -1 -1 -1
61 434 Pedestrian -1 -1 -10 287.96 179.73 379.74 220.74 -1000 -1000 -1000 -10 -1 -1 -1
62 434 Pedestrian -1 -1 -10 259.04 179.64 356.59 223.13 -1000 -1000 -1000 -10 -1 -1 -1
62 435 Pedestrian -1 -1 -10 694.89 169.96 733.84 201.51 -1000 -1000 -1000 -10 -1 -1 -1
63 434 Pedestrian -1 -1 -10 219.08 180.21 327.59 228.44 -1000 -1000 -1000 -10 -1 -1 -1
64 434 Pedestrian -1 -1 -10 172.48 179.18 296.46 234.06 -1000 -1000 -1000 -10 -1 -1 -1
64 435 Pedestrian -1 -1 -10 693.91 171.10 732.60 202.39 -1000 -1000 -1000 -10 -1 -1 -1
65 434 Pedestrian -1 -1 -10 117.29 180.78 258.95 243.11 -1000 -1000 -1000 -10 -1 -1 -1
65 435 Pedestrian -1 -1 -10 695.03 173.74 733.42 204.70 -1000 -1000 -1000 -10 -1 -1 -1
66 434 Pedestrian -1 -1 -10 54.04 184.73 215.46 255.03 -1000 -1000 -1000 -10 -1 -1 -1
66 435 Pedestrian -1 -1 -10 695.82 176.23 734.89 207.54 -1000 -1000 -1000 -10 -1 -1 -1
67 434 Pedestrian -1 -1 -10 1.64 187.37 182.27 266.42 -1000 -1000 -1000 -10 -1 -1 -1
67 435 Pedestrian -1 -1 -10 695.48 175.08 737.28 208.49 -1000 -1000 -1000 -10 -1 -1 -1
67 436 Pedestrian -1 -1 -10 1055.29 157.02 1121.84 179.10 -1000 -1000 -1000 -10 -1 -1 -1
68 434 Pedestrian -1 -1 -10 -35.58 188.73 144.93 269.92 -1000 -1000 -1000 -10 -1 -1 -1
68 435 Pedestrian -1 -1 -10 695.03 172.77 739.65 208.38 -1000 -1000 -1000 -10 -1 -1 -1
68 436 Pedestrian -1 -1 -10 1056.94 154.75 1125.66 177.60 -1000 -1000 -1000 -10 -1 -1 -1
69 435 Pedestrian -1 -1 -10 695.93 171.11 742.71 208.38 -1000 -1000 -1000 -10 -1 -1 -1
69 436 Pedestrian -1 -1 -10 1073.73 152.77 1134.11 172.98 -1000 -1000 -1000 -10 -1 -1 -1
70 435 Pedestrian -1 -1 -10 696.89 170.43 745.96 209.46 -1000 -1000 -1000 -10 -1 -1 -1
71 435 Pedestrian -1 -1 -10 698.75 170.72 749.01 210.64 -1000 -1000 -1000 -10 -1 -1 -1
72 435 Pedestrian -1 -1 -10 700.22 172.08 751.69 212.80 -1000 -1000 -1000 -10 -1 -1 -1
73 435 Pedestrian -1 -1 -10 700.54 172.94 755.63 216.57 -1000 -1000 -1000 -10 -1 -1 -1
74 435 Pedestrian -1 -1 -10 704.01 176.65 758.80 219.41 -1000 -1000 -1000 -10 -1 -1 -1
75 435 Pedestrian -1 -1 -10 707.57 178.94 763.38 222.08 -1000 -1000 -1000 -10 -1 -1 -1
76 435 Pedestrian -1 -1 -10 710.68 179.26 769.12 223.97 -1000 -1000 -1000 -10 -1 -1 -1
77 435 Pedestrian -1 -1 -10 715.34 177.89 775.80 223.84 -1000 -1000 -1000 -10 -1 -1 -1
77 438 Pedestrian -1 -1 -10 640.68 73.45 649.76 92.34 -1000 -1000 -1000 -10 -1 -1 -1
78 435 Pedestrian -1 -1 -10 715.56 175.09 781.42 225.00 -1000 -1000 -1000 -10 -1 -1 -1
79 435 Pedestrian -1 -1 -10 716.95 174.82 786.66 227.17 -1000 -1000 -1000 -10 -1 -1 -1
79 438 Pedestrian -1 -1 -10 640.03 68.88 649.00 87.58 -1000 -1000 -1000 -10 -1 -1 -1
80 435 Pedestrian -1 -1 -10 721.20 177.50 792.31 230.39 -1000 -1000 -1000 -10 -1 -1 -1
80 438 Pedestrian -1 -1 -10 639.92 67.28 648.87 85.86 -1000 -1000 -1000 -10 -1 -1 -1
81 435 Pedestrian -1 -1 -10 723.93 178.16 800.27 234.78 -1000 -1000 -1000 -10 -1 -1 -1
82 435 Pedestrian -1 -1 -10 727.50 180.21 806.70 238.42 -1000 -1000 -1000 -10 -1 -1 -1
82 440 Pedestrian -1 -1 -10 1148.71 155.09 1229.52 179.82 -1000 -1000 -1000 -10 -1 -1 -1
82 438 Pedestrian -1 -1 -10 639.38 61.60 649.10 81.87 -1000 -1000 -1000 -10 -1 -1 -1
83 435 Pedestrian -1 -1 -10 731.26 181.21 815.02 242.31 -1000 -1000 -1000 -10 -1 -1 -1
83 438 Pedestrian -1 -1 -10 638.65 58.31 649.29 80.61 -1000 -1000 -1000 -10 -1 -1 -1
84 435 Pedestrian -1 -1 -10 734.49 181.41 821.88 244.30 -1000 -1000 -1000 -10 -1 -1 -1
84 438 Pedestrian -1 -1 -10 637.92 55.63 649.20 79.37 -1000 -1000 -1000 -10 -1 -1 -1
84 440 Pedestrian -1 -1 -10 1151.53 153.90 1244.75 182.53 -1000 -1000 -1000 -10 -1 -1 -1
85 435 Pedestrian -1 -1 -10 738.30 182.12 829.84 247.22 -1000 -1000 -1000 -10 -1 -1 -1
85 438 Pedestrian -1 -1 -10 637.13 52.23 649.13 77.61 -1000 -1000 -1000 -10 -1 -1 -1
86 435 Pedestrian -1 -1 -10 742.29 182.48 839.34 250.51 -1000 -1000 -1000 -10 -1 -1 -1
86 438 Pedestrian -1 -1 -10 637.21 49.47 648.89 74.19 -1000 -1000 -1000 -10 -1 -1 -1
87 435 Pedestrian -1 -1 -10 746.54 182.63 851.64 255.45 -1000 -1000 -1000 -10 -1 -1 -1
87 438 Pedestrian -1 -1 -10 637.23 45.32 649.31 71.04 -1000 -1000 -1000 -10 -1 -1 -1
87 432 Pedestrian -1 -1 -10 374.66 181.96 420.44 202.63 -1000 -1000 -1000 -10 -1 -1 -1
88 435 Pedestrian -1 -1 -10 750.70 181.39 864.01 258.83 -1000 -1000 -1000 -10 -1 -1 -1
88 438 Pedestrian -1 -1 -10 636.54 41.42 648.89 67.99 -1000 -1000 -1000 -10 -1 -1 -1
88 432 Pedestrian -1 -1 -10 378.27 181.67 424.15 202.35 -1000 -1000 -1000 -10 -1 -1 -1
89 435 Pedestrian -1 -1 -10 755.96 181.53 875.54 262.09 -1000 -1000 -1000 -10 -1 -1 -1
89 438 Pedestrian -1 -1 -10 636.45 38.14 648.75 64.90 -1000 -1000 -1000 -10 -1 -1 -1
89 432 Pedestrian -1 -1 -10 382.21 181.41 429.62 202.26 -1000 -1000 -1000 -10 -1 -1 -1
90 435 Pedestrian -1 -1 -10 761.41 181.72 889.37 266.75 -1000 -1000 -1000 -10 -1 -1 -1
90 438 Pedestrian -1 -1 -10 635.45 34.40 647.70 61.54 -1000 -1000 -1000 -10 -1 -1 -1
90 432 Pedestrian -1 -1 -10 383.43 180.40 434.42 202.63 -1000 -1000 -1000 -10 -1 -1 -1
91 435 Pedestrian -1 -1 -10 766.30 181.37 905.03 272.62 -1000 -1000 -1000 -10 -1 -1 -1
91 438 Pedestrian -1 -1 -10 635.37 30.70 647.55 58.08 -1000 -1000 -1000 -10 -1 -1 -1
91 432 Pedestrian -1 -1 -10 387.84 180.43 440.90 203.24 -1000 -1000 -1000 -10 -1 -1 -1
92 435 Pedestrian -1 -1 -10 773.13 182.10 921.68 278.75 -1000 -1000 -1000 -10 -1 -1 -1
92 438 Pedestrian -1 -1 -10 634.45 25.92 647.28 55.21 -1000 -1000 -1000 -10 -1 -1 -1
92 432 Pedestrian -1 -1 -10 394.21 181.03 446.38 203.23 -1000 -1000 -1000 -10 -1 -1 -1
93 435 Pedestrian -1 -1 -10 779.02 182.73 939.48 286.01 -1000 -1000 -1000 -10 -1 -1 -1
93 438 Pedestrian -1 -1 -10 634.15 22.35 647.23 52.29 -1000 -1000 -1000 -10 -1 -1 -1
93 432 Pedestrian -1 -1 -10 399.57 180.37 454.66 203.56 -1000 -1000 -1000 -10 -1 -1 -1
94 435 Pedestrian -1 -1 -10 785.40 183.10 958.08 292.97 -1000 -1000 -1000 -10 -1 -1 -1
94 438 Pedestrian -1 -1 -10 633.76 18.46 647.03 48.82 -1000 -1000 -1000 -10 -1 -1 -1
94 432 Pedestrian -1 -1 -10 407.06 179.50 462.17 202.51 -1000 -1000 -1000 -10 -1 -1 -1
95 435 Pedestrian -1 -1 -10 793.56 183.54 980.08 300.78 -1000 -1000 -1000 -10 -1 -1 -1
95 438 Pedestrian -1 -1 -10 633.00 14.34 646.79 46.24 -1000 -1000 -1000 -10 -1 -1 -1
95 443 Pedestrian -1 -1 -10 751.31 167.32 830.18 194.82 -1000 -1000 -1000 -10 -1 -1 -1
96 435 Pedestrian -1 -1 -10 801.65 185.48 1001.09 308.97 -1000 -1000 -1000 -10 -1 -1 -1
96 438 Pedestrian -1 -1 -10 632.43 10.42 646.48 43.23 -1000 -1000 -1000 -10 -1 -1 -1
96 443 Pedestrian -1 -1 -10 745.76 168.43 823.67 195.63 -1000 -1000 -1000 -10 -1 -1 -1
97 435 Pedestrian -1 -1 -10 811.37 185.83 1025.73 316.36 -1000 -1000 -1000 -10 -1 -1 -1
97 438 Pedestrian -1 -1 -10 632.09 6.51 646.52 40.67 -1000 -1000 -1000 -10 -1 -1 -1
97 443 Pedestrian -1 -1 -10 734.49 167.62 817.19 196.66 -1000 -1000 -1000 -10 -1 -1 -1
98 435 Pedestrian -1 -1 -10 818.23 185.35 1056.55 328.82 -1000 -1000 -1000 -10 -1 -1 -1
98 438 Pedestrian -1 -1 -10 631.85 1.72 646.71 37.07 -1000 -1000 -1000 -10 -1 -1 -1
98 443 Pedestrian -1 -1 -10 727.03 167.76 806.28 195.77 -1000 -1000 -1000 -10 -1 -1 -1
98 445 Pedestrian -1 -1 -10 511.60 173.57 581.58 205.61 -1000 -1000 -1000 -10 -1 -1 -1
99 435 Pedestrian -1 -1 -10 827.62 185.98 1086.63 339.78 -1000 -1000 -1000 -10 -1 -1 -1
99 438 Pedestrian -1 -1 -10 631.07 -0.67 646.24 34.97 -1000 -1000 -1000 -10 -1 -1 -1
99 443 Pedestrian -1 -1 -10 716.20 166.80 798.34 196.16 -1000 -1000 -1000 -10 -1 -1 -1
99 445 Pedestrian -1 -1 -10 498.30 174.36 570.77 207.64 -1000 -1000 -1000 -10 -1 -1 -1
100 435 Pedestrian -1 -1 -10 842.93 189.22 1117.73 349.02 -1000 -1000 -1000 -10 -1 -1 -1
100 443 Pedestrian -1 -1 -10 701.24 168.31 785.83 198.73 -1000 -1000 -1000 -10 -1 -1 -1
101 435 Pedestrian -1 -1 -10 856.15 191.50 1155.03 361.56 -1000 -1000 -1000 -10 -1 -1 -1
101 443 Pedestrian -1 -1 -10 687.24 168.17 775.11 200.11 -1000 -1000 -1000 -10 -1 -1 -1
102 435 Pedestrian -1 -1 -10 873.27 194.28 1192.23 371.01 -1000 -1000 -1000 -10 -1 -1 -1
102 443 Pedestrian -1 -1 -10 674.15 167.35 767.02 201.61 -1000 -1000 -1000 -10 -1 -1 -1
103 435 Pedestrian -1 -1 -10 880.91 195.24 1212.02 375.16 -1000 -1000 -1000 -10 -1 -1 -1
103 443 Pedestrian -1 -1 -10 664.14 168.07 755.69 202.21 -1000 -1000 -1000 -10 -1 -1 -1
104 435 Pedestrian -1 -1 -10 887.11 197.69 1222.76 377.23 -1000 -1000 -1000 -10 -1 -1 -1
104 443 Pedestrian -1 -1 -10 657.34 170.14 743.38 202.68 -1000 -1000 -1000 -10 -1 -1 -1
105 435 Pedestrian -1 -1 -10 894.11 200.08 1229.66 377.34 -1000 -1000 -1000 -10 -1 -1 -1
105 443 Pedestrian -1 -1 -10 642.54 168.09 733.42 202.89 -1000 -1000 -1000 -10 -1 -1 -1
106 435 Pedestrian -1 -1 -10 901.71 202.56 1235.34 377.32 -1000 -1000 -1000 -10 -1 -1 -1
106 443 Pedestrian -1 -1 -10 633.48 168.19 721.09 202.31 -1000 -1000 -1000 -10 -1 -1 -1
106 449 Pedestrian -1 -1 -10 340.97 179.07 437.26 227.73 -1000 -1000 -1000 -10 -1 -1 -1
107 435 Pedestrian -1 -1 -10 913.11 205.31 1239.25 375.10 -1000 -1000 -1000 -10 -1 -1 -1
107 443 Pedestrian -1 -1 -10 625.38 168.74 711.74 203.10 -1000 -1000 -1000 -10 -1 -1 -1
107 449 Pedestrian -1 -1 -10 318.90 179.80 420.83 231.14 -1000 -1000 -1000 -10 -1 -1 -1
107 450 Pedestrian -1 -1 -10 841.08 166.99 933.37 200.26 -1000 -1000 -1000 -10 -1 -1 -1
107 451 Pedestrian -1 -1 -10 519.40 175.13 592.41 202.65 -1000 -1000 -1000 -10 -1 -1 -1
108 435 Pedestrian -1 -1 -10 923.90 207.23 1243.52 373.24 -1000 -1000 -1000 -10 -1 -1 -1
108 443 Pedestrian -1 -1 -10 609.79 168.04 698.34 203.55 -1000 -1000 -1000 -10 -1 -1 -1
108 449 Pedestrian -1 -1 -10 288.80 180.51 395.21 233.77 -1000 -1000 -1000 -10 -1 -1 -1
108 451 Pedestrian -1 -1 -10 532.18 174.14 608.32 203.02 -1000 -1000 -1000 -10 -1 -1 -1
108 452 Pedestrian -1 -1 -10 229.98 180.64 301.03 213.29 -1000 -1000 -1000 -10 -1 -1 -1
109 435 Pedestrian -1 -1 -10 933.91 209.66 1248.23 373.17 -1000 -1000 -1000 -10 -1 -1 -1
109 443 Pedestrian -1 -1 -10 593.41 168.08 686.66 205.92 -1000 -1000 -1000 -10 -1 -1 -1
109 449 Pedestrian -1 -1 -10 253.45 180.80 370.06 238.80 -1000 -1000 -1000 -10 -1 -1 -1
109 451 Pedestrian -1 -1 -10 534.62 173.34 612.97 203.35 -1000 -1000 -1000 -10 -1 -1 -1
110 435 Pedestrian -1 -1 -10 945.86 212.09 1253.53 373.18 -1000 -1000 -1000 -10 -1 -1 -1
110 443 Pedestrian -1 -1 -10 579.62 169.39 673.52 207.69 -1000 -1000 -1000 -10 -1 -1 -1
110 449 Pedestrian -1 -1 -10 217.67 181.12 346.43 244.77 -1000 -1000 -1000 -10 -1 -1 -1
110 454 Pedestrian -1 -1 -10 427.72 174.16 449.32 221.81 -1000 -1000 -1000 -10 -1 -1 -1
111 435 Pedestrian -1 -1 -10 959.47 215.38 1257.44 372.89 -1000 -1000 -1000 -10 -1 -1 -1
111 443 Pedestrian -1 -1 -10 568.83 171.67 658.96 208.49 -1000 -1000 -1000 -10 -1 -1 -1
111 449 Pedestrian -1 -1 -10 177.89 180.95 320.48 250.68 -1000 -1000 -1000 -10 -1 -1 -1
111 454 Pedestrian -1 -1 -10 426.74 172.97 449.13 222.41 -1000 -1000 -1000 -10 -1 -1 -1
111 455 Pedestrian -1 -1 -10 406.03 171.17 426.11 233.53 -1000 -1000 -1000 -10 -1 -1 -1
111 450 Pedestrian -1 -1 -10 804.85 165.39 906.03 201.86 -1000 -1000 -1000 -10 -1 -1 -1
112 435 Pedestrian -1 -1 -10 979.22 225.42 1256.28 372.97 -1000 -1000 -1000 -10 -1 -1 -1
112 443 Pedestrian -1 -1 -10 565.02 172.65 652.03 209.08 -1000 -1000 -1000 -10 -1 -1 -1
112 449 Pedestrian -1 -1 -10 132.42 183.83 286.83 258.44 -1000 -1000 -1000 -10 -1 -1 -1
113 435 Pedestrian -1 -1 -10 1006.40 245.34 1248.23 373.95 -1000 -1000 -1000 -10 -1 -1 -1
113 443 Pedestrian -1 -1 -10 543.15 172.04 635.71 210.82 -1000 -1000 -1000 -10 -1 -1 -1
113 449 Pedestrian -1 -1 -10 78.80 185.16 250.94 267.30 -1000 -1000 -1000 -10 -1 -1 -1
113 452 Pedestrian -1 -1 -10 265.79 180.13 342.60 215.07 -1000 -1000 -1000 -10 -1 -1 -1
113 455 Pedestrian -1 -1 -10 398.78 172.24 419.54 236.30 -1000 -1000 -1000 -10 -1 -1 -1
114 435 Pedestrian -1 -1 -10 1037.14 269.07 1237.77 374.37 -1000 -1000 -1000 -10 -1 -1 -1
114 449 Pedestrian -1 -1 -10 24.88 187.28 215.70 277.49 -1000 -1000 -1000 -10 -1 -1 -1
114 452 Pedestrian -1 -1 -10 270.62 179.52 353.15 216.84 -1000 -1000 -1000 -10 -1 -1 -1
114 455 Pedestrian -1 -1 -10 394.89 171.63 416.71 238.34 -1000 -1000 -1000 -10 -1 -1 -1
115 435 Pedestrian -1 -1 -10 1073.88 299.23 1224.09 374.99 -1000 -1000 -1000 -10 -1 -1 -1
115 449 Pedestrian -1 -1 -10 -15.33 190.11 191.67 289.42 -1000 -1000 -1000 -10 -1 -1 -1
115 452 Pedestrian -1 -1 -10 276.83 179.44 361.02 217.40 -1000 -1000 -1000 -10 -1 -1 -1
115 455 Pedestrian -1 -1 -10 392.95 171.29 415.27 239.18 -1000 -1000 -1000 -10 -1 -1 -1
115 443 Pedestrian -1 -1 -10 510.16 171.64 606.54 212.22 -1000 -1000 -1000 -10 -1 -1 -1
116 449 Pedestrian -1 -1 -10 -43.52 188.90 161.71 290.73 -1000 -1000 -1000 -10 -1 -1 -1
116 452 Pedestrian -1 -1 -10 286.16 179.59 368.49 216.32 -1000 -1000 -1000 -10 -1 -1 -1
116 455 Pedestrian -1 -1 -10 390.18 171.39 412.95 240.31 -1000 -1000 -1000 -10 -1 -1 -1
116 443 Pedestrian -1 -1 -10 492.48 170.69 593.83 213.55 -1000 -1000 -1000 -10 -1 -1 -1
116 450 Pedestrian -1 -1 -10 753.60 171.73 838.65 202.63 -1000 -1000 -1000 -10 -1 -1 -1
117 452 Pedestrian -1 -1 -10 295.07 179.92 375.84 215.72 -1000 -1000 -1000 -10 -1 -1 -1
117 455 Pedestrian -1 -1 -10 386.38 171.12 409.80 241.41 -1000 -1000 -1000 -10 -1 -1 -1
117 443 Pedestrian -1 -1 -10 474.88 170.27 580.57 215.30 -1000 -1000 -1000 -10 -1 -1 -1
117 450 Pedestrian -1 -1 -10 744.69 171.72 829.27 202.52 -1000 -1000 -1000 -10 -1 -1 -1
118 455 Pedestrian -1 -1 -10 383.78 171.26 407.57 242.43 -1000 -1000 -1000 -10 -1 -1 -1
118 443 Pedestrian -1 -1 -10 459.43 170.32 568.38 217.09 -1000 -1000 -1000 -10 -1 -1 -1
118 450 Pedestrian -1 -1 -10 733.46 171.52 820.67 203.02 -1000 -1000 -1000 -10 -1 -1 -1
118 461 Pedestrian -1 -1 -10 1003.05 159.02 1093.27 205.13 -1000 -1000 -1000 -10 -1 -1 -1
119 455 Pedestrian -1 -1 -10 382.04 172.67 405.87 243.68 -1000 -1000 -1000 -10 -1 -1 -1
119 443 Pedestrian -1 -1 -10 443.67 171.28 552.33 218.03 -1000 -1000 -1000 -10 -1 -1 -1
119 450 Pedestrian -1 -1 -10 723.43 172.22 810.60 203.23 -1000 -1000 -1000 -10 -1 -1 -1
120 455 Pedestrian -1 -1 -10 379.51 173.34 403.45 243.94 -1000 -1000 -1000 -10 -1 -1 -1
120 443 Pedestrian -1 -1 -10 426.70 171.33 538.04 219.38 -1000 -1000 -1000 -10 -1 -1 -1
120 450 Pedestrian -1 -1 -10 710.85 172.00 801.03 203.72 -1000 -1000 -1000 -10 -1 -1 -1
120 461 Pedestrian -1 -1 -10 986.21 158.57 1071.30 201.76 -1000 -1000 -1000 -10 -1 -1 -1
121 455 Pedestrian -1 -1 -10 377.78 173.54 401.96 244.03 -1000 -1000 -1000 -10 -1 -1 -1
121 443 Pedestrian -1 -1 -10 407.41 171.42 522.80 221.72 -1000 -1000 -1000 -10 -1 -1 -1
121 450 Pedestrian -1 -1 -10 698.72 171.89 790.57 203.98 -1000 -1000 -1000 -10 -1 -1 -1
121 461 Pedestrian -1 -1 -10 972.45 159.10 1056.20 201.36 -1000 -1000 -1000 -10 -1 -1 -1
122 443 Pedestrian -1 -1 -10 388.30 171.66 509.20 225.15 -1000 -1000 -1000 -10 -1 -1 -1
122 450 Pedestrian -1 -1 -10 688.36 171.26 782.78 204.52 -1000 -1000 -1000 -10 -1 -1 -1
122 461 Pedestrian -1 -1 -10 957.90 158.15 1043.75 201.16 -1000 -1000 -1000 -10 -1 -1 -1
122 452 Pedestrian -1 -1 -10 330.31 177.87 412.43 215.47 -1000 -1000 -1000 -10 -1 -1 -1
123 443 Pedestrian -1 -1 -10 374.18 171.48 497.44 227.48 -1000 -1000 -1000 -10 -1 -1 -1
123 450 Pedestrian -1 -1 -10 669.52 170.68 770.15 206.33 -1000 -1000 -1000 -10 -1 -1 -1
123 461 Pedestrian -1 -1 -10 946.55 158.43 1033.38 201.70 -1000 -1000 -1000 -10 -1 -1 -1
123 455 Pedestrian -1 -1 -10 368.25 175.01 393.02 245.67 -1000 -1000 -1000 -10 -1 -1 -1
124 450 Pedestrian -1 -1 -10 654.94 171.10 758.81 208.15 -1000 -1000 -1000 -10 -1 -1 -1
124 461 Pedestrian -1 -1 -10 928.82 158.17 1018.10 202.22 -1000 -1000 -1000 -10 -1 -1 -1
125 450 Pedestrian -1 -1 -10 641.48 171.04 745.58 208.29 -1000 -1000 -1000 -10 -1 -1 -1
125 461 Pedestrian -1 -1 -10 916.87 158.61 1005.48 202.00 -1000 -1000 -1000 -10 -1 -1 -1
125 443 Pedestrian -1 -1 -10 318.48 172.61 456.11 235.72 -1000 -1000 -1000 -10 -1 -1 -1
126 450 Pedestrian -1 -1 -10 626.66 171.20 732.26 209.03 -1000 -1000 -1000 -10 -1 -1 -1
126 461 Pedestrian -1 -1 -10 902.37 158.91 991.82 202.27 -1000 -1000 -1000 -10 -1 -1 -1
126 443 Pedestrian -1 -1 -10 294.99 171.85 446.89 241.08 -1000 -1000 -1000 -10 -1 -1 -1
127 450 Pedestrian -1 -1 -10 611.13 170.14 721.37 209.85 -1000 -1000 -1000 -10 -1 -1 -1
127 461 Pedestrian -1 -1 -10 887.26 159.04 977.57 202.46 -1000 -1000 -1000 -10 -1 -1 -1
127 443 Pedestrian -1 -1 -10 256.89 173.91 414.05 246.75 -1000 -1000 -1000 -10 -1 -1 -1
127 468 Pedestrian -1 -1 -10 1205.29 31.34 1239.59 111.99 -1000 -1000 -1000 -10 -1 -1 -1
127 455 Pedestrian -1 -1 -10 363.81 174.80 389.96 249.59 -1000 -1000 -1000 -10 -1 -1 -1
128 450 Pedestrian -1 -1 -10 597.17 169.17 708.49 209.75 -1000 -1000 -1000 -10 -1 -1 -1
128 461 Pedestrian -1 -1 -10 877.41 159.96 965.60 202.00 -1000 -1000 -1000 -10 -1 -1 -1
128 443 Pedestrian -1 -1 -10 228.09 175.35 388.83 250.12 -1000 -1000 -1000 -10 -1 -1 -1
128 455 Pedestrian -1 -1 -10 362.01 174.06 388.75 250.24 -1000 -1000 -1000 -10 -1 -1 -1
129 450 Pedestrian -1 -1 -10 581.46 168.50 696.71 211.03 -1000 -1000 -1000 -10 -1 -1 -1
129 461 Pedestrian -1 -1 -10 863.12 159.61 953.45 202.35 -1000 -1000 -1000 -10 -1 -1 -1
129 443 Pedestrian -1 -1 -10 197.55 176.32 369.51 255.88 -1000 -1000 -1000 -10 -1 -1 -1
129 455 Pedestrian -1 -1 -10 359.66 173.64 386.59 250.70 -1000 -1000 -1000 -10 -1 -1 -1
130 450 Pedestrian -1 -1 -10 579.11 171.54 685.36 211.76 -1000 -1000 -1000 -10 -1 -1 -1
130 461 Pedestrian -1 -1 -10 850.04 160.59 939.86 202.76 -1000 -1000 -1000 -10 -1 -1 -1
130 443 Pedestrian -1 -1 -10 157.99 176.61 342.88 262.05 -1000 -1000 -1000 -10 -1 -1 -1
130 455 Pedestrian -1 -1 -10 358.18 173.78 384.87 249.66 -1000 -1000 -1000 -10 -1 -1 -1
131 450 Pedestrian -1 -1 -10 568.42 172.98 671.53 212.75 -1000 -1000 -1000 -10 -1 -1 -1
131 461 Pedestrian -1 -1 -10 837.81 161.02 928.75 203.14 -1000 -1000 -1000 -10 -1 -1 -1
131 443 Pedestrian -1 -1 -10 114.47 177.92 313.76 269.60 -1000 -1000 -1000 -10 -1 -1 -1
131 455 Pedestrian -1 -1 -10 355.06 173.62 382.56 251.70 -1000 -1000 -1000 -10 -1 -1 -1
131 470 Pedestrian -1 -1 -10 1123.27 194.77 1234.51 304.18 -1000 -1000 -1000 -10 -1 -1 -1
132 443 Pedestrian -1 -1 -10 62.32 178.60 282.08 279.10 -1000 -1000 -1000 -10 -1 -1 -1
132 455 Pedestrian -1 -1 -10 352.25 175.18 379.63 251.88 -1000 -1000 -1000 -10 -1 -1 -1
132 470 Pedestrian -1 -1 -10 1125.41 191.77 1240.94 305.44 -1000 -1000 -1000 -10 -1 -1 -1
132 452 Pedestrian -1 -1 -10 401.45 176.12 474.22 211.24 -1000 -1000 -1000 -10 -1 -1 -1
133 443 Pedestrian -1 -1 -10 14.28 180.05 252.54 289.03 -1000 -1000 -1000 -10 -1 -1 -1
133 455 Pedestrian -1 -1 -10 349.98 175.85 377.67 253.20 -1000 -1000 -1000 -10 -1 -1 -1
133 470 Pedestrian -1 -1 -10 1133.32 199.99 1239.29 304.03 -1000 -1000 -1000 -10 -1 -1 -1
133 450 Pedestrian -1 -1 -10 525.23 173.25 637.09 216.40 -1000 -1000 -1000 -10 -1 -1 -1
133 461 Pedestrian -1 -1 -10 806.68 160.71 898.63 203.24 -1000 -1000 -1000 -10 -1 -1 -1
134 443 Pedestrian -1 -1 -10 -21.75 181.65 233.74 301.31 -1000 -1000 -1000 -10 -1 -1 -1
134 455 Pedestrian -1 -1 -10 348.67 175.61 376.67 253.80 -1000 -1000 -1000 -10 -1 -1 -1
134 470 Pedestrian -1 -1 -10 1144.21 208.94 1233.57 295.89 -1000 -1000 -1000 -10 -1 -1 -1
134 450 Pedestrian -1 -1 -10 505.87 173.75 618.61 217.18 -1000 -1000 -1000 -10 -1 -1 -1
134 461 Pedestrian -1 -1 -10 791.92 160.46 886.61 204.28 -1000 -1000 -1000 -10 -1 -1 -1
135 443 Pedestrian -1 -1 -10 -42.24 182.34 202.67 301.24 -1000 -1000 -1000 -10 -1 -1 -1
135 455 Pedestrian -1 -1 -10 347.01 174.98 375.48 254.43 -1000 -1000 -1000 -10 -1 -1 -1
135 470 Pedestrian -1 -1 -10 1143.18 196.11 1241.60 292.10 -1000 -1000 -1000 -10 -1 -1 -1
135 450 Pedestrian -1 -1 -10 489.71 174.32 603.89 218.10 -1000 -1000 -1000 -10 -1 -1 -1
135 461 Pedestrian -1 -1 -10 778.35 160.40 874.18 204.74 -1000 -1000 -1000 -10 -1 -1 -1
135 452 Pedestrian -1 -1 -10 404.31 175.38 474.68 211.65 -1000 -1000 -1000 -10 -1 -1 -1
136 443 Pedestrian -1 -1 -10 -61.96 185.83 167.17 303.60 -1000 -1000 -1000 -10 -1 -1 -1
136 455 Pedestrian -1 -1 -10 344.92 175.50 374.02 256.26 -1000 -1000 -1000 -10 -1 -1 -1
136 470 Pedestrian -1 -1 -10 1146.14 195.06 1244.40 291.26 -1000 -1000 -1000 -10 -1 -1 -1
136 450 Pedestrian -1 -1 -10 471.33 175.83 585.05 219.39 -1000 -1000 -1000 -10 -1 -1 -1
136 461 Pedestrian -1 -1 -10 766.05 161.84 859.03 204.57 -1000 -1000 -1000 -10 -1 -1 -1
137 455 Pedestrian -1 -1 -10 343.47 175.59 372.98 257.25 -1000 -1000 -1000 -10 -1 -1 -1
137 470 Pedestrian -1 -1 -10 1151.18 198.48 1245.77 291.62 -1000 -1000 -1000 -10 -1 -1 -1
137 450 Pedestrian -1 -1 -10 450.03 176.56 573.18 223.63 -1000 -1000 -1000 -10 -1 -1 -1
137 461 Pedestrian -1 -1 -10 752.36 163.54 844.58 205.87 -1000 -1000 -1000 -10 -1 -1 -1
137 471 Pedestrian -1 -1 -10 379.65 176.76 405.66 234.49 -1000 -1000 -1000 -10 -1 -1 -1
138 455 Pedestrian -1 -1 -10 341.60 176.38 371.06 257.34 -1000 -1000 -1000 -10 -1 -1 -1
138 470 Pedestrian -1 -1 -10 1155.33 201.77 1246.92 292.67 -1000 -1000 -1000 -10 -1 -1 -1
138 450 Pedestrian -1 -1 -10 432.19 178.31 556.86 225.63 -1000 -1000 -1000 -10 -1 -1 -1
138 461 Pedestrian -1 -1 -10 735.50 164.08 831.33 208.01 -1000 -1000 -1000 -10 -1 -1 -1
138 471 Pedestrian -1 -1 -10 377.59 177.34 404.53 237.11 -1000 -1000 -1000 -10 -1 -1 -1
139 455 Pedestrian -1 -1 -10 339.04 174.78 369.33 258.01 -1000 -1000 -1000 -10 -1 -1 -1
139 470 Pedestrian -1 -1 -10 1156.94 200.78 1249.51 293.91 -1000 -1000 -1000 -10 -1 -1 -1
139 450 Pedestrian -1 -1 -10 413.92 178.63 541.45 226.91 -1000 -1000 -1000 -10 -1 -1 -1
139 461 Pedestrian -1 -1 -10 719.65 164.15 817.89 209.46 -1000 -1000 -1000 -10 -1 -1 -1
139 471 Pedestrian -1 -1 -10 377.77 176.91 404.36 235.72 -1000 -1000 -1000 -10 -1 -1 -1
140 455 Pedestrian -1 -1 -10 336.39 175.27 366.73 258.55 -1000 -1000 -1000 -10 -1 -1 -1
140 470 Pedestrian -1 -1 -10 1159.75 198.63 1253.10 294.56 -1000 -1000 -1000 -10 -1 -1 -1
140 450 Pedestrian -1 -1 -10 397.38 178.48 527.87 227.98 -1000 -1000 -1000 -10 -1 -1 -1
140 461 Pedestrian -1 -1 -10 703.11 164.07 803.24 210.54 -1000 -1000 -1000 -10 -1 -1 -1
140 471 Pedestrian -1 -1 -10 375.16 177.02 403.26 239.12 -1000 -1000 -1000 -10 -1 -1 -1
141 455 Pedestrian -1 -1 -10 334.86 175.93 365.06 258.79 -1000 -1000 -1000 -10 -1 -1 -1
141 470 Pedestrian -1 -1 -10 1162.50 196.98 1255.89 295.52 -1000 -1000 -1000 -10 -1 -1 -1
141 450 Pedestrian -1 -1 -10 383.87 177.71 517.28 229.13 -1000 -1000 -1000 -10 -1 -1 -1
141 471 Pedestrian -1 -1 -10 374.03 179.15 400.78 237.63 -1000 -1000 -1000 -10 -1 -1 -1
142 455 Pedestrian -1 -1 -10 333.21 175.47 363.78 259.61 -1000 -1000 -1000 -10 -1 -1 -1
142 450 Pedestrian -1 -1 -10 372.60 175.79 509.64 230.38 -1000 -1000 -1000 -10 -1 -1 -1
142 471 Pedestrian -1 -1 -10 372.84 180.05 399.67 238.07 -1000 -1000 -1000 -10 -1 -1 -1
142 474 Pedestrian -1 -1 -10 1015.26 131.62 1141.96 203.43 -1000 -1000 -1000 -10 -1 -1 -1
143 455 Pedestrian -1 -1 -10 329.64 175.79 360.47 260.00 -1000 -1000 -1000 -10 -1 -1 -1
143 450 Pedestrian -1 -1 -10 348.31 176.10 490.75 234.05 -1000 -1000 -1000 -10 -1 -1 -1
143 474 Pedestrian -1 -1 -10 1002.75 130.73 1134.44 204.86 -1000 -1000 -1000 -10 -1 -1 -1
143 461 Pedestrian -1 -1 -10 657.66 165.03 759.41 212.64 -1000 -1000 -1000 -10 -1 -1 -1
144 455 Pedestrian -1 -1 -10 328.83 173.99 360.49 260.28 -1000 -1000 -1000 -10 -1 -1 -1
144 474 Pedestrian -1 -1 -10 989.85 129.76 1126.11 205.45 -1000 -1000 -1000 -10 -1 -1 -1
144 461 Pedestrian -1 -1 -10 640.27 165.18 742.73 213.25 -1000 -1000 -1000 -10 -1 -1 -1
145 474 Pedestrian -1 -1 -10 977.56 127.44 1125.14 207.54 -1000 -1000 -1000 -10 -1 -1 -1
145 461 Pedestrian -1 -1 -10 623.38 165.17 726.55 213.64 -1000 -1000 -1000 -10 -1 -1 -1
146 474 Pedestrian -1 -1 -10 975.71 126.02 1144.50 214.48 -1000 -1000 -1000 -10 -1 -1 -1
146 455 Pedestrian -1 -1 -10 326.38 173.80 358.44 261.58 -1000 -1000 -1000 -10 -1 -1 -1
147 474 Pedestrian -1 -1 -10 947.92 125.78 1124.79 215.46 -1000 -1000 -1000 -10 -1 -1 -1
147 455 Pedestrian -1 -1 -10 324.99 172.99 357.39 261.77 -1000 -1000 -1000 -10 -1 -1 -1
147 461 Pedestrian -1 -1 -10 596.54 165.84 696.55 213.43 -1000 -1000 -1000 -10 -1 -1 -1
148 474 Pedestrian -1 -1 -10 938.43 127.18 1109.24 209.59 -1000 -1000 -1000 -10 -1 -1 -1
148 455 Pedestrian -1 -1 -10 323.32 172.68 356.23 263.07 -1000 -1000 -1000 -10 -1 -1 -1
148 461 Pedestrian -1 -1 -10 575.38 165.95 677.86 214.80 -1000 -1000 -1000 -10 -1 -1 -1
149 474 Pedestrian -1 -1 -10 932.98 126.51 1108.27 207.32 -1000 -1000 -1000 -10 -1 -1 -1
149 455 Pedestrian -1 -1 -10 320.91 173.81 353.02 263.34 -1000 -1000 -1000 -10 -1 -1 -1
149 476 Pedestrian -1 -1 -10 135.82 185.67 321.58 263.76 -1000 -1000 -1000 -10 -1 -1 -1
150 474 Pedestrian -1 -1 -10 909.45 127.93 1091.36 207.12 -1000 -1000 -1000 -10 -1 -1 -1
150 455 Pedestrian -1 -1 -10 318.30 173.57 350.63 264.07 -1000 -1000 -1000 -10 -1 -1 -1
150 476 Pedestrian -1 -1 -10 101.64 186.76 299.37 269.47 -1000 -1000 -1000 -10 -1 -1 -1
150 471 Pedestrian -1 -1 -10 360.25 178.61 390.56 244.13 -1000 -1000 -1000 -10 -1 -1 -1
151 474 Pedestrian -1 -1 -10 883.24 131.70 1066.34 207.43 -1000 -1000 -1000 -10 -1 -1 -1
151 455 Pedestrian -1 -1 -10 316.79 175.19 348.78 264.54 -1000 -1000 -1000 -10 -1 -1 -1
151 476 Pedestrian -1 -1 -10 49.90 185.55 268.32 276.31 -1000 -1000 -1000 -10 -1 -1 -1
151 461 Pedestrian -1 -1 -10 515.66 166.77 626.22 219.54 -1000 -1000 -1000 -10 -1 -1 -1
152 474 Pedestrian -1 -1 -10 861.99 130.84 1057.19 207.92 -1000 -1000 -1000 -10 -1 -1 -1
152 455 Pedestrian -1 -1 -10 314.88 175.95 346.98 264.88 -1000 -1000 -1000 -10 -1 -1 -1
152 476 Pedestrian -1 -1 -10 11.60 188.53 247.06 286.13 -1000 -1000 -1000 -10 -1 -1 -1
152 461 Pedestrian -1 -1 -10 496.22 168.95 606.91 221.94 -1000 -1000 -1000 -10 -1 -1 -1
153 474 Pedestrian -1 -1 -10 838.67 130.22 1046.07 208.64 -1000 -1000 -1000 -10 -1 -1 -1
153 455 Pedestrian -1 -1 -10 313.81 176.53 346.09 265.01 -1000 -1000 -1000 -10 -1 -1 -1
153 476 Pedestrian -1 -1 -10 -18.42 190.53 233.36 295.61 -1000 -1000 -1000 -10 -1 -1 -1
153 461 Pedestrian -1 -1 -10 475.18 167.84 590.05 223.30 -1000 -1000 -1000 -10 -1 -1 -1
154 474 Pedestrian -1 -1 -10 818.29 130.84 1032.85 208.84 -1000 -1000 -1000 -10 -1 -1 -1
154 455 Pedestrian -1 -1 -10 313.18 177.10 345.77 265.61 -1000 -1000 -1000 -10 -1 -1 -1
154 476 Pedestrian -1 -1 -10 -33.98 192.10 209.41 294.97 -1000 -1000 -1000 -10 -1 -1 -1
154 461 Pedestrian -1 -1 -10 451.41 166.62 571.24 224.82 -1000 -1000 -1000 -10 -1 -1 -1
155 474 Pedestrian -1 -1 -10 797.52 131.28 1015.31 207.58 -1000 -1000 -1000 -10 -1 -1 -1
155 455 Pedestrian -1 -1 -10 311.34 177.61 344.06 266.16 -1000 -1000 -1000 -10 -1 -1 -1
155 476 Pedestrian -1 -1 -10 -49.15 194.73 182.80 295.17 -1000 -1000 -1000 -10 -1 -1 -1
155 461 Pedestrian -1 -1 -10 429.04 166.35 552.92 226.91 -1000 -1000 -1000 -10 -1 -1 -1
156 474 Pedestrian -1 -1 -10 778.08 131.81 1000.55 207.35 -1000 -1000 -1000 -10 -1 -1 -1
156 455 Pedestrian -1 -1 -10 309.71 177.92 342.13 265.96 -1000 -1000 -1000 -10 -1 -1 -1
156 476 Pedestrian -1 -1 -10 -74.57 192.69 161.35 299.32 -1000 -1000 -1000 -10 -1 -1 -1
156 461 Pedestrian -1 -1 -10 405.61 167.32 533.32 230.12 -1000 -1000 -1000 -10 -1 -1 -1
157 474 Pedestrian -1 -1 -10 756.93 132.63 985.86 208.22 -1000 -1000 -1000 -10 -1 -1 -1
157 455 Pedestrian -1 -1 -10 309.01 178.33 341.21 266.02 -1000 -1000 -1000 -10 -1 -1 -1
157 461 Pedestrian -1 -1 -10 382.88 167.73 511.89 231.50 -1000 -1000 -1000 -10 -1 -1 -1
158 474 Pedestrian -1 -1 -10 734.29 132.54 971.60 209.09 -1000 -1000 -1000 -10 -1 -1 -1
158 455 Pedestrian -1 -1 -10 307.71 178.06 340.01 266.38 -1000 -1000 -1000 -10 -1 -1 -1
158 461 Pedestrian -1 -1 -10 354.53 168.18 491.15 236.27 -1000 -1000 -1000 -10 -1 -1 -1
159 474 Pedestrian -1 -1 -10 718.20 132.72 960.74 209.39 -1000 -1000 -1000 -10 -1 -1 -1
159 455 Pedestrian -1 -1 -10 307.56 178.77 339.91 266.87 -1000 -1000 -1000 -10 -1 -1 -1
159 461 Pedestrian -1 -1 -10 335.86 168.09 474.03 238.17 -1000 -1000 -1000 -10 -1 -1 -1
160 474 Pedestrian -1 -1 -10 700.51 133.86 945.82 209.88 -1000 -1000 -1000 -10 -1 -1 -1
160 455 Pedestrian -1 -1 -10 306.04 179.45 338.19 267.73 -1000 -1000 -1000 -10 -1 -1 -1
160 461 Pedestrian -1 -1 -10 318.00 167.71 458.00 240.06 -1000 -1000 -1000 -10 -1 -1 -1
161 474 Pedestrian -1 -1 -10 684.04 134.30 931.27 209.49 -1000 -1000 -1000 -10 -1 -1 -1
161 455 Pedestrian -1 -1 -10 305.33 178.05 338.14 268.15 -1000 -1000 -1000 -10 -1 -1 -1
161 461 Pedestrian -1 -1 -10 275.91 168.85 421.73 243.32 -1000 -1000 -1000 -10 -1 -1 -1
162 474 Pedestrian -1 -1 -10 658.77 135.53 902.51 209.32 -1000 -1000 -1000 -10 -1 -1 -1
162 455 Pedestrian -1 -1 -10 304.43 176.30 338.51 269.07 -1000 -1000 -1000 -10 -1 -1 -1
163 474 Pedestrian -1 -1 -10 642.20 135.16 890.87 209.99 -1000 -1000 -1000 -10 -1 -1 -1
163 455 Pedestrian -1 -1 -10 304.78 178.30 337.51 268.16 -1000 -1000 -1000 -10 -1 -1 -1
164 474 Pedestrian -1 -1 -10 627.46 134.08 885.09 211.03 -1000 -1000 -1000 -10 -1 -1 -1
164 455 Pedestrian -1 -1 -10 303.50 177.00 337.15 269.06 -1000 -1000 -1000 -10 -1 -1 -1
164 471 Pedestrian -1 -1 -10 350.38 183.77 380.45 248.39 -1000 -1000 -1000 -10 -1 -1 -1
165 474 Pedestrian -1 -1 -10 616.07 134.22 878.31 211.64 -1000 -1000 -1000 -10 -1 -1 -1
165 455 Pedestrian -1 -1 -10 302.45 176.78 336.05 268.66 -1000 -1000 -1000 -10 -1 -1 -1
165 461 Pedestrian -1 -1 -10 106.23 167.47 308.40 270.47 -1000 -1000 -1000 -10 -1 -1 -1
166 474 Pedestrian -1 -1 -10 603.48 134.42 867.61 211.82 -1000 -1000 -1000 -10 -1 -1 -1
166 455 Pedestrian -1 -1 -10 301.27 176.74 334.94 268.14 -1000 -1000 -1000 -10 -1 -1 -1
166 461 Pedestrian -1 -1 -10 53.86 167.07 277.26 280.19 -1000 -1000 -1000 -10 -1 -1 -1
167 474 Pedestrian -1 -1 -10 587.39 134.79 853.56 212.17 -1000 -1000 -1000 -10 -1 -1 -1
167 455 Pedestrian -1 -1 -10 300.76 176.42 334.72 268.17 -1000 -1000 -1000 -10 -1 -1 -1
167 461 Pedestrian -1 -1 -10 8.40 168.15 246.43 288.98 -1000 -1000 -1000 -10 -1 -1 -1
168 474 Pedestrian -1 -1 -10 573.89 135.18 840.80 212.26 -1000 -1000 -1000 -10 -1 -1 -1
168 455 Pedestrian -1 -1 -10 300.58 176.33 334.59 267.92 -1000 -1000 -1000 -10 -1 -1 -1
168 461 Pedestrian -1 -1 -10 -26.93 168.76 226.78 301.43 -1000 -1000 -1000 -10 -1 -1 -1
169 474 Pedestrian -1 -1 -10 559.04 135.58 830.21 213.51 -1000 -1000 -1000 -10 -1 -1 -1
169 455 Pedestrian -1 -1 -10 300.68 176.15 334.85 267.96 -1000 -1000 -1000 -10 -1 -1 -1
169 461 Pedestrian -1 -1 -10 -45.31 169.07 193.89 299.43 -1000 -1000 -1000 -10 -1 -1 -1
170 474 Pedestrian -1 -1 -10 544.85 136.90 819.11 215.35 -1000 -1000 -1000 -10 -1 -1 -1
170 455 Pedestrian -1 -1 -10 300.44 176.62 334.61 268.02 -1000 -1000 -1000 -10 -1 -1 -1
170 461 Pedestrian -1 -1 -10 -65.96 169.28 160.62 301.10 -1000 -1000 -1000 -10 -1 -1 -1
171 474 Pedestrian -1 -1 -10 529.30 137.07 806.73 216.18 -1000 -1000 -1000 -10 -1 -1 -1
171 455 Pedestrian -1 -1 -10 300.51 176.74 334.78 268.07 -1000 -1000 -1000 -10 -1 -1 -1
172 474 Pedestrian -1 -1 -10 514.38 136.10 794.20 215.63 -1000 -1000 -1000 -10 -1 -1 -1
172 455 Pedestrian -1 -1 -10 301.10 176.64 335.64 268.17 -1000 -1000 -1000 -10 -1 -1 -1
173 474 Pedestrian -1 -1 -10 501.34 136.78 783.06 216.65 -1000 -1000 -1000 -10 -1 -1 -1
173 455 Pedestrian -1 -1 -10 301.07 177.03 335.61 267.95 -1000 -1000 -1000 -10 -1 -1 -1
174 474 Pedestrian -1 -1 -10 489.84 137.22 771.32 216.73 -1000 -1000 -1000 -10 -1 -1 -1
174 455 Pedestrian -1 -1 -10 300.61 176.64 335.48 267.78 -1000 -1000 -1000 -10 -1 -1 -1
175 474 Pedestrian -1 -1 -10 477.40 137.53 761.68 217.74 -1000 -1000 -1000 -10 -1 -1 -1
175 455 Pedestrian -1 -1 -10 300.41 177.35 335.21 267.78 -1000 -1000 -1000 -10 -1 -1 -1
176 474 Pedestrian -1 -1 -10 454.24 133.90 755.30 219.30 -1000 -1000 -1000 -10 -1 -1 -1
176 455 Pedestrian -1 -1 -10 300.34 177.51 335.19 267.82 -1000 -1000 -1000 -10 -1 -1 -1
177 474 Pedestrian -1 -1 -10 437.74 131.64 749.64 220.82 -1000 -1000 -1000 -10 -1 -1 -1
177 455 Pedestrian -1 -1 -10 300.82 178.09 335.43 267.86 -1000 -1000 -1000 -10 -1 -1 -1
178 474 Pedestrian -1 -1 -10 431.72 135.00 734.14 221.62 -1000 -1000 -1000 -10 -1 -1 -1
178 455 Pedestrian -1 -1 -10 301.27 178.26 335.75 267.79 -1000 -1000 -1000 -10 -1 -1 -1
179 474 Pedestrian -1 -1 -10 423.31 136.59 720.69 221.85 -1000 -1000 -1000 -10 -1 -1 -1
179 455 Pedestrian -1 -1 -10 301.25 177.94 335.80 267.80 -1000 -1000 -1000 -10 -1 -1 -1
179 471 Pedestrian -1 -1 -10 349.19 183.46 378.61 246.15 -1000 -1000 -1000 -10 -1 -1 -1
180 474 Pedestrian -1 -1 -10 409.34 137.30 707.32 222.82 -1000 -1000 -1000 -10 -1 -1 -1
180 455 Pedestrian -1 -1 -10 301.21 178.03 335.68 267.72 -1000 -1000 -1000 -10 -1 -1 -1
181 474 Pedestrian -1 -1 -10 396.80 137.25 696.67 223.50 -1000 -1000 -1000 -10 -1 -1 -1
181 455 Pedestrian -1 -1 -10 301.15 178.30 335.55 267.73 -1000 -1000 -1000 -10 -1 -1 -1
182 474 Pedestrian -1 -1 -10 380.32 136.65 684.94 224.46 -1000 -1000 -1000 -10 -1 -1 -1
182 455 Pedestrian -1 -1 -10 300.91 178.33 335.30 267.57 -1000 -1000 -1000 -10 -1 -1 -1
183 474 Pedestrian -1 -1 -10 365.90 136.46 677.03 226.57 -1000 -1000 -1000 -10 -1 -1 -1
183 455 Pedestrian -1 -1 -10 300.66 178.21 335.17 267.57 -1000 -1000 -1000 -10 -1 -1 -1
184 474 Pedestrian -1 -1 -10 345.63 135.77 663.31 228.02 -1000 -1000 -1000 -10 -1 -1 -1
184 455 Pedestrian -1 -1 -10 301.19 177.68 336.04 267.74 -1000 -1000 -1000 -10 -1 -1 -1
185 474 Pedestrian -1 -1 -10 332.88 134.48 653.59 228.02 -1000 -1000 -1000 -10 -1 -1 -1
185 455 Pedestrian -1 -1 -10 301.87 177.95 336.96 268.10 -1000 -1000 -1000 -10 -1 -1 -1
186 474 Pedestrian -1 -1 -10 320.80 132.87 640.29 226.56 -1000 -1000 -1000 -10 -1 -1 -1
186 455 Pedestrian -1 -1 -10 301.64 177.82 336.92 268.61 -1000 -1000 -1000 -10 -1 -1 -1
187 474 Pedestrian -1 -1 -10 296.02 131.92 623.88 227.88 -1000 -1000 -1000 -10 -1 -1 -1
187 455 Pedestrian -1 -1 -10 300.53 177.95 336.01 269.10 -1000 -1000 -1000 -10 -1 -1 -1
188 474 Pedestrian -1 -1 -10 269.98 127.99 612.34 228.37 -1000 -1000 -1000 -10 -1 -1 -1
188 455 Pedestrian -1 -1 -10 301.83 176.87 337.28 269.46 -1000 -1000 -1000 -10 -1 -1 -1
189 474 Pedestrian -1 -1 -10 250.17 126.50 597.18 228.12 -1000 -1000 -1000 -10 -1 -1 -1
189 455 Pedestrian -1 -1 -10 303.14 175.77 338.26 268.22 -1000 -1000 -1000 -10 -1 -1 -1
190 474 Pedestrian -1 -1 -10 229.12 126.24 584.20 230.31 -1000 -1000 -1000 -10 -1 -1 -1
190 455 Pedestrian -1 -1 -10 303.16 174.86 338.53 268.45 -1000 -1000 -1000 -10 -1 -1 -1
191 474 Pedestrian -1 -1 -10 209.30 125.98 570.36 231.93 -1000 -1000 -1000 -10 -1 -1 -1
191 455 Pedestrian -1 -1 -10 302.08 173.99 338.44 270.05 -1000 -1000 -1000 -10 -1 -1 -1
192 474 Pedestrian -1 -1 -10 186.83 125.96 553.03 233.18 -1000 -1000 -1000 -10 -1 -1 -1
192 455 Pedestrian -1 -1 -10 303.46 174.12 340.41 271.35 -1000 -1000 -1000 -10 -1 -1 -1
193 474 Pedestrian -1 -1 -10 160.48 125.90 543.75 238.43 -1000 -1000 -1000 -10 -1 -1 -1
193 455 Pedestrian -1 -1 -10 300.42 177.10 336.88 272.70 -1000 -1000 -1000 -10 -1 -1 -1
194 474 Pedestrian -1 -1 -10 129.78 125.67 531.72 244.06 -1000 -1000 -1000 -10 -1 -1 -1
194 455 Pedestrian -1 -1 -10 300.89 177.33 337.02 273.29 -1000 -1000 -1000 -10 -1 -1 -1
195 474 Pedestrian -1 -1 -10 98.20 122.08 528.27 249.82 -1000 -1000 -1000 -10 -1 -1 -1
195 455 Pedestrian -1 -1 -10 300.60 177.41 336.39 273.40 -1000 -1000 -1000 -10 -1 -1 -1
196 474 Pedestrian -1 -1 -10 69.06 120.70 513.63 253.58 -1000 -1000 -1000 -10 -1 -1 -1
196 455 Pedestrian -1 -1 -10 299.60 176.50 335.09 272.28 -1000 -1000 -1000 -10 -1 -1 -1
197 474 Pedestrian -1 -1 -10 39.58 119.33 495.66 256.26 -1000 -1000 -1000 -10 -1 -1 -1
197 455 Pedestrian -1 -1 -10 298.59 176.10 334.01 271.94 -1000 -1000 -1000 -10 -1 -1 -1
198 474 Pedestrian -1 -1 -10 5.62 115.89 480.89 259.43 -1000 -1000 -1000 -10 -1 -1 -1
198 455 Pedestrian -1 -1 -10 297.36 176.73 332.55 271.77 -1000 -1000 -1000 -10 -1 -1 -1
199 474 Pedestrian -1 -1 -10 -22.56 112.76 474.84 264.69 -1000 -1000 -1000 -10 -1 -1 -1
199 455 Pedestrian -1 -1 -10 296.45 178.06 331.26 271.80 -1000 -1000 -1000 -10 -1 -1 -1
200 474 Pedestrian -1 -1 -10 -42.96 109.93 472.44 270.10 -1000 -1000 -1000 -10 -1 -1 -1
200 455 Pedestrian -1 -1 -10 294.48 175.87 330.03 271.72 -1000 -1000 -1000 -10 -1 -1 -1
201 474 Pedestrian -1 -1 -10 -60.54 105.62 472.29 275.09 -1000 -1000 -1000 -10 -1 -1 -1
201 455 Pedestrian -1 -1 -10 293.60 175.71 329.01 271.94 -1000 -1000 -1000 -10 -1 -1 -1
202 474 Pedestrian -1 -1 -10 -70.73 102.38 466.35 277.68 -1000 -1000 -1000 -10 -1 -1 -1
202 455 Pedestrian -1 -1 -10 291.73 174.09 327.64 271.95 -1000 -1000 -1000 -10 -1 -1 -1
203 474 Pedestrian -1 -1 -10 -81.65 98.43 460.66 280.88 -1000 -1000 -1000 -10 -1 -1 -1
203 455 Pedestrian -1 -1 -10 291.66 174.30 327.62 271.97 -1000 -1000 -1000 -10 -1 -1 -1
204 474 Pedestrian -1 -1 -10 -90.95 95.18 456.18 285.50 -1000 -1000 -1000 -10 -1 -1 -1
204 455 Pedestrian -1 -1 -10 292.59 175.43 328.01 271.80 -1000 -1000 -1000 -10 -1 -1 -1
205 474 Pedestrian -1 -1 -10 -96.77 95.22 435.28 287.22 -1000 -1000 -1000 -10 -1 -1 -1
205 455 Pedestrian -1 -1 -10 292.93 175.67 328.25 271.83 -1000 -1000 -1000 -10 -1 -1 -1
206 474 Pedestrian -1 -1 -10 -91.77 96.30 412.85 284.84 -1000 -1000 -1000 -10 -1 -1 -1
206 455 Pedestrian -1 -1 -10 291.67 176.37 326.98 272.01 -1000 -1000 -1000 -10 -1 -1 -1
207 474 Pedestrian -1 -1 -10 -82.95 98.80 394.08 282.90 -1000 -1000 -1000 -10 -1 -1 -1
207 455 Pedestrian -1 -1 -10 293.30 180.35 327.29 271.93 -1000 -1000 -1000 -10 -1 -1 -1
208 474 Pedestrian -1 -1 -10 -78.29 102.25 370.90 281.53 -1000 -1000 -1000 -10 -1 -1 -1
208 455 Pedestrian -1 -1 -10 293.09 181.67 326.77 271.93 -1000 -1000 -1000 -10 -1 -1 -1
209 474 Pedestrian -1 -1 -10 -79.97 103.45 349.91 281.58 -1000 -1000 -1000 -10 -1 -1 -1
209 455 Pedestrian -1 -1 -10 292.13 181.48 326.15 271.98 -1000 -1000 -1000 -10 -1 -1 -1
209 482 Pedestrian -1 -1 -10 1002.19 169.61 1116.72 202.72 -1000 -1000 -1000 -10 -1 -1 -1
210 474 Pedestrian -1 -1 -10 -81.12 104.10 327.64 280.42 -1000 -1000 -1000 -10 -1 -1 -1
210 455 Pedestrian -1 -1 -10 291.64 181.28 325.95 271.88 -1000 -1000 -1000 -10 -1 -1 -1
210 482 Pedestrian -1 -1 -10 1003.14 171.11 1113.18 202.88 -1000 -1000 -1000 -10 -1 -1 -1
211 474 Pedestrian -1 -1 -10 -86.52 103.12 308.03 281.18 -1000 -1000 -1000 -10 -1 -1 -1
211 455 Pedestrian -1 -1 -10 291.49 181.18 326.13 271.82 -1000 -1000 -1000 -10 -1 -1 -1
211 482 Pedestrian -1 -1 -10 1003.07 170.83 1113.54 202.73 -1000 -1000 -1000 -10 -1 -1 -1
212 474 Pedestrian -1 -1 -10 -94.74 102.84 289.47 285.37 -1000 -1000 -1000 -10 -1 -1 -1
212 455 Pedestrian -1 -1 -10 291.42 181.47 326.20 271.70 -1000 -1000 -1000 -10 -1 -1 -1
213 474 Pedestrian -1 -1 -10 -103.90 102.37 271.33 291.18 -1000 -1000 -1000 -10 -1 -1 -1
213 455 Pedestrian -1 -1 -10 291.39 181.67 326.29 271.64 -1000 -1000 -1000 -10 -1 -1 -1
213 482 Pedestrian -1 -1 -10 1003.28 171.14 1112.57 202.69 -1000 -1000 -1000 -10 -1 -1 -1
214 474 Pedestrian -1 -1 -10 -104.11 101.66 239.29 285.53 -1000 -1000 -1000 -10 -1 -1 -1
214 455 Pedestrian -1 -1 -10 291.29 182.02 326.23 271.67 -1000 -1000 -1000 -10 -1 -1 -1
215 455 Pedestrian -1 -1 -10 291.33 182.41 326.28 271.65 -1000 -1000 -1000 -10 -1 -1 -1
216 455 Pedestrian -1 -1 -10 291.28 182.42 326.44 271.77 -1000 -1000 -1000 -10 -1 -1 -1
216 483 Pedestrian -1 -1 -10 -16.10 100.12 77.38 278.74 -1000 -1000 -1000 -10 -1 -1 -1
217 455 Pedestrian -1 -1 -10 291.32 182.87 326.55 271.85 -1000 -1000 -1000 -10 -1 -1 -1
218 455 Pedestrian -1 -1 -10 291.27 183.12 326.58 271.94 -1000 -1000 -1000 -10 -1 -1 -1
219 455 Pedestrian -1 -1 -10 291.16 182.95 326.77 271.94 -1000 -1000 -1000 -10 -1 -1 -1
220 455 Pedestrian -1 -1 -10 291.03 182.97 326.73 271.88 -1000 -1000 -1000 -10 -1 -1 -1
221 455 Pedestrian -1 -1 -10 290.99 183.13 326.77 271.96 -1000 -1000 -1000 -10 -1 -1 -1
222 455 Pedestrian -1 -1 -10 290.91 182.87 326.98 272.00 -1000 -1000 -1000 -10 -1 -1 -1
223 455 Pedestrian -1 -1 -10 290.89 182.95 327.08 271.94 -1000 -1000 -1000 -10 -1 -1 -1
224 455 Pedestrian -1 -1 -10 290.92 182.95 327.22 271.92 -1000 -1000 -1000 -10 -1 -1 -1
225 455 Pedestrian -1 -1 -10 290.78 183.07 327.08 271.89 -1000 -1000 -1000 -10 -1 -1 -1
226 455 Pedestrian -1 -1 -10 290.75 183.19 327.02 271.86 -1000 -1000 -1000 -10 -1 -1 -1
227 455 Pedestrian -1 -1 -10 290.83 182.82 327.36 271.87 -1000 -1000 -1000 -10 -1 -1 -1
228 455 Pedestrian -1 -1 -10 290.78 182.22 327.66 271.92 -1000 -1000 -1000 -10 -1 -1 -1
229 455 Pedestrian -1 -1 -10 290.80 182.50 327.65 271.96 -1000 -1000 -1000 -10 -1 -1 -1
230 455 Pedestrian -1 -1 -10 290.73 182.23 327.70 271.85 -1000 -1000 -1000 -10 -1 -1 -1
231 455 Pedestrian -1 -1 -10 290.75 181.95 327.90 271.90 -1000 -1000 -1000 -10 -1 -1 -1
232 455 Pedestrian -1 -1 -10 290.77 181.80 328.01 271.88 -1000 -1000 -1000 -10 -1 -1 -1
