1 484 Pedestrian -1 -1 -10 886.51 204.40 1238.06 369.77 -1000 -1000 -1000 -10 -1 -1 -1
2 484 Pedestrian -1 -1 -10 876.21 202.38 1236.51 371.76 -1000 -1000 -1000 -10 -1 -1 -1
3 484 Pedestrian -1 -1 -10 866.87 202.15 1231.17 373.08 -1000 -1000 -1000 -10 -1 -1 -1
4 484 Pedestrian -1 -1 -10 858.63 201.47 1228.70 374.64 -1000 -1000 -1000 -10 -1 -1 -1
5 484 Pedestrian -1 -1 -10 851.04 200.90 1225.23 375.24 -1000 -1000 -1000 -10 -1 -1 -1
5 486 Pedestrian -1 -1 -10 260.18 165.75 324.79 200.88 -1000 -1000 -1000 -10 -1 -1 -1
6 484 Pedestrian -1 -1 -10 843.31 199.74 1222.50 375.39 -1000 -1000 -1000 -10 -1 -1 -1
6 486 Pedestrian -1 -1 -10 255.44 169.48 316.50 202.54 -1000 -1000 -1000 -10 -1 -1 -1
7 484 Pedestrian -1 -1 -10 837.81 199.77 1217.26 374.15 -1000 -1000 -1000 -10 -1 -1 -1
7 486 Pedestrian -1 -1 -10 245.78 169.79 309.49 204.15 -1000 -1000 -1000 -10 -1 -1 -1
8 484 Pedestrian -1 -1 -10 817.60 197.29 1202.58 374.00 -1000 -1000 -1000 -10 -1 -1 -1
8 486 Pedestrian -1 -1 -10 229.32 167.51 297.17 204.22 -1000 -1000 -1000 -10 -1 -1 -1
9 484 Pedestrian -1 -1 -10 796.14 195.42 1179.36 371.86 -1000 -1000 -1000 -10 -1 -1 -1
9 486 Pedestrian -1 -1 -10 214.16 164.83 285.90 203.95 -1000 -1000 -1000 -10 -1 -1 -1
10 484 Pedestrian -1 -1 -10 784.44 193.80 1147.75 361.76 -1000 -1000 -1000 -10 -1 -1 -1
11 484 Pedestrian -1 -1 -10 773.88 191.76 1119.40 352.38 -1000 -1000 -1000 -10 -1 -1 -1
12 484 Pedestrian -1 -1 -10 765.90 192.19 1094.24 345.99 -1000 -1000 -1000 -10 -1 -1 -1
13 484 Pedestrian -1 -1 -10 756.99 191.27 1074.94 341.78 -1000 -1000 -1000 -10 -1 -1 -1
13 486 Pedestrian -1 -1 -10 179.18 172.71 241.25 205.66 -1000 -1000 -1000 -10 -1 -1 -1
14 484 Pedestrian -1 -1 -10 752.83 190.25 1052.67 333.48 -1000 -1000 -1000 -10 -1 -1 -1
14 486 Pedestrian -1 -1 -10 165.41 177.21 227.94 210.00 -1000 -1000 -1000 -10 -1 -1 -1
15 484 Pedestrian -1 -1 -10 749.85 190.70 1032.85 327.25 -1000 -1000 -1000 -10 -1 -1 -1
15 486 Pedestrian -1 -1 -10 153.46 179.60 216.72 212.25 -1000 -1000 -1000 -10 -1 -1 -1
16 484 Pedestrian -1 -1 -10 748.63 190.33 1012.16 318.52 -1000 -1000 -1000 -10 -1 -1 -1
16 486 Pedestrian -1 -1 -10 139.27 180.03 207.03 214.49 -1000 -1000 -1000 -10 -1 -1 -1
17 484 Pedestrian -1 -1 -10 745.41 188.93 994.13 310.97 -1000 -1000 -1000 -10 -1 -1 -1
17 486 Pedestrian -1 -1 -10 123.48 180.04 194.33 215.55 -1000 -1000 -1000 -10 -1 -1 -1
17 487 Pedestrian -1 -1 -10 177.44 169.49 246.74 211.03 -1000 -1000 -1000 -10 -1 -1 -1
18 484 Pedestrian -1 -1 -10 739.00 188.23 979.32 307.44 -1000 -1000 -1000 -10 -1 -1 -1
18 486 Pedestrian -1 -1 -10 106.02 181.04 180.22 217.62 -1000 -1000 -1000 -10 -1 -1 -1
19 484 Pedestrian -1 -1 -10 734.50 187.56 966.44 304.09 -1000 -1000 -1000 -10 -1 -1 -1
19 486 Pedestrian -1 -1 -10 89.82 182.56 166.84 219.37 -1000 -1000 -1000 -10 -1 -1 -1
19 487 Pedestrian -1 -1 -10 158.71 169.08 229.50 211.61 -1000 -1000 -1000 -10 -1 -1 -1
20 484 Pedestrian -1 -1 -10 732.20 187.21 952.08 298.98 -1000 -1000 -1000 -10 -1 -1 -1
20 486 Pedestrian -1 -1 -10 66.17 183.64 146.36 221.54 -1000 -1000 -1000 -10 -1 -1 -1
20 487 Pedestrian -1 -1 -10 141.49 165.86 218.64 212.54 -1000 -1000 -1000 -10 -1 -1 -1
21 484 Pedestrian -1 -1 -10 728.61 186.86 937.69 294.37 -1000 -1000 -1000 -10 -1 -1 -1
21 486 Pedestrian -1 -1 -10 43.99 185.33 128.06 224.37 -1000 -1000 -1000 -10 -1 -1 -1
21 487 Pedestrian -1 -1 -10 127.85 169.70 203.38 215.57 -1000 -1000 -1000 -10 -1 -1 -1
22 484 Pedestrian -1 -1 -10 725.25 187.81 924.56 291.44 -1000 -1000 -1000 -10 -1 -1 -1
22 486 Pedestrian -1 -1 -10 22.15 187.99 110.60 227.93 -1000 -1000 -1000 -10 -1 -1 -1
22 487 Pedestrian -1 -1 -10 114.52 171.54 192.59 218.82 -1000 -1000 -1000 -10 -1 -1 -1
23 484 Pedestrian -1 -1 -10 723.24 188.58 912.01 287.70 -1000 -1000 -1000 -10 -1 -1 -1
23 486 Pedestrian -1 -1 -10 0.83 187.74 96.88 231.40 -1000 -1000 -1000 -10 -1 -1 -1
23 487 Pedestrian -1 -1 -10 88.88 167.77 175.44 220.79 -1000 -1000 -1000 -10 -1 -1 -1
24 484 Pedestrian -1 -1 -10 721.15 187.76 899.37 282.02 -1000 -1000 -1000 -10 -1 -1 -1
24 486 Pedestrian -1 -1 -10 -14.71 186.38 84.65 232.97 -1000 -1000 -1000 -10 -1 -1 -1
25 484 Pedestrian -1 -1 -10 717.24 186.74 886.76 277.22 -1000 -1000 -1000 -10 -1 -1 -1
25 487 Pedestrian -1 -1 -10 66.69 174.27 141.74 220.85 -1000 -1000 -1000 -10 -1 -1 -1
26 484 Pedestrian -1 -1 -10 713.28 187.10 875.36 274.35 -1000 -1000 -1000 -10 -1 -1 -1
26 490 Pedestrian -1 -1 -10 1068.15 221.43 1245.15 370.53 -1000 -1000 -1000 -10 -1 -1 -1
26 487 Pedestrian -1 -1 -10 33.58 177.90 108.84 223.10 -1000 -1000 -1000 -10 -1 -1 -1
27 484 Pedestrian -1 -1 -10 707.67 186.30 866.17 272.52 -1000 -1000 -1000 -10 -1 -1 -1
27 490 Pedestrian -1 -1 -10 1046.48 204.96 1243.32 370.81 -1000 -1000 -1000 -10 -1 -1 -1
27 487 Pedestrian -1 -1 -10 11.48 181.19 87.50 226.03 -1000 -1000 -1000 -10 -1 -1 -1
28 484 Pedestrian -1 -1 -10 704.05 187.16 856.02 270.68 -1000 -1000 -1000 -10 -1 -1 -1
28 490 Pedestrian -1 -1 -10 1024.45 190.72 1239.18 371.47 -1000 -1000 -1000 -10 -1 -1 -1
28 487 Pedestrian -1 -1 -10 -2.71 184.71 70.73 228.27 -1000 -1000 -1000 -10 -1 -1 -1
29 484 Pedestrian -1 -1 -10 700.44 188.58 844.28 268.19 -1000 -1000 -1000 -10 -1 -1 -1
29 490 Pedestrian -1 -1 -10 1007.37 184.57 1229.98 370.95 -1000 -1000 -1000 -10 -1 -1 -1
30 484 Pedestrian -1 -1 -10 697.20 188.35 832.46 263.69 -1000 -1000 -1000 -10 -1 -1 -1
30 490 Pedestrian -1 -1 -10 988.98 180.33 1219.16 370.94 -1000 -1000 -1000 -10 -1 -1 -1
31 484 Pedestrian -1 -1 -10 691.06 186.86 822.51 260.70 -1000 -1000 -1000 -10 -1 -1 -1
31 490 Pedestrian -1 -1 -10 973.21 179.23 1209.57 371.67 -1000 -1000 -1000 -10 -1 -1 -1
32 484 Pedestrian -1 -1 -10 684.36 186.03 811.95 258.31 -1000 -1000 -1000 -10 -1 -1 -1
32 490 Pedestrian -1 -1 -10 959.19 177.99 1202.23 371.67 -1000 -1000 -1000 -10 -1 -1 -1
33 484 Pedestrian -1 -1 -10 675.78 183.60 802.30 256.20 -1000 -1000 -1000 -10 -1 -1 -1
33 490 Pedestrian -1 -1 -10 946.81 177.63 1196.57 371.50 -1000 -1000 -1000 -10 -1 -1 -1
34 484 Pedestrian -1 -1 -10 670.33 183.03 791.61 253.45 -1000 -1000 -1000 -10 -1 -1 -1
34 490 Pedestrian -1 -1 -10 931.55 176.64 1191.60 372.56 -1000 -1000 -1000 -10 -1 -1 -1
35 484 Pedestrian -1 -1 -10 664.89 183.28 780.23 250.80 -1000 -1000 -1000 -10 -1 -1 -1
35 490 Pedestrian -1 -1 -10 916.03 175.87 1187.73 373.97 -1000 -1000 -1000 -10 -1 -1 -1
36 484 Pedestrian -1 -1 -10 657.54 181.43 770.60 248.52 -1000 -1000 -1000 -10 -1 -1 -1
36 490 Pedestrian -1 -1 -10 900.24 174.46 1184.59 374.78 -1000 -1000 -1000 -10 -1 -1 -1
37 484 Pedestrian -1 -1 -10 651.26 180.85 759.08 245.48 -1000 -1000 -1000 -10 -1 -1 -1
37 490 Pedestrian -1 -1 -10 884.69 172.60 1182.38 374.94 -1000 -1000 -1000 -10 -1 -1 -1
38 484 Pedestrian -1 -1 -10 643.81 180.84 749.53 244.98 -1000 -1000 -1000 -10 -1 -1 -1
38 490 Pedestrian -1 -1 -10 862.56 172.67 1169.18 374.58 -1000 -1000 -1000 -10 -1 -1 -1
39 484 Pedestrian -1 -1 -10 637.94 181.96 737.16 242.58 -1000 -1000 -1000 -10 -1 -1 -1
39 490 Pedestrian -1 -1 -10 830.40 172.83 1141.41 373.78 -1000 -1000 -1000 -10 -1 -1 -1
40 484 Pedestrian -1 -1 -10 630.92 182.23 727.47 241.91 -1000 -1000 -1000 -10 -1 -1 -1
40 490 Pedestrian -1 -1 -10 796.37 172.57 1109.98 373.41 -1000 -1000 -1000 -10 -1 -1 -1
41 484 Pedestrian -1 -1 -10 623.82 182.54 717.78 241.23 -1000 -1000 -1000 -10 -1 -1 -1
41 490 Pedestrian -1 -1 -10 770.46 175.40 1072.87 367.81 -1000 -1000 -1000 -10 -1 -1 -1
42 484 Pedestrian -1 -1 -10 617.03 183.66 708.28 241.10 -1000 -1000 -1000 -10 -1 -1 -1
42 490 Pedestrian -1 -1 -10 744.57 175.62 1036.47 361.21 -1000 -1000 -1000 -10 -1 -1 -1
43 484 Pedestrian -1 -1 -10 609.99 183.71 699.30 240.52 -1000 -1000 -1000 -10 -1 -1 -1
43 490 Pedestrian -1 -1 -10 723.29 175.72 1001.97 353.17 -1000 -1000 -1000 -10 -1 -1 -1
44 484 Pedestrian -1 -1 -10 603.39 183.77 689.90 239.35 -1000 -1000 -1000 -10 -1 -1 -1
44 490 Pedestrian -1 -1 -10 706.27 175.93 967.45 342.76 -1000 -1000 -1000 -10 -1 -1 -1
45 484 Pedestrian -1 -1 -10 597.67 182.48 683.42 238.23 -1000 -1000 -1000 -10 -1 -1 -1
45 490 Pedestrian -1 -1 -10 689.91 176.36 937.25 335.36 -1000 -1000 -1000 -10 -1 -1 -1
46 484 Pedestrian -1 -1 -10 594.16 183.29 674.01 235.70 -1000 -1000 -1000 -10 -1 -1 -1
46 490 Pedestrian -1 -1 -10 675.32 176.17 909.96 328.13 -1000 -1000 -1000 -10 -1 -1 -1
47 484 Pedestrian -1 -1 -10 588.73 184.97 665.62 235.71 -1000 -1000 -1000 -10 -1 -1 -1
47 490 Pedestrian -1 -1 -10 661.04 173.87 886.67 321.77 -1000 -1000 -1000 -10 -1 -1 -1
48 484 Pedestrian -1 -1 -10 583.40 185.93 658.20 235.78 -1000 -1000 -1000 -10 -1 -1 -1
48 490 Pedestrian -1 -1 -10 650.38 177.20 862.22 317.36 -1000 -1000 -1000 -10 -1 -1 -1
49 484 Pedestrian -1 -1 -10 577.94 184.53 652.48 234.80 -1000 -1000 -1000 -10 -1 -1 -1
49 490 Pedestrian -1 -1 -10 640.63 177.71 839.34 310.49 -1000 -1000 -1000 -10 -1 -1 -1
50 484 Pedestrian -1 -1 -10 575.40 183.30 646.52 231.49 -1000 -1000 -1000 -10 -1 -1 -1
50 490 Pedestrian -1 -1 -10 632.94 176.40 820.56 303.19 -1000 -1000 -1000 -10 -1 -1 -1
51 484 Pedestrian -1 -1 -10 572.18 182.29 640.80 229.03 -1000 -1000 -1000 -10 -1 -1 -1
51 490 Pedestrian -1 -1 -10 624.59 174.48 801.85 295.56 -1000 -1000 -1000 -10 -1 -1 -1
52 484 Pedestrian -1 -1 -10 567.44 180.46 635.04 227.02 -1000 -1000 -1000 -10 -1 -1 -1
52 490 Pedestrian -1 -1 -10 616.60 172.91 785.32 289.50 -1000 -1000 -1000 -10 -1 -1 -1
53 484 Pedestrian -1 -1 -10 563.14 178.22 631.46 226.20 -1000 -1000 -1000 -10 -1 -1 -1
53 490 Pedestrian -1 -1 -10 609.28 171.39 770.31 284.02 -1000 -1000 -1000 -10 -1 -1 -1
54 484 Pedestrian -1 -1 -10 562.08 183.87 623.05 226.54 -1000 -1000 -1000 -10 -1 -1 -1
54 490 Pedestrian -1 -1 -10 606.46 175.13 756.31 280.87 -1000 -1000 -1000 -10 -1 -1 -1
55 484 Pedestrian -1 -1 -10 555.04 178.43 621.98 226.37 -1000 -1000 -1000 -10 -1 -1 -1
55 490 Pedestrian -1 -1 -10 600.97 177.13 742.59 278.02 -1000 -1000 -1000 -10 -1 -1 -1
56 484 Pedestrian -1 -1 -10 553.80 182.34 614.65 226.46 -1000 -1000 -1000 -10 -1 -1 -1
56 490 Pedestrian -1 -1 -10 597.87 178.74 731.04 274.24 -1000 -1000 -1000 -10 -1 -1 -1
56 491 Pedestrian -1 -1 -10 241.44 182.63 277.54 202.33 -1000 -1000 -1000 -10 -1 -1 -1
57 484 Pedestrian -1 -1 -10 552.29 183.93 610.33 226.52 -1000 -1000 -1000 -10 -1 -1 -1
57 490 Pedestrian -1 -1 -10 590.26 178.20 723.15 274.88 -1000 -1000 -1000 -10 -1 -1 -1
57 491 Pedestrian -1 -1 -10 235.45 182.67 270.96 202.05 -1000 -1000 -1000 -10 -1 -1 -1
58 484 Pedestrian -1 -1 -10 550.34 183.13 608.71 226.58 -1000 -1000 -1000 -10 -1 -1 -1
58 490 Pedestrian -1 -1 -10 587.46 178.85 712.46 270.83 -1000 -1000 -1000 -10 -1 -1 -1
58 491 Pedestrian -1 -1 -10 230.48 181.85 267.58 202.01 -1000 -1000 -1000 -10 -1 -1 -1
59 490 Pedestrian -1 -1 -10 586.71 178.92 705.26 267.42 -1000 -1000 -1000 -10 -1 -1 -1
59 491 Pedestrian -1 -1 -10 225.92 181.63 263.87 202.23 -1000 -1000 -1000 -10 -1 -1 -1
60 490 Pedestrian -1 -1 -10 583.90 179.24 698.21 265.47 -1000 -1000 -1000 -10 -1 -1 -1
60 491 Pedestrian -1 -1 -10 223.15 181.13 260.52 201.31 -1000 -1000 -1000 -10 -1 -1 -1
61 490 Pedestrian -1 -1 -10 582.14 179.63 692.02 263.22 -1000 -1000 -1000 -10 -1 -1 -1
61 491 Pedestrian -1 -1 -10 218.65 180.96 259.01 202.63 -1000 -1000 -1000 -10 -1 -1 -1
61 484 Pedestrian -1 -1 -10 550.25 184.73 604.42 225.32 -1000 -1000 -1000 -10 -1 -1 -1
62 490 Pedestrian -1 -1 -10 578.44 179.91 684.20 260.83 -1000 -1000 -1000 -10 -1 -1 -1
63 490 Pedestrian -1 -1 -10 573.38 179.68 676.43 259.23 -1000 -1000 -1000 -10 -1 -1 -1
64 490 Pedestrian -1 -1 -10 569.89 178.63 670.79 257.20 -1000 -1000 -1000 -10 -1 -1 -1
65 490 Pedestrian -1 -1 -10 566.98 179.40 665.11 256.64 -1000 -1000 -1000 -10 -1 -1 -1
66 490 Pedestrian -1 -1 -10 565.48 182.63 658.60 256.75 -1000 -1000 -1000 -10 -1 -1 -1
67 490 Pedestrian -1 -1 -10 563.45 184.85 654.41 257.67 -1000 -1000 -1000 -10 -1 -1 -1
68 490 Pedestrian -1 -1 -10 560.28 185.05 647.42 255.20 -1000 -1000 -1000 -10 -1 -1 -1
69 490 Pedestrian -1 -1 -10 557.31 181.18 642.40 250.01 -1000 -1000 -1000 -10 -1 -1 -1
70 490 Pedestrian -1 -1 -10 557.41 179.07 638.15 244.57 -1000 -1000 -1000 -10 -1 -1 -1
71 490 Pedestrian -1 -1 -10 554.28 175.81 635.97 242.27 -1000 -1000 -1000 -10 -1 -1 -1
72 490 Pedestrian -1 -1 -10 551.45 177.99 630.53 242.38 -1000 -1000 -1000 -10 -1 -1 -1
73 490 Pedestrian -1 -1 -10 548.72 179.39 627.13 243.28 -1000 -1000 -1000 -10 -1 -1 -1
74 490 Pedestrian -1 -1 -10 548.36 181.46 624.08 243.01 -1000 -1000 -1000 -10 -1 -1 -1
77 494 Pedestrian -1 -1 -10 43.85 177.63 133.33 212.84 -1000 -1000 -1000 -10 -1 -1 -1
77 490 Pedestrian -1 -1 -10 551.28 181.31 614.94 232.22 -1000 -1000 -1000 -10 -1 -1 -1
78 494 Pedestrian -1 -1 -10 29.65 177.76 121.39 213.79 -1000 -1000 -1000 -10 -1 -1 -1
78 495 Pedestrian -1 -1 -10 240.39 160.23 300.60 200.13 -1000 -1000 -1000 -10 -1 -1 -1
78 490 Pedestrian -1 -1 -10 547.95 181.35 618.14 237.44 -1000 -1000 -1000 -10 -1 -1 -1
79 494 Pedestrian -1 -1 -10 10.82 176.14 108.82 214.54 -1000 -1000 -1000 -10 -1 -1 -1
79 495 Pedestrian -1 -1 -10 224.86 158.01 290.17 201.27 -1000 -1000 -1000 -10 -1 -1 -1
79 490 Pedestrian -1 -1 -10 548.16 180.72 620.16 238.25 -1000 -1000 -1000 -10 -1 -1 -1
80 494 Pedestrian -1 -1 -10 -1.83 175.24 97.81 214.35 -1000 -1000 -1000 -10 -1 -1 -1
80 495 Pedestrian -1 -1 -10 207.18 156.27 275.93 201.73 -1000 -1000 -1000 -10 -1 -1 -1
80 490 Pedestrian -1 -1 -10 548.24 180.17 620.30 237.63 -1000 -1000 -1000 -10 -1 -1 -1
81 494 Pedestrian -1 -1 -10 -10.82 174.57 89.55 214.33 -1000 -1000 -1000 -10 -1 -1 -1
81 495 Pedestrian -1 -1 -10 184.70 154.08 259.56 203.44 -1000 -1000 -1000 -10 -1 -1 -1
81 490 Pedestrian -1 -1 -10 548.88 180.13 618.60 235.94 -1000 -1000 -1000 -10 -1 -1 -1
82 494 Pedestrian -1 -1 -10 -16.75 175.16 80.44 214.31 -1000 -1000 -1000 -10 -1 -1 -1
82 495 Pedestrian -1 -1 -10 160.73 152.30 240.97 204.90 -1000 -1000 -1000 -10 -1 -1 -1
82 490 Pedestrian -1 -1 -10 547.70 180.02 619.29 237.90 -1000 -1000 -1000 -10 -1 -1 -1
83 494 Pedestrian -1 -1 -10 -24.21 174.87 72.58 215.04 -1000 -1000 -1000 -10 -1 -1 -1
83 495 Pedestrian -1 -1 -10 135.27 152.19 222.61 208.91 -1000 -1000 -1000 -10 -1 -1 -1
83 490 Pedestrian -1 -1 -10 550.49 180.60 619.18 236.46 -1000 -1000 -1000 -10 -1 -1 -1
84 494 Pedestrian -1 -1 -10 -29.78 174.18 61.91 213.89 -1000 -1000 -1000 -10 -1 -1 -1
84 495 Pedestrian -1 -1 -10 101.90 149.90 198.78 212.23 -1000 -1000 -1000 -10 -1 -1 -1
84 490 Pedestrian -1 -1 -10 554.43 181.68 619.52 234.83 -1000 -1000 -1000 -10 -1 -1 -1
85 495 Pedestrian -1 -1 -10 61.86 146.83 168.64 214.47 -1000 -1000 -1000 -10 -1 -1 -1
85 490 Pedestrian -1 -1 -10 554.52 180.32 620.44 234.36 -1000 -1000 -1000 -10 -1 -1 -1
87 495 Pedestrian -1 -1 -10 8.16 141.37 125.30 216.61 -1000 -1000 -1000 -10 -1 -1 -1
87 490 Pedestrian -1 -1 -10 557.14 177.15 621.72 230.01 -1000 -1000 -1000 -10 -1 -1 -1
88 495 Pedestrian -1 -1 -10 -25.19 139.03 90.60 216.69 -1000 -1000 -1000 -10 -1 -1 -1
90 496 Pedestrian -1 -1 -10 316.74 171.22 348.70 188.71 -1000 -1000 -1000 -10 -1 -1 -1
96 490 Pedestrian -1 -1 -10 563.54 172.89 617.15 217.05 -1000 -1000 -1000 -10 -1 -1 -1
99 490 Pedestrian -1 -1 -10 565.62 175.67 617.31 218.21 -1000 -1000 -1000 -10 -1 -1 -1
100 490 Pedestrian -1 -1 -10 565.46 178.60 617.10 221.22 -1000 -1000 -1000 -10 -1 -1 -1
101 490 Pedestrian -1 -1 -10 569.07 179.33 615.63 217.99 -1000 -1000 -1000 -10 -1 -1 -1
104 490 Pedestrian -1 -1 -10 570.72 180.61 615.77 217.59 -1000 -1000 -1000 -10 -1 -1 -1
107 490 Pedestrian -1 -1 -10 570.43 178.00 616.63 216.12 -1000 -1000 -1000 -10 -1 -1 -1
118 498 Pedestrian -1 -1 -10 18.99 176.24 124.33 212.02 -1000 -1000 -1000 -10 -1 -1 -1
119 498 Pedestrian -1 -1 -10 0.46 176.74 114.64 215.62 -1000 -1000 -1000 -10 -1 -1 -1
119 499 Pedestrian -1 -1 -10 106.68 179.23 186.88 210.85 -1000 -1000 -1000 -10 -1 -1 -1
120 498 Pedestrian -1 -1 -10 -15.91 179.82 99.94 219.66 -1000 -1000 -1000 -10 -1 -1 -1
120 499 Pedestrian -1 -1 -10 78.55 180.08 165.28 214.36 -1000 -1000 -1000 -10 -1 -1 -1
122 490 Pedestrian -1 -1 -10 579.92 180.92 622.37 216.02 -1000 -1000 -1000 -10 -1 -1 -1
123 499 Pedestrian -1 -1 -10 42.01 178.82 138.99 217.73 -1000 -1000 -1000 -10 -1 -1 -1
124 500 Pedestrian -1 -1 -10 100.90 177.91 184.38 212.11 -1000 -1000 -1000 -10 -1 -1 -1
124 499 Pedestrian -1 -1 -10 10.19 180.38 106.15 218.78 -1000 -1000 -1000 -10 -1 -1 -1
125 500 Pedestrian -1 -1 -10 82.69 179.79 165.03 213.46 -1000 -1000 -1000 -10 -1 -1 -1
125 499 Pedestrian -1 -1 -10 -11.51 179.92 88.68 220.58 -1000 -1000 -1000 -10 -1 -1 -1
126 500 Pedestrian -1 -1 -10 59.91 182.24 146.96 217.72 -1000 -1000 -1000 -10 -1 -1 -1
126 499 Pedestrian -1 -1 -10 -27.51 178.53 75.33 221.61 -1000 -1000 -1000 -10 -1 -1 -1
127 500 Pedestrian -1 -1 -10 34.27 182.65 122.62 218.48 -1000 -1000 -1000 -10 -1 -1 -1
127 490 Pedestrian -1 -1 -10 580.95 182.54 618.59 213.24 -1000 -1000 -1000 -10 -1 -1 -1
130 500 Pedestrian -1 -1 -10 -1.39 181.91 85.88 217.64 -1000 -1000 -1000 -10 -1 -1 -1
131 500 Pedestrian -1 -1 -10 -22.87 180.64 67.00 218.47 -1000 -1000 -1000 -10 -1 -1 -1
134 490 Pedestrian -1 -1 -10 583.95 175.88 626.60 210.82 -1000 -1000 -1000 -10 -1 -1 -1
135 496 Pedestrian -1 -1 -10 305.24 174.51 343.79 195.97 -1000 -1000 -1000 -10 -1 -1 -1
136 496 Pedestrian -1 -1 -10 303.48 173.80 341.48 195.43 -1000 -1000 -1000 -10 -1 -1 -1
136 490 Pedestrian -1 -1 -10 586.46 174.07 626.71 207.33 -1000 -1000 -1000 -10 -1 -1 -1
137 496 Pedestrian -1 -1 -10 296.38 172.58 334.54 194.52 -1000 -1000 -1000 -10 -1 -1 -1
138 496 Pedestrian -1 -1 -10 289.68 171.76 328.72 194.45 -1000 -1000 -1000 -10 -1 -1 -1
138 490 Pedestrian -1 -1 -10 590.18 172.48 627.89 203.60 -1000 -1000 -1000 -10 -1 -1 -1
139 496 Pedestrian -1 -1 -10 282.20 173.03 321.35 195.71 -1000 -1000 -1000 -10 -1 -1 -1
139 490 Pedestrian -1 -1 -10 590.00 173.03 629.48 205.65 -1000 -1000 -1000 -10 -1 -1 -1
141 490 Pedestrian -1 -1 -10 588.66 179.48 627.71 211.44 -1000 -1000 -1000 -10 -1 -1 -1
