1 504 Pedestrian -1 -1 -10 10.12 185.34 232.12 254.08 -1000 -1000 -1000 -10 -1 -1 -1
1 505 Pedestrian -1 -1 -10 404.57 171.14 558.97 220.74 -1000 -1000 -1000 -10 -1 -1 -1
1 506 Pedestrian -1 -1 -10 1148.81 160.08 1261.05 219.23 -1000 -1000 -1000 -10 -1 -1 -1
1 507 Pedestrian -1 -1 -10 838.36 164.24 961.61 247.42 -1000 -1000 -1000 -10 -1 -1 -1
1 509 Pedestrian -1 -1 -10 941.87 146.34 1067.47 200.61 -1000 -1000 -1000 -10 -1 -1 -1
2 504 Pedestrian -1 -1 -10 -27.08 184.35 207.62 257.51 -1000 -1000 -1000 -10 -1 -1 -1
2 505 Pedestrian -1 -1 -10 373.86 170.86 535.24 222.71 -1000 -1000 -1000 -10 -1 -1 -1
2 507 Pedestrian -1 -1 -10 863.05 158.89 995.61 247.97 -1000 -1000 -1000 -10 -1 -1 -1
2 509 Pedestrian -1 -1 -10 936.85 145.90 1063.68 200.85 -1000 -1000 -1000 -10 -1 -1 -1
3 504 Pedestrian -1 -1 -10 -61.22 185.60 164.80 257.33 -1000 -1000 -1000 -10 -1 -1 -1
3 505 Pedestrian -1 -1 -10 332.47 169.44 506.41 225.37 -1000 -1000 -1000 -10 -1 -1 -1
3 507 Pedestrian -1 -1 -10 888.72 147.30 1037.52 246.91 -1000 -1000 -1000 -10 -1 -1 -1
4 505 Pedestrian -1 -1 -10 284.57 166.33 477.14 228.36 -1000 -1000 -1000 -10 -1 -1 -1
4 507 Pedestrian -1 -1 -10 918.79 144.38 1071.82 246.06 -1000 -1000 -1000 -10 -1 -1 -1
5 505 Pedestrian -1 -1 -10 232.24 165.45 439.02 232.17 -1000 -1000 -1000 -10 -1 -1 -1
5 507 Pedestrian -1 -1 -10 954.92 149.23 1102.46 245.73 -1000 -1000 -1000 -10 -1 -1 -1
5 514 Pedestrian -1 -1 -10 1197.92 156.95 1242.21 197.91 -1000 -1000 -1000 -10 -1 -1 -1
6 505 Pedestrian -1 -1 -10 173.36 166.03 393.64 237.09 -1000 -1000 -1000 -10 -1 -1 -1
6 507 Pedestrian -1 -1 -10 988.63 153.99 1134.75 247.51 -1000 -1000 -1000 -10 -1 -1 -1
6 514 Pedestrian -1 -1 -10 1192.61 157.03 1239.08 199.87 -1000 -1000 -1000 -10 -1 -1 -1
6 509 Pedestrian -1 -1 -10 860.19 144.71 1005.17 207.25 -1000 -1000 -1000 -10 -1 -1 -1
7 505 Pedestrian -1 -1 -10 101.09 167.35 340.86 244.51 -1000 -1000 -1000 -10 -1 -1 -1
7 507 Pedestrian -1 -1 -10 1018.91 155.79 1169.15 249.73 -1000 -1000 -1000 -10 -1 -1 -1
7 514 Pedestrian -1 -1 -10 1184.90 155.72 1235.34 201.84 -1000 -1000 -1000 -10 -1 -1 -1
7 509 Pedestrian -1 -1 -10 838.71 145.27 991.02 210.85 -1000 -1000 -1000 -10 -1 -1 -1
8 505 Pedestrian -1 -1 -10 19.72 168.21 287.77 254.58 -1000 -1000 -1000 -10 -1 -1 -1
8 507 Pedestrian -1 -1 -10 1046.27 156.97 1205.01 254.14 -1000 -1000 -1000 -10 -1 -1 -1
8 514 Pedestrian -1 -1 -10 1183.56 155.32 1235.96 202.93 -1000 -1000 -1000 -10 -1 -1 -1
8 509 Pedestrian -1 -1 -10 813.93 146.65 970.71 214.00 -1000 -1000 -1000 -10 -1 -1 -1
9 505 Pedestrian -1 -1 -10 -30.27 169.77 242.22 259.18 -1000 -1000 -1000 -10 -1 -1 -1
9 507 Pedestrian -1 -1 -10 1065.86 158.14 1230.35 257.56 -1000 -1000 -1000 -10 -1 -1 -1
9 509 Pedestrian -1 -1 -10 783.77 146.75 948.79 217.68 -1000 -1000 -1000 -10 -1 -1 -1
10 505 Pedestrian -1 -1 -10 -72.27 171.63 193.83 262.78 -1000 -1000 -1000 -10 -1 -1 -1
10 507 Pedestrian -1 -1 -10 1076.40 157.20 1244.11 258.89 -1000 -1000 -1000 -10 -1 -1 -1
10 509 Pedestrian -1 -1 -10 752.24 146.61 921.98 219.56 -1000 -1000 -1000 -10 -1 -1 -1
11 507 Pedestrian -1 -1 -10 1088.19 157.73 1255.70 259.96 -1000 -1000 -1000 -10 -1 -1 -1
11 509 Pedestrian -1 -1 -10 718.28 146.76 892.03 221.37 -1000 -1000 -1000 -10 -1 -1 -1
12 507 Pedestrian -1 -1 -10 1100.98 160.96 1264.74 262.58 -1000 -1000 -1000 -10 -1 -1 -1
12 509 Pedestrian -1 -1 -10 674.49 148.44 857.38 227.21 -1000 -1000 -1000 -10 -1 -1 -1
13 507 Pedestrian -1 -1 -10 1110.99 166.71 1269.17 267.00 -1000 -1000 -1000 -10 -1 -1 -1
13 509 Pedestrian -1 -1 -10 631.14 152.55 817.90 233.09 -1000 -1000 -1000 -10 -1 -1 -1
13 519 Pedestrian -1 -1 -10 1033.59 168.59 1139.12 220.05 -1000 -1000 -1000 -10 -1 -1 -1
14 507 Pedestrian -1 -1 -10 1121.10 172.44 1269.50 268.72 -1000 -1000 -1000 -10 -1 -1 -1
14 509 Pedestrian -1 -1 -10 582.08 155.87 772.27 237.73 -1000 -1000 -1000 -10 -1 -1 -1
14 519 Pedestrian -1 -1 -10 1004.26 171.40 1113.79 224.55 -1000 -1000 -1000 -10 -1 -1 -1
15 507 Pedestrian -1 -1 -10 1126.62 173.87 1268.78 268.39 -1000 -1000 -1000 -10 -1 -1 -1
15 509 Pedestrian -1 -1 -10 527.11 157.47 726.47 243.40 -1000 -1000 -1000 -10 -1 -1 -1
15 519 Pedestrian -1 -1 -10 964.36 173.52 1074.52 226.54 -1000 -1000 -1000 -10 -1 -1 -1
16 507 Pedestrian -1 -1 -10 1132.42 178.44 1264.88 268.31 -1000 -1000 -1000 -10 -1 -1 -1
16 509 Pedestrian -1 -1 -10 462.59 158.00 676.29 250.10 -1000 -1000 -1000 -10 -1 -1 -1
16 519 Pedestrian -1 -1 -10 917.37 174.70 1032.23 229.66 -1000 -1000 -1000 -10 -1 -1 -1
17 507 Pedestrian -1 -1 -10 1133.44 181.12 1261.44 269.58 -1000 -1000 -1000 -10 -1 -1 -1
17 509 Pedestrian -1 -1 -10 393.46 159.26 622.54 258.13 -1000 -1000 -1000 -10 -1 -1 -1
17 519 Pedestrian -1 -1 -10 872.41 178.02 989.82 233.73 -1000 -1000 -1000 -10 -1 -1 -1
18 507 Pedestrian -1 -1 -10 1132.78 181.79 1257.39 269.05 -1000 -1000 -1000 -10 -1 -1 -1
18 509 Pedestrian -1 -1 -10 318.12 159.71 564.68 266.15 -1000 -1000 -1000 -10 -1 -1 -1
18 519 Pedestrian -1 -1 -10 826.83 179.63 946.50 235.96 -1000 -1000 -1000 -10 -1 -1 -1
19 507 Pedestrian -1 -1 -10 1128.07 178.79 1254.95 268.70 -1000 -1000 -1000 -10 -1 -1 -1
19 509 Pedestrian -1 -1 -10 228.18 158.57 501.00 276.32 -1000 -1000 -1000 -10 -1 -1 -1
19 519 Pedestrian -1 -1 -10 780.48 179.58 906.31 238.39 -1000 -1000 -1000 -10 -1 -1 -1
19 523 Pedestrian -1 -1 -10 993.01 182.61 1098.52 225.13 -1000 -1000 -1000 -10 -1 -1 -1
20 507 Pedestrian -1 -1 -10 1125.52 178.02 1249.10 265.51 -1000 -1000 -1000 -10 -1 -1 -1
20 509 Pedestrian -1 -1 -10 125.45 158.02 429.54 288.83 -1000 -1000 -1000 -10 -1 -1 -1
20 519 Pedestrian -1 -1 -10 734.73 179.93 864.10 239.91 -1000 -1000 -1000 -10 -1 -1 -1
20 523 Pedestrian -1 -1 -10 956.67 180.76 1064.37 224.21 -1000 -1000 -1000 -10 -1 -1 -1
21 507 Pedestrian -1 -1 -10 1120.54 177.08 1242.66 262.61 -1000 -1000 -1000 -10 -1 -1 -1
21 509 Pedestrian -1 -1 -10 25.12 158.67 363.90 305.20 -1000 -1000 -1000 -10 -1 -1 -1
21 519 Pedestrian -1 -1 -10 684.21 179.71 821.81 243.09 -1000 -1000 -1000 -10 -1 -1 -1
21 523 Pedestrian -1 -1 -10 914.76 179.40 1027.30 225.03 -1000 -1000 -1000 -10 -1 -1 -1
22 507 Pedestrian -1 -1 -10 1111.03 178.10 1229.50 259.83 -1000 -1000 -1000 -10 -1 -1 -1
22 509 Pedestrian -1 -1 -10 -45.62 159.42 295.83 312.62 -1000 -1000 -1000 -10 -1 -1 -1
22 519 Pedestrian -1 -1 -10 631.08 180.22 779.48 248.44 -1000 -1000 -1000 -10 -1 -1 -1
22 523 Pedestrian -1 -1 -10 874.68 179.89 987.37 225.77 -1000 -1000 -1000 -10 -1 -1 -1
23 507 Pedestrian -1 -1 -10 1095.54 182.48 1207.44 258.50 -1000 -1000 -1000 -10 -1 -1 -1
23 509 Pedestrian -1 -1 -10 -93.42 158.84 252.23 322.70 -1000 -1000 -1000 -10 -1 -1 -1
23 519 Pedestrian -1 -1 -10 575.01 181.50 735.04 255.02 -1000 -1000 -1000 -10 -1 -1 -1
23 523 Pedestrian -1 -1 -10 834.32 181.39 947.47 227.76 -1000 -1000 -1000 -10 -1 -1 -1
24 507 Pedestrian -1 -1 -10 1073.41 185.63 1182.19 258.93 -1000 -1000 -1000 -10 -1 -1 -1
24 519 Pedestrian -1 -1 -10 512.78 183.09 686.34 262.65 -1000 -1000 -1000 -10 -1 -1 -1
24 523 Pedestrian -1 -1 -10 792.73 184.20 909.37 232.39 -1000 -1000 -1000 -10 -1 -1 -1
25 507 Pedestrian -1 -1 -10 1046.39 187.96 1151.17 258.83 -1000 -1000 -1000 -10 -1 -1 -1
25 519 Pedestrian -1 -1 -10 443.82 183.58 633.86 270.49 -1000 -1000 -1000 -10 -1 -1 -1
25 523 Pedestrian -1 -1 -10 751.06 185.75 866.55 233.71 -1000 -1000 -1000 -10 -1 -1 -1
26 507 Pedestrian -1 -1 -10 1017.29 187.18 1118.32 256.11 -1000 -1000 -1000 -10 -1 -1 -1
26 519 Pedestrian -1 -1 -10 362.44 181.36 576.10 278.78 -1000 -1000 -1000 -10 -1 -1 -1
26 523 Pedestrian -1 -1 -10 708.05 184.46 827.79 234.81 -1000 -1000 -1000 -10 -1 -1 -1
27 507 Pedestrian -1 -1 -10 988.19 185.94 1083.56 251.20 -1000 -1000 -1000 -10 -1 -1 -1
27 519 Pedestrian -1 -1 -10 266.29 180.43 508.14 290.10 -1000 -1000 -1000 -10 -1 -1 -1
27 523 Pedestrian -1 -1 -10 664.03 184.67 783.47 235.11 -1000 -1000 -1000 -10 -1 -1 -1
28 507 Pedestrian -1 -1 -10 955.30 185.35 1046.51 248.43 -1000 -1000 -1000 -10 -1 -1 -1
28 519 Pedestrian -1 -1 -10 145.97 180.99 426.85 306.94 -1000 -1000 -1000 -10 -1 -1 -1
28 523 Pedestrian -1 -1 -10 614.01 185.69 740.29 239.45 -1000 -1000 -1000 -10 -1 -1 -1
29 507 Pedestrian -1 -1 -10 921.21 184.67 1008.43 245.89 -1000 -1000 -1000 -10 -1 -1 -1
29 519 Pedestrian -1 -1 -10 26.26 181.21 354.79 329.86 -1000 -1000 -1000 -10 -1 -1 -1
29 523 Pedestrian -1 -1 -10 562.76 185.12 694.50 241.62 -1000 -1000 -1000 -10 -1 -1 -1
30 507 Pedestrian -1 -1 -10 887.08 184.99 969.01 243.41 -1000 -1000 -1000 -10 -1 -1 -1
30 519 Pedestrian -1 -1 -10 -47.37 180.07 276.83 332.24 -1000 -1000 -1000 -10 -1 -1 -1
30 523 Pedestrian -1 -1 -10 503.68 185.05 644.92 246.27 -1000 -1000 -1000 -10 -1 -1 -1
31 507 Pedestrian -1 -1 -10 853.02 184.85 930.35 240.92 -1000 -1000 -1000 -10 -1 -1 -1
31 523 Pedestrian -1 -1 -10 442.30 184.34 593.89 250.28 -1000 -1000 -1000 -10 -1 -1 -1
32 507 Pedestrian -1 -1 -10 817.89 183.64 892.82 238.83 -1000 -1000 -1000 -10 -1 -1 -1
32 523 Pedestrian -1 -1 -10 371.25 182.37 544.04 258.22 -1000 -1000 -1000 -10 -1 -1 -1
33 507 Pedestrian -1 -1 -10 782.34 181.57 853.53 234.92 -1000 -1000 -1000 -10 -1 -1 -1
33 523 Pedestrian -1 -1 -10 291.71 181.88 483.72 266.42 -1000 -1000 -1000 -10 -1 -1 -1
34 507 Pedestrian -1 -1 -10 747.57 180.64 814.95 232.02 -1000 -1000 -1000 -10 -1 -1 -1
34 523 Pedestrian -1 -1 -10 194.84 181.58 414.62 278.03 -1000 -1000 -1000 -10 -1 -1 -1
35 507 Pedestrian -1 -1 -10 714.07 180.20 776.84 228.67 -1000 -1000 -1000 -10 -1 -1 -1
35 523 Pedestrian -1 -1 -10 71.88 182.99 333.59 296.69 -1000 -1000 -1000 -10 -1 -1 -1
36 507 Pedestrian -1 -1 -10 682.37 178.82 743.50 226.75 -1000 -1000 -1000 -10 -1 -1 -1
36 523 Pedestrian -1 -1 -10 -7.57 185.25 267.43 306.89 -1000 -1000 -1000 -10 -1 -1 -1
37 507 Pedestrian -1 -1 -10 655.94 178.67 714.17 224.89 -1000 -1000 -1000 -10 -1 -1 -1
37 523 Pedestrian -1 -1 -10 -71.41 188.57 208.12 319.20 -1000 -1000 -1000 -10 -1 -1 -1
38 507 Pedestrian -1 -1 -10 632.75 178.65 689.10 223.87 -1000 -1000 -1000 -10 -1 -1 -1
39 507 Pedestrian -1 -1 -10 612.62 179.34 666.92 223.42 -1000 -1000 -1000 -10 -1 -1 -1
40 507 Pedestrian -1 -1 -10 595.60 179.02 650.08 223.87 -1000 -1000 -1000 -10 -1 -1 -1
41 507 Pedestrian -1 -1 -10 582.06 179.10 634.39 222.49 -1000 -1000 -1000 -10 -1 -1 -1
41 558 Pedestrian -1 -1 -10 182.30 188.22 350.44 259.92 -1000 -1000 -1000 -10 -1 -1 -1
42 507 Pedestrian -1 -1 -10 570.85 179.74 622.23 222.66 -1000 -1000 -1000 -10 -1 -1 -1
42 558 Pedestrian -1 -1 -10 127.98 188.60 316.08 268.74 -1000 -1000 -1000 -10 -1 -1 -1
42 559 Pedestrian -1 -1 -10 349.56 186.68 424.09 228.77 -1000 -1000 -1000 -10 -1 -1 -1
43 507 Pedestrian -1 -1 -10 564.56 180.60 614.70 222.94 -1000 -1000 -1000 -10 -1 -1 -1
43 558 Pedestrian -1 -1 -10 60.71 191.98 273.97 282.49 -1000 -1000 -1000 -10 -1 -1 -1
43 559 Pedestrian -1 -1 -10 329.89 188.95 407.55 232.78 -1000 -1000 -1000 -10 -1 -1 -1
44 507 Pedestrian -1 -1 -10 560.46 182.65 608.53 223.20 -1000 -1000 -1000 -10 -1 -1 -1
44 558 Pedestrian -1 -1 -10 4.82 195.02 244.56 296.89 -1000 -1000 -1000 -10 -1 -1 -1
44 559 Pedestrian -1 -1 -10 306.77 191.94 388.35 237.86 -1000 -1000 -1000 -10 -1 -1 -1
45 507 Pedestrian -1 -1 -10 558.55 182.55 605.57 222.48 -1000 -1000 -1000 -10 -1 -1 -1
45 558 Pedestrian -1 -1 -10 -41.38 199.45 229.88 316.43 -1000 -1000 -1000 -10 -1 -1 -1
45 559 Pedestrian -1 -1 -10 282.28 191.81 373.09 242.79 -1000 -1000 -1000 -10 -1 -1 -1
46 507 Pedestrian -1 -1 -10 557.14 181.79 603.94 221.75 -1000 -1000 -1000 -10 -1 -1 -1
46 558 Pedestrian -1 -1 -10 -66.08 202.67 196.72 318.86 -1000 -1000 -1000 -10 -1 -1 -1
46 559 Pedestrian -1 -1 -10 255.94 192.94 355.31 248.34 -1000 -1000 -1000 -10 -1 -1 -1
47 507 Pedestrian -1 -1 -10 557.12 181.58 603.94 221.75 -1000 -1000 -1000 -10 -1 -1 -1
47 559 Pedestrian -1 -1 -10 223.43 190.70 340.85 255.93 -1000 -1000 -1000 -10 -1 -1 -1
48 507 Pedestrian -1 -1 -10 557.79 180.79 603.88 220.49 -1000 -1000 -1000 -10 -1 -1 -1
48 559 Pedestrian -1 -1 -10 189.15 190.80 321.79 264.28 -1000 -1000 -1000 -10 -1 -1 -1
49 507 Pedestrian -1 -1 -10 559.01 180.63 603.99 219.48 -1000 -1000 -1000 -10 -1 -1 -1
49 559 Pedestrian -1 -1 -10 154.40 192.97 295.24 270.05 -1000 -1000 -1000 -10 -1 -1 -1
50 507 Pedestrian -1 -1 -10 559.43 180.72 604.25 219.57 -1000 -1000 -1000 -10 -1 -1 -1
50 559 Pedestrian -1 -1 -10 108.99 195.87 264.07 279.20 -1000 -1000 -1000 -10 -1 -1 -1
51 507 Pedestrian -1 -1 -10 559.37 181.53 604.72 220.84 -1000 -1000 -1000 -10 -1 -1 -1
51 559 Pedestrian -1 -1 -10 47.11 198.41 227.67 293.60 -1000 -1000 -1000 -10 -1 -1 -1
51 564 Pedestrian -1 -1 -10 285.87 188.78 372.62 243.41 -1000 -1000 -1000 -10 -1 -1 -1
52 507 Pedestrian -1 -1 -10 561.17 181.56 605.39 219.94 -1000 -1000 -1000 -10 -1 -1 -1
52 559 Pedestrian -1 -1 -10 0.20 202.17 207.75 312.64 -1000 -1000 -1000 -10 -1 -1 -1
52 564 Pedestrian -1 -1 -10 265.66 190.13 358.46 248.46 -1000 -1000 -1000 -10 -1 -1 -1
52 566 Pedestrian -1 -1 -10 380.17 185.48 427.54 224.59 -1000 -1000 -1000 -10 -1 -1 -1
53 507 Pedestrian -1 -1 -10 562.88 180.54 604.79 216.63 -1000 -1000 -1000 -10 -1 -1 -1
53 559 Pedestrian -1 -1 -10 -30.03 203.80 178.58 317.91 -1000 -1000 -1000 -10 -1 -1 -1
53 564 Pedestrian -1 -1 -10 234.31 189.57 339.51 255.42 -1000 -1000 -1000 -10 -1 -1 -1
53 566 Pedestrian -1 -1 -10 370.90 184.52 421.58 226.30 -1000 -1000 -1000 -10 -1 -1 -1
54 507 Pedestrian -1 -1 -10 564.30 179.96 605.21 214.88 -1000 -1000 -1000 -10 -1 -1 -1
54 559 Pedestrian -1 -1 -10 -60.46 206.29 140.59 322.75 -1000 -1000 -1000 -10 -1 -1 -1
54 564 Pedestrian -1 -1 -10 199.80 189.37 317.78 262.55 -1000 -1000 -1000 -10 -1 -1 -1
54 566 Pedestrian -1 -1 -10 360.69 185.16 411.91 227.17 -1000 -1000 -1000 -10 -1 -1 -1
55 507 Pedestrian -1 -1 -10 565.65 180.09 605.89 214.23 -1000 -1000 -1000 -10 -1 -1 -1
55 564 Pedestrian -1 -1 -10 157.53 189.64 291.63 271.77 -1000 -1000 -1000 -10 -1 -1 -1
55 566 Pedestrian -1 -1 -10 347.87 185.90 403.31 230.97 -1000 -1000 -1000 -10 -1 -1 -1
56 507 Pedestrian -1 -1 -10 566.13 180.81 608.02 216.65 -1000 -1000 -1000 -10 -1 -1 -1
56 564 Pedestrian -1 -1 -10 107.80 191.17 259.73 282.70 -1000 -1000 -1000 -10 -1 -1 -1
56 566 Pedestrian -1 -1 -10 334.42 186.30 393.63 233.92 -1000 -1000 -1000 -10 -1 -1 -1
57 507 Pedestrian -1 -1 -10 567.31 183.55 608.45 218.89 -1000 -1000 -1000 -10 -1 -1 -1
57 564 Pedestrian -1 -1 -10 46.51 194.05 221.87 297.65 -1000 -1000 -1000 -10 -1 -1 -1
57 566 Pedestrian -1 -1 -10 315.79 184.52 383.49 238.69 -1000 -1000 -1000 -10 -1 -1 -1
58 507 Pedestrian -1 -1 -10 567.88 185.30 609.37 221.12 -1000 -1000 -1000 -10 -1 -1 -1
58 564 Pedestrian -1 -1 -10 -0.36 195.86 202.06 316.19 -1000 -1000 -1000 -10 -1 -1 -1
58 566 Pedestrian -1 -1 -10 299.21 184.91 373.43 243.53 -1000 -1000 -1000 -10 -1 -1 -1
58 568 Pedestrian -1 -1 -10 403.65 194.20 454.68 221.41 -1000 -1000 -1000 -10 -1 -1 -1
59 507 Pedestrian -1 -1 -10 570.14 184.92 610.18 219.70 -1000 -1000 -1000 -10 -1 -1 -1
59 564 Pedestrian -1 -1 -10 -30.87 195.80 171.36 318.75 -1000 -1000 -1000 -10 -1 -1 -1
59 566 Pedestrian -1 -1 -10 277.90 186.74 357.19 248.08 -1000 -1000 -1000 -10 -1 -1 -1
60 507 Pedestrian -1 -1 -10 571.67 183.45 611.30 218.09 -1000 -1000 -1000 -10 -1 -1 -1
60 564 Pedestrian -1 -1 -10 -63.77 197.52 132.78 323.55 -1000 -1000 -1000 -10 -1 -1 -1
60 566 Pedestrian -1 -1 -10 251.45 186.51 338.64 252.63 -1000 -1000 -1000 -10 -1 -1 -1
60 568 Pedestrian -1 -1 -10 392.56 194.35 444.21 221.86 -1000 -1000 -1000 -10 -1 -1 -1
61 507 Pedestrian -1 -1 -10 573.12 182.23 612.06 216.04 -1000 -1000 -1000 -10 -1 -1 -1
61 566 Pedestrian -1 -1 -10 220.95 185.86 316.85 256.57 -1000 -1000 -1000 -10 -1 -1 -1
62 507 Pedestrian -1 -1 -10 574.51 181.45 611.83 213.65 -1000 -1000 -1000 -10 -1 -1 -1
62 566 Pedestrian -1 -1 -10 184.11 183.24 295.09 263.01 -1000 -1000 -1000 -10 -1 -1 -1
62 568 Pedestrian -1 -1 -10 370.19 185.58 436.31 220.88 -1000 -1000 -1000 -10 -1 -1 -1
63 507 Pedestrian -1 -1 -10 576.56 181.05 613.50 212.73 -1000 -1000 -1000 -10 -1 -1 -1
63 566 Pedestrian -1 -1 -10 136.11 182.35 266.34 273.30 -1000 -1000 -1000 -10 -1 -1 -1
63 568 Pedestrian -1 -1 -10 359.59 183.46 432.47 222.44 -1000 -1000 -1000 -10 -1 -1 -1
64 507 Pedestrian -1 -1 -10 577.67 180.17 615.46 212.65 -1000 -1000 -1000 -10 -1 -1 -1
64 566 Pedestrian -1 -1 -10 79.17 184.90 229.14 285.75 -1000 -1000 -1000 -10 -1 -1 -1
64 568 Pedestrian -1 -1 -10 351.73 185.02 426.42 224.83 -1000 -1000 -1000 -10 -1 -1 -1
65 507 Pedestrian -1 -1 -10 580.08 179.60 619.59 213.58 -1000 -1000 -1000 -10 -1 -1 -1
65 566 Pedestrian -1 -1 -10 27.68 188.42 199.86 303.18 -1000 -1000 -1000 -10 -1 -1 -1
65 568 Pedestrian -1 -1 -10 335.62 191.10 407.85 229.80 -1000 -1000 -1000 -10 -1 -1 -1
66 566 Pedestrian -1 -1 -10 -10.59 192.05 170.59 315.53 -1000 -1000 -1000 -10 -1 -1 -1
66 568 Pedestrian -1 -1 -10 326.01 194.03 403.37 235.02 -1000 -1000 -1000 -10 -1 -1 -1
67 568 Pedestrian -1 -1 -10 306.98 192.20 394.80 238.25 -1000 -1000 -1000 -10 -1 -1 -1
68 507 Pedestrian -1 -1 -10 586.17 173.84 623.09 205.78 -1000 -1000 -1000 -10 -1 -1 -1
69 507 Pedestrian -1 -1 -10 587.30 171.10 623.16 202.20 -1000 -1000 -1000 -10 -1 -1 -1
69 568 Pedestrian -1 -1 -10 259.96 188.30 368.03 244.22 -1000 -1000 -1000 -10 -1 -1 -1
70 507 Pedestrian -1 -1 -10 588.25 170.72 624.07 201.79 -1000 -1000 -1000 -10 -1 -1 -1
70 568 Pedestrian -1 -1 -10 226.45 188.63 350.15 251.85 -1000 -1000 -1000 -10 -1 -1 -1
71 507 Pedestrian -1 -1 -10 591.46 176.11 623.52 203.88 -1000 -1000 -1000 -10 -1 -1 -1
72 507 Pedestrian -1 -1 -10 591.71 180.43 623.85 208.04 -1000 -1000 -1000 -10 -1 -1 -1
74 569 Pedestrian -1 -1 -10 -33.50 204.97 269.44 321.06 -1000 -1000 -1000 -10 -1 -1 -1
86 575 Pedestrian -1 -1 -10 577.03 170.58 604.71 196.25 -1000 -1000 -1000 -10 -1 -1 -1
91 575 Pedestrian -1 -1 -10 574.85 176.28 602.44 201.87 -1000 -1000 -1000 -10 -1 -1 -1
100 575 Pedestrian -1 -1 -10 579.80 179.44 605.44 203.14 -1000 -1000 -1000 -10 -1 -1 -1
101 575 Pedestrian -1 -1 -10 580.37 177.33 608.30 203.08 -1000 -1000 -1000 -10 -1 -1 -1
101 576 Pedestrian -1 -1 -10 235.37 148.85 414.49 212.36 -1000 -1000 -1000 -10 -1 -1 -1
103 575 Pedestrian -1 -1 -10 580.58 175.72 609.66 202.61 -1000 -1000 -1000 -10 -1 -1 -1
103 576 Pedestrian -1 -1 -10 196.01 145.08 398.28 216.69 -1000 -1000 -1000 -10 -1 -1 -1
104 575 Pedestrian -1 -1 -10 581.20 175.07 609.48 201.18 -1000 -1000 -1000 -10 -1 -1 -1
104 576 Pedestrian -1 -1 -10 161.95 141.55 380.88 218.69 -1000 -1000 -1000 -10 -1 -1 -1
105 575 Pedestrian -1 -1 -10 581.28 174.30 609.54 200.37 -1000 -1000 -1000 -10 -1 -1 -1
105 576 Pedestrian -1 -1 -10 121.44 137.88 364.63 222.96 -1000 -1000 -1000 -10 -1 -1 -1
106 575 Pedestrian -1 -1 -10 581.88 172.85 610.72 199.46 -1000 -1000 -1000 -10 -1 -1 -1
106 576 Pedestrian -1 -1 -10 76.64 132.27 350.61 227.21 -1000 -1000 -1000 -10 -1 -1 -1
107 575 Pedestrian -1 -1 -10 582.52 172.46 610.93 198.53 -1000 -1000 -1000 -10 -1 -1 -1
107 576 Pedestrian -1 -1 -10 30.18 126.69 344.60 234.87 -1000 -1000 -1000 -10 -1 -1 -1
107 579 Pedestrian -1 -1 -10 682.07 160.95 702.98 211.38 -1000 -1000 -1000 -10 -1 -1 -1
108 575 Pedestrian -1 -1 -10 583.10 171.45 611.43 197.49 -1000 -1000 -1000 -10 -1 -1 -1
108 576 Pedestrian -1 -1 -10 8.43 118.90 340.46 232.48 -1000 -1000 -1000 -10 -1 -1 -1
109 575 Pedestrian -1 -1 -10 583.65 171.52 610.33 195.86 -1000 -1000 -1000 -10 -1 -1 -1
109 576 Pedestrian -1 -1 -10 -8.52 114.40 341.24 234.07 -1000 -1000 -1000 -10 -1 -1 -1
110 575 Pedestrian -1 -1 -10 584.12 171.91 609.53 194.95 -1000 -1000 -1000 -10 -1 -1 -1
110 576 Pedestrian -1 -1 -10 -18.01 113.24 337.69 235.29 -1000 -1000 -1000 -10 -1 -1 -1
111 575 Pedestrian -1 -1 -10 583.86 172.15 610.10 195.85 -1000 -1000 -1000 -10 -1 -1 -1
111 576 Pedestrian -1 -1 -10 -26.46 114.22 333.49 238.63 -1000 -1000 -1000 -10 -1 -1 -1
112 576 Pedestrian -1 -1 -10 -29.89 114.54 322.77 237.53 -1000 -1000 -1000 -10 -1 -1 -1
113 576 Pedestrian -1 -1 -10 -33.49 116.66 310.45 238.09 -1000 -1000 -1000 -10 -1 -1 -1
113 575 Pedestrian -1 -1 -10 582.24 171.85 611.31 198.30 -1000 -1000 -1000 -10 -1 -1 -1
114 576 Pedestrian -1 -1 -10 -36.48 119.50 295.08 238.43 -1000 -1000 -1000 -10 -1 -1 -1
115 576 Pedestrian -1 -1 -10 -50.03 118.57 285.25 242.08 -1000 -1000 -1000 -10 -1 -1 -1
115 575 Pedestrian -1 -1 -10 582.90 175.42 609.45 199.40 -1000 -1000 -1000 -10 -1 -1 -1
116 576 Pedestrian -1 -1 -10 -55.47 121.29 263.09 242.28 -1000 -1000 -1000 -10 -1 -1 -1
116 575 Pedestrian -1 -1 -10 583.66 179.25 608.43 201.40 -1000 -1000 -1000 -10 -1 -1 -1
117 576 Pedestrian -1 -1 -10 -68.41 121.22 244.12 244.96 -1000 -1000 -1000 -10 -1 -1 -1
117 575 Pedestrian -1 -1 -10 583.68 179.21 607.97 200.70 -1000 -1000 -1000 -10 -1 -1 -1
118 576 Pedestrian -1 -1 -10 -78.71 120.47 215.05 243.00 -1000 -1000 -1000 -10 -1 -1 -1
118 575 Pedestrian -1 -1 -10 581.75 176.27 608.79 200.26 -1000 -1000 -1000 -10 -1 -1 -1
119 576 Pedestrian -1 -1 -10 -90.66 118.53 179.12 238.89 -1000 -1000 -1000 -10 -1 -1 -1
120 575 Pedestrian -1 -1 -10 583.13 179.39 608.41 201.65 -1000 -1000 -1000 -10 -1 -1 -1
127 575 Pedestrian -1 -1 -10 582.79 174.11 612.49 200.48 -1000 -1000 -1000 -10 -1 -1 -1
130 603 Pedestrian -1 -1 -10 211.70 171.70 334.36 237.40 -1000 -1000 -1000 -10 -1 -1 -1
130 569 Pedestrian -1 -1 -10 -3.15 182.86 268.40 291.19 -1000 -1000 -1000 -10 -1 -1 -1
131 603 Pedestrian -1 -1 -10 161.77 170.66 297.34 243.33 -1000 -1000 -1000 -10 -1 -1 -1
131 569 Pedestrian -1 -1 -10 -37.92 183.45 229.61 301.39 -1000 -1000 -1000 -10 -1 -1 -1
132 603 Pedestrian -1 -1 -10 92.64 167.74 257.52 256.24 -1000 -1000 -1000 -10 -1 -1 -1
133 603 Pedestrian -1 -1 -10 14.71 165.36 210.30 270.48 -1000 -1000 -1000 -10 -1 -1 -1
134 603 Pedestrian -1 -1 -10 -38.65 165.87 173.22 281.83 -1000 -1000 -1000 -10 -1 -1 -1
134 604 Pedestrian -1 -1 -10 399.88 163.32 462.23 214.51 -1000 -1000 -1000 -10 -1 -1 -1
134 575 Pedestrian -1 -1 -10 587.30 173.24 614.63 196.89 -1000 -1000 -1000 -10 -1 -1 -1
136 604 Pedestrian -1 -1 -10 368.18 165.08 439.36 223.38 -1000 -1000 -1000 -10 -1 -1 -1
137 604 Pedestrian -1 -1 -10 336.41 167.32 415.44 231.61 -1000 -1000 -1000 -10 -1 -1 -1
138 604 Pedestrian -1 -1 -10 304.23 166.92 393.28 238.65 -1000 -1000 -1000 -10 -1 -1 -1
139 604 Pedestrian -1 -1 -10 261.82 165.17 368.53 250.17 -1000 -1000 -1000 -10 -1 -1 -1
140 604 Pedestrian -1 -1 -10 207.56 162.11 333.98 260.95 -1000 -1000 -1000 -10 -1 -1 -1
141 604 Pedestrian -1 -1 -10 129.55 157.04 285.20 275.56 -1000 -1000 -1000 -10 -1 -1 -1
141 575 Pedestrian -1 -1 -10 588.79 179.11 616.50 202.82 -1000 -1000 -1000 -10 -1 -1 -1
142 604 Pedestrian -1 -1 -10 49.07 151.92 242.64 297.62 -1000 -1000 -1000 -10 -1 -1 -1
142 607 Pedestrian -1 -1 -10 432.81 183.18 468.62 208.09 -1000 -1000 -1000 -10 -1 -1 -1
142 569 Pedestrian -1 -1 -10 -44.13 150.59 286.57 308.13 -1000 -1000 -1000 -10 -1 -1 -1
148 607 Pedestrian -1 -1 -10 441.89 180.86 474.32 203.47 -1000 -1000 -1000 -10 -1 -1 -1
151 611 Pedestrian -1 -1 -10 419.88 184.75 458.47 211.75 -1000 -1000 -1000 -10 -1 -1 -1
152 611 Pedestrian -1 -1 -10 403.63 182.65 445.61 211.93 -1000 -1000 -1000 -10 -1 -1 -1
153 611 Pedestrian -1 -1 -10 386.93 180.31 433.23 212.44 -1000 -1000 -1000 -10 -1 -1 -1
153 569 Pedestrian -1 -1 -10 -2.17 194.44 209.95 295.30 -1000 -1000 -1000 -10 -1 -1 -1
154 569 Pedestrian -1 -1 -10 -31.02 205.13 155.83 303.32 -1000 -1000 -1000 -10 -1 -1 -1
159 619 Pedestrian -1 -1 -10 169.90 198.09 308.85 265.08 -1000 -1000 -1000 -10 -1 -1 -1
160 619 Pedestrian -1 -1 -10 91.16 198.10 264.15 281.36 -1000 -1000 -1000 -10 -1 -1 -1
161 619 Pedestrian -1 -1 -10 8.10 199.37 223.04 303.23 -1000 -1000 -1000 -10 -1 -1 -1
162 569 Pedestrian -1 -1 -10 -43.30 205.45 135.65 311.82 -1000 -1000 -1000 -10 -1 -1 -1
168 628 Pedestrian -1 -1 -10 170.99 182.96 308.21 258.25 -1000 -1000 -1000 -10 -1 -1 -1
169 628 Pedestrian -1 -1 -10 102.04 182.08 258.33 267.52 -1000 -1000 -1000 -10 -1 -1 -1
170 628 Pedestrian -1 -1 -10 16.28 182.76 206.86 287.16 -1000 -1000 -1000 -10 -1 -1 -1
171 628 Pedestrian -1 -1 -10 -43.64 187.38 154.07 297.91 -1000 -1000 -1000 -10 -1 -1 -1
175 635 Pedestrian -1 -1 -10 445.63 180.34 475.58 202.02 -1000 -1000 -1000 -10 -1 -1 -1
177 636 Pedestrian -1 -1 -10 579.32 170.62 609.48 197.42 -1000 -1000 -1000 -10 -1 -1 -1
178 636 Pedestrian -1 -1 -10 578.11 170.36 609.72 198.48 -1000 -1000 -1000 -10 -1 -1 -1
178 637 Pedestrian -1 -1 -10 164.57 170.02 304.24 254.40 -1000 -1000 -1000 -10 -1 -1 -1
179 639 Pedestrian -1 -1 -10 408.04 184.21 449.14 210.10 -1000 -1000 -1000 -10 -1 -1 -1
180 641 Pedestrian -1 -1 -10 -1.98 170.72 236.72 289.16 -1000 -1000 -1000 -10 -1 -1 -1
180 636 Pedestrian -1 -1 -10 578.54 176.66 605.90 200.91 -1000 -1000 -1000 -10 -1 -1 -1
181 641 Pedestrian -1 -1 -10 -40.32 174.26 204.75 296.94 -1000 -1000 -1000 -10 -1 -1 -1
182 643 Pedestrian -1 -1 -10 501.71 184.64 551.57 226.40 -1000 -1000 -1000 -10 -1 -1 -1
182 636 Pedestrian -1 -1 -10 576.25 181.70 605.85 208.02 -1000 -1000 -1000 -10 -1 -1 -1
183 643 Pedestrian -1 -1 -10 499.48 186.18 549.00 227.66 -1000 -1000 -1000 -10 -1 -1 -1
184 643 Pedestrian -1 -1 -10 494.56 184.04 546.49 227.59 -1000 -1000 -1000 -10 -1 -1 -1
184 636 Pedestrian -1 -1 -10 577.78 181.64 607.26 207.66 -1000 -1000 -1000 -10 -1 -1 -1
185 643 Pedestrian -1 -1 -10 489.29 180.68 546.43 228.62 -1000 -1000 -1000 -10 -1 -1 -1
185 645 Pedestrian -1 -1 -10 298.30 191.44 368.58 232.70 -1000 -1000 -1000 -10 -1 -1 -1
186 643 Pedestrian -1 -1 -10 484.27 178.08 545.29 229.28 -1000 -1000 -1000 -10 -1 -1 -1
186 645 Pedestrian -1 -1 -10 268.98 189.81 348.76 236.46 -1000 -1000 -1000 -10 -1 -1 -1
187 643 Pedestrian -1 -1 -10 478.42 178.14 543.01 232.14 -1000 -1000 -1000 -10 -1 -1 -1
187 645 Pedestrian -1 -1 -10 228.50 191.06 320.82 244.68 -1000 -1000 -1000 -10 -1 -1 -1
188 643 Pedestrian -1 -1 -10 471.47 179.01 541.20 237.19 -1000 -1000 -1000 -10 -1 -1 -1
188 637 Pedestrian -1 -1 -10 163.47 195.51 278.99 263.38 -1000 -1000 -1000 -10 -1 -1 -1
189 643 Pedestrian -1 -1 -10 462.64 179.45 538.25 242.61 -1000 -1000 -1000 -10 -1 -1 -1
189 637 Pedestrian -1 -1 -10 104.51 198.23 241.03 275.80 -1000 -1000 -1000 -10 -1 -1 -1
190 643 Pedestrian -1 -1 -10 452.27 179.09 533.97 247.12 -1000 -1000 -1000 -10 -1 -1 -1
190 637 Pedestrian -1 -1 -10 35.75 197.59 201.17 291.18 -1000 -1000 -1000 -10 -1 -1 -1
191 643 Pedestrian -1 -1 -10 442.85 178.00 530.22 250.26 -1000 -1000 -1000 -10 -1 -1 -1
191 637 Pedestrian -1 -1 -10 -9.00 197.15 159.65 296.02 -1000 -1000 -1000 -10 -1 -1 -1
192 643 Pedestrian -1 -1 -10 428.96 176.45 525.18 255.53 -1000 -1000 -1000 -10 -1 -1 -1
193 643 Pedestrian -1 -1 -10 413.39 176.31 517.82 261.34 -1000 -1000 -1000 -10 -1 -1 -1
194 643 Pedestrian -1 -1 -10 393.38 176.96 511.91 272.81 -1000 -1000 -1000 -10 -1 -1 -1
194 645 Pedestrian -1 -1 -10 140.14 189.99 247.02 251.33 -1000 -1000 -1000 -10 -1 -1 -1
195 643 Pedestrian -1 -1 -10 368.25 180.02 502.17 287.20 -1000 -1000 -1000 -10 -1 -1 -1
195 645 Pedestrian -1 -1 -10 91.75 196.10 207.86 260.82 -1000 -1000 -1000 -10 -1 -1 -1
196 643 Pedestrian -1 -1 -10 335.33 181.95 492.94 306.80 -1000 -1000 -1000 -10 -1 -1 -1
196 645 Pedestrian -1 -1 -10 32.34 200.15 165.99 273.66 -1000 -1000 -1000 -10 -1 -1 -1
197 643 Pedestrian -1 -1 -10 291.78 181.19 478.49 327.27 -1000 -1000 -1000 -10 -1 -1 -1
197 645 Pedestrian -1 -1 -10 -14.63 200.21 122.44 279.06 -1000 -1000 -1000 -10 -1 -1 -1
198 643 Pedestrian -1 -1 -10 231.76 179.90 457.92 353.57 -1000 -1000 -1000 -10 -1 -1 -1
199 643 Pedestrian -1 -1 -10 153.25 179.65 411.92 368.29 -1000 -1000 -1000 -10 -1 -1 -1
200 643 Pedestrian -1 -1 -10 92.85 179.88 371.76 373.03 -1000 -1000 -1000 -10 -1 -1 -1
201 643 Pedestrian -1 -1 -10 54.98 187.09 335.81 374.75 -1000 -1000 -1000 -10 -1 -1 -1
202 643 Pedestrian -1 -1 -10 28.19 207.62 282.92 373.86 -1000 -1000 -1000 -10 -1 -1 -1
207 687 Pedestrian -1 -1 -10 1057.81 271.43 1182.38 372.90 -1000 -1000 -1000 -10 -1 -1 -1
208 687 Pedestrian -1 -1 -10 1041.85 203.34 1249.29 373.29 -1000 -1000 -1000 -10 -1 -1 -1
209 691 Pedestrian -1 -1 -10 468.71 182.04 498.97 201.18 -1000 -1000 -1000 -10 -1 -1 -1
214 696 Pedestrian -1 -1 -10 -37.89 188.47 137.94 271.60 -1000 -1000 -1000 -10 -1 -1 -1
215 698 Pedestrian -1 -1 -10 398.49 181.49 439.65 209.01 -1000 -1000 -1000 -10 -1 -1 -1
219 701 Pedestrian -1 -1 -10 298.83 186.89 368.15 226.30 -1000 -1000 -1000 -10 -1 -1 -1
220 701 Pedestrian -1 -1 -10 263.80 186.13 342.52 230.73 -1000 -1000 -1000 -10 -1 -1 -1
221 701 Pedestrian -1 -1 -10 217.37 188.39 305.18 237.68 -1000 -1000 -1000 -10 -1 -1 -1
222 701 Pedestrian -1 -1 -10 150.05 192.31 257.18 251.74 -1000 -1000 -1000 -10 -1 -1 -1
223 696 Pedestrian -1 -1 -10 26.96 200.24 191.08 276.55 -1000 -1000 -1000 -10 -1 -1 -1
224 696 Pedestrian -1 -1 -10 -4.68 206.29 158.87 284.24 -1000 -1000 -1000 -10 -1 -1 -1
230 691 Pedestrian -1 -1 -10 456.62 181.30 497.50 209.17 -1000 -1000 -1000 -10 -1 -1 -1
230 698 Pedestrian -1 -1 -10 410.57 185.95 446.03 209.59 -1000 -1000 -1000 -10 -1 -1 -1
232 691 Pedestrian -1 -1 -10 446.60 181.20 487.40 209.77 -1000 -1000 -1000 -10 -1 -1 -1
235 698 Pedestrian -1 -1 -10 392.28 182.16 446.04 218.09 -1000 -1000 -1000 -10 -1 -1 -1
236 698 Pedestrian -1 -1 -10 376.20 182.76 435.99 222.65 -1000 -1000 -1000 -10 -1 -1 -1
237 717 Pedestrian -1 -1 -10 470.41 182.53 500.66 205.02 -1000 -1000 -1000 -10 -1 -1 -1
238 717 Pedestrian -1 -1 -10 460.64 182.66 493.43 207.07 -1000 -1000 -1000 -10 -1 -1 -1
239 721 Pedestrian -1 -1 -10 238.74 191.20 336.98 248.70 -1000 -1000 -1000 -10 -1 -1 -1
240 691 Pedestrian -1 -1 -10 433.21 181.51 476.26 211.92 -1000 -1000 -1000 -10 -1 -1 -1
241 691 Pedestrian -1 -1 -10 425.99 181.87 470.16 213.06 -1000 -1000 -1000 -10 -1 -1 -1
241 696 Pedestrian -1 -1 -10 31.62 196.42 227.92 288.41 -1000 -1000 -1000 -10 -1 -1 -1
242 691 Pedestrian -1 -1 -10 413.12 182.29 460.26 215.68 -1000 -1000 -1000 -10 -1 -1 -1
242 696 Pedestrian -1 -1 -10 -13.17 197.82 194.05 302.64 -1000 -1000 -1000 -10 -1 -1 -1
243 698 Pedestrian -1 -1 -10 386.66 185.77 439.52 221.26 -1000 -1000 -1000 -10 -1 -1 -1
244 698 Pedestrian -1 -1 -10 369.77 187.55 427.88 226.36 -1000 -1000 -1000 -10 -1 -1 -1
245 698 Pedestrian -1 -1 -10 344.62 187.20 411.50 230.73 -1000 -1000 -1000 -10 -1 -1 -1
246 698 Pedestrian -1 -1 -10 312.36 187.65 388.11 235.66 -1000 -1000 -1000 -10 -1 -1 -1
247 721 Pedestrian -1 -1 -10 243.58 191.28 345.38 250.38 -1000 -1000 -1000 -10 -1 -1 -1
248 721 Pedestrian -1 -1 -10 197.17 194.54 316.08 262.30 -1000 -1000 -1000 -10 -1 -1 -1
249 696 Pedestrian -1 -1 -10 58.61 200.25 242.94 291.68 -1000 -1000 -1000 -10 -1 -1 -1
250 696 Pedestrian -1 -1 -10 10.62 201.70 198.12 296.84 -1000 -1000 -1000 -10 -1 -1 -1
260 730 Pedestrian -1 -1 -10 596.66 169.89 627.58 200.08 -1000 -1000 -1000 -10 -1 -1 -1
262 730 Pedestrian -1 -1 -10 597.39 175.04 626.20 203.14 -1000 -1000 -1000 -10 -1 -1 -1
263 730 Pedestrian -1 -1 -10 598.31 178.22 624.92 203.99 -1000 -1000 -1000 -10 -1 -1 -1
264 730 Pedestrian -1 -1 -10 597.60 177.24 624.26 202.87 -1000 -1000 -1000 -10 -1 -1 -1
266 730 Pedestrian -1 -1 -10 597.16 174.34 623.27 199.10 -1000 -1000 -1000 -10 -1 -1 -1
267 730 Pedestrian -1 -1 -10 595.90 172.26 622.80 197.55 -1000 -1000 -1000 -10 -1 -1 -1
268 730 Pedestrian -1 -1 -10 594.44 170.68 622.91 197.45 -1000 -1000 -1000 -10 -1 -1 -1
270 730 Pedestrian -1 -1 -10 594.33 176.31 623.27 203.39 -1000 -1000 -1000 -10 -1 -1 -1
285 730 Pedestrian -1 -1 -10 587.80 173.12 619.08 202.21 -1000 -1000 -1000 -10 -1 -1 -1
300 730 Pedestrian -1 -1 -10 590.74 173.64 620.86 201.43 -1000 -1000 -1000 -10 -1 -1 -1
303 730 Pedestrian -1 -1 -10 591.53 174.01 622.72 202.80 -1000 -1000 -1000 -10 -1 -1 -1
307 730 Pedestrian -1 -1 -10 592.26 175.49 622.99 203.69 -1000 -1000 -1000 -10 -1 -1 -1
