1 741 Pedestrian -1 -1 -10 244.95 174.64 292.40 201.75 -1000 -1000 -1000 -10 -1 -1 -1
2 741 Pedestrian -1 -1 -10 232.76 173.80 281.56 201.57 -1000 -1000 -1000 -10 -1 -1 -1
3 741 Pedestrian -1 -1 -10 215.54 172.34 266.93 201.48 -1000 -1000 -1000 -10 -1 -1 -1
4 741 Pedestrian -1 -1 -10 197.51 170.09 253.04 201.49 -1000 -1000 -1000 -10 -1 -1 -1
5 741 Pedestrian -1 -1 -10 179.16 170.45 235.87 202.19 -1000 -1000 -1000 -10 -1 -1 -1
6 741 Pedestrian -1 -1 -10 157.60 169.11 218.73 202.94 -1000 -1000 -1000 -10 -1 -1 -1
7 741 Pedestrian -1 -1 -10 149.42 169.16 211.25 204.05 -1000 -1000 -1000 -10 -1 -1 -1
7 744 Pedestrian -1 -1 -10 251.30 173.48 291.55 197.20 -1000 -1000 -1000 -10 -1 -1 -1
8 741 Pedestrian -1 -1 -10 117.79 170.87 184.26 207.84 -1000 -1000 -1000 -10 -1 -1 -1
9 741 Pedestrian -1 -1 -10 85.00 170.07 160.72 211.50 -1000 -1000 -1000 -10 -1 -1 -1
9 730 Pedestrian -1 -1 -10 574.17 177.12 610.72 209.68 -1000 -1000 -1000 -10 -1 -1 -1
10 741 Pedestrian -1 -1 -10 52.13 170.69 134.59 214.78 -1000 -1000 -1000 -10 -1 -1 -1
10 750 Pedestrian -1 -1 -10 206.26 177.68 257.99 203.65 -1000 -1000 -1000 -10 -1 -1 -1
11 741 Pedestrian -1 -1 -10 18.42 171.88 107.92 218.81 -1000 -1000 -1000 -10 -1 -1 -1
11 750 Pedestrian -1 -1 -10 191.11 178.80 245.46 205.98 -1000 -1000 -1000 -10 -1 -1 -1
11 730 Pedestrian -1 -1 -10 572.60 176.10 613.03 212.37 -1000 -1000 -1000 -10 -1 -1 -1
12 741 Pedestrian -1 -1 -10 -5.24 173.05 88.31 222.75 -1000 -1000 -1000 -10 -1 -1 -1
12 750 Pedestrian -1 -1 -10 166.80 177.92 228.67 208.87 -1000 -1000 -1000 -10 -1 -1 -1
12 730 Pedestrian -1 -1 -10 572.05 175.66 613.86 213.39 -1000 -1000 -1000 -10 -1 -1 -1
13 741 Pedestrian -1 -1 -10 -22.84 174.35 67.70 224.60 -1000 -1000 -1000 -10 -1 -1 -1
13 750 Pedestrian -1 -1 -10 141.51 178.70 206.13 211.03 -1000 -1000 -1000 -10 -1 -1 -1
13 730 Pedestrian -1 -1 -10 573.05 175.42 614.55 213.07 -1000 -1000 -1000 -10 -1 -1 -1
14 750 Pedestrian -1 -1 -10 118.00 177.64 186.80 211.86 -1000 -1000 -1000 -10 -1 -1 -1
14 730 Pedestrian -1 -1 -10 573.27 172.99 615.45 211.72 -1000 -1000 -1000 -10 -1 -1 -1
15 750 Pedestrian -1 -1 -10 91.48 176.63 163.24 211.99 -1000 -1000 -1000 -10 -1 -1 -1
15 730 Pedestrian -1 -1 -10 573.66 171.32 615.92 210.56 -1000 -1000 -1000 -10 -1 -1 -1
16 750 Pedestrian -1 -1 -10 60.73 174.55 140.75 213.56 -1000 -1000 -1000 -10 -1 -1 -1
17 750 Pedestrian -1 -1 -10 24.24 173.96 111.96 216.15 -1000 -1000 -1000 -10 -1 -1 -1
18 750 Pedestrian -1 -1 -10 -1.76 173.90 89.43 218.08 -1000 -1000 -1000 -10 -1 -1 -1
19 750 Pedestrian -1 -1 -10 -19.89 176.37 65.17 219.03 -1000 -1000 -1000 -10 -1 -1 -1
19 730 Pedestrian -1 -1 -10 572.06 169.88 614.75 209.77 -1000 -1000 -1000 -10 -1 -1 -1
20 730 Pedestrian -1 -1 -10 571.18 171.30 614.54 211.80 -1000 -1000 -1000 -10 -1 -1 -1
21 730 Pedestrian -1 -1 -10 570.32 170.49 615.12 212.55 -1000 -1000 -1000 -10 -1 -1 -1
22 730 Pedestrian -1 -1 -10 570.07 169.98 614.97 212.24 -1000 -1000 -1000 -10 -1 -1 -1
23 730 Pedestrian -1 -1 -10 569.17 168.32 614.62 211.19 -1000 -1000 -1000 -10 -1 -1 -1
23 756 Pedestrian -1 -1 -10 381.87 169.05 412.09 185.29 -1000 -1000 -1000 -10 -1 -1 -1
23 744 Pedestrian -1 -1 -10 264.76 174.20 304.07 196.33 -1000 -1000 -1000 -10 -1 -1 -1
24 730 Pedestrian -1 -1 -10 569.16 168.36 614.30 210.97 -1000 -1000 -1000 -10 -1 -1 -1
24 756 Pedestrian -1 -1 -10 380.03 169.69 411.63 186.68 -1000 -1000 -1000 -10 -1 -1 -1
24 744 Pedestrian -1 -1 -10 254.98 173.25 299.52 197.96 -1000 -1000 -1000 -10 -1 -1 -1
25 756 Pedestrian -1 -1 -10 371.22 168.86 405.26 187.12 -1000 -1000 -1000 -10 -1 -1 -1
25 744 Pedestrian -1 -1 -10 243.03 174.19 289.85 199.89 -1000 -1000 -1000 -10 -1 -1 -1
26 756 Pedestrian -1 -1 -10 365.23 168.66 399.56 187.01 -1000 -1000 -1000 -10 -1 -1 -1
26 744 Pedestrian -1 -1 -10 229.20 174.41 278.54 201.02 -1000 -1000 -1000 -10 -1 -1 -1
26 730 Pedestrian -1 -1 -10 568.49 168.11 614.26 211.36 -1000 -1000 -1000 -10 -1 -1 -1
27 756 Pedestrian -1 -1 -10 359.23 169.08 394.19 187.67 -1000 -1000 -1000 -10 -1 -1 -1
27 744 Pedestrian -1 -1 -10 213.32 174.32 265.16 201.85 -1000 -1000 -1000 -10 -1 -1 -1
27 730 Pedestrian -1 -1 -10 568.31 168.39 614.16 211.67 -1000 -1000 -1000 -10 -1 -1 -1
28 756 Pedestrian -1 -1 -10 356.40 169.71 391.62 188.27 -1000 -1000 -1000 -10 -1 -1 -1
28 744 Pedestrian -1 -1 -10 196.44 173.12 252.59 202.64 -1000 -1000 -1000 -10 -1 -1 -1
28 730 Pedestrian -1 -1 -10 568.51 169.59 613.65 212.06 -1000 -1000 -1000 -10 -1 -1 -1
29 756 Pedestrian -1 -1 -10 349.89 168.48 385.65 187.22 -1000 -1000 -1000 -10 -1 -1 -1
29 744 Pedestrian -1 -1 -10 179.18 172.60 237.86 203.02 -1000 -1000 -1000 -10 -1 -1 -1
29 730 Pedestrian -1 -1 -10 568.88 169.51 613.62 211.50 -1000 -1000 -1000 -10 -1 -1 -1
30 744 Pedestrian -1 -1 -10 159.15 172.63 220.33 203.48 -1000 -1000 -1000 -10 -1 -1 -1
30 730 Pedestrian -1 -1 -10 569.30 169.40 613.35 210.56 -1000 -1000 -1000 -10 -1 -1 -1
31 744 Pedestrian -1 -1 -10 151.93 172.62 210.88 202.93 -1000 -1000 -1000 -10 -1 -1 -1
31 730 Pedestrian -1 -1 -10 570.14 169.57 613.57 210.08 -1000 -1000 -1000 -10 -1 -1 -1
31 756 Pedestrian -1 -1 -10 337.94 165.30 378.73 186.51 -1000 -1000 -1000 -10 -1 -1 -1
32 744 Pedestrian -1 -1 -10 121.71 171.91 189.91 206.32 -1000 -1000 -1000 -10 -1 -1 -1
32 730 Pedestrian -1 -1 -10 569.71 169.17 613.82 210.22 -1000 -1000 -1000 -10 -1 -1 -1
32 756 Pedestrian -1 -1 -10 332.93 164.81 375.70 186.96 -1000 -1000 -1000 -10 -1 -1 -1
33 744 Pedestrian -1 -1 -10 95.46 171.72 170.82 209.00 -1000 -1000 -1000 -10 -1 -1 -1
33 730 Pedestrian -1 -1 -10 567.91 168.67 614.64 212.34 -1000 -1000 -1000 -10 -1 -1 -1
33 756 Pedestrian -1 -1 -10 328.44 165.10 372.48 187.68 -1000 -1000 -1000 -10 -1 -1 -1
34 744 Pedestrian -1 -1 -10 68.81 173.47 148.37 211.77 -1000 -1000 -1000 -10 -1 -1 -1
34 730 Pedestrian -1 -1 -10 567.27 169.20 614.53 213.34 -1000 -1000 -1000 -10 -1 -1 -1
34 756 Pedestrian -1 -1 -10 320.55 167.13 362.16 188.82 -1000 -1000 -1000 -10 -1 -1 -1
35 730 Pedestrian -1 -1 -10 566.51 169.02 614.86 214.18 -1000 -1000 -1000 -10 -1 -1 -1
35 756 Pedestrian -1 -1 -10 316.25 167.84 358.61 189.89 -1000 -1000 -1000 -10 -1 -1 -1
36 730 Pedestrian -1 -1 -10 566.84 169.60 615.05 214.54 -1000 -1000 -1000 -10 -1 -1 -1
36 756 Pedestrian -1 -1 -10 313.34 168.60 356.12 190.63 -1000 -1000 -1000 -10 -1 -1 -1
37 730 Pedestrian -1 -1 -10 566.85 168.41 615.96 214.31 -1000 -1000 -1000 -10 -1 -1 -1
38 730 Pedestrian -1 -1 -10 567.12 167.99 616.22 214.01 -1000 -1000 -1000 -10 -1 -1 -1
39 730 Pedestrian -1 -1 -10 567.36 168.71 616.09 214.37 -1000 -1000 -1000 -10 -1 -1 -1
39 756 Pedestrian -1 -1 -10 296.36 167.58 345.32 192.60 -1000 -1000 -1000 -10 -1 -1 -1
40 730 Pedestrian -1 -1 -10 567.55 170.04 615.87 215.05 -1000 -1000 -1000 -10 -1 -1 -1
40 756 Pedestrian -1 -1 -10 284.96 166.84 336.97 193.43 -1000 -1000 -1000 -10 -1 -1 -1
41 730 Pedestrian -1 -1 -10 567.41 171.30 615.75 215.98 -1000 -1000 -1000 -10 -1 -1 -1
41 756 Pedestrian -1 -1 -10 276.98 167.71 329.07 194.33 -1000 -1000 -1000 -10 -1 -1 -1
42 730 Pedestrian -1 -1 -10 567.67 172.18 616.29 216.74 -1000 -1000 -1000 -10 -1 -1 -1
43 730 Pedestrian -1 -1 -10 568.15 172.58 617.23 217.18 -1000 -1000 -1000 -10 -1 -1 -1
44 730 Pedestrian -1 -1 -10 567.63 171.96 618.06 217.63 -1000 -1000 -1000 -10 -1 -1 -1
45 730 Pedestrian -1 -1 -10 567.94 171.97 619.23 218.58 -1000 -1000 -1000 -10 -1 -1 -1
46 730 Pedestrian -1 -1 -10 568.84 173.91 620.04 220.39 -1000 -1000 -1000 -10 -1 -1 -1
47 730 Pedestrian -1 -1 -10 570.21 175.27 620.20 220.65 -1000 -1000 -1000 -10 -1 -1 -1
48 730 Pedestrian -1 -1 -10 570.78 175.97 620.17 220.82 -1000 -1000 -1000 -10 -1 -1 -1
49 730 Pedestrian -1 -1 -10 570.66 175.94 620.25 220.72 -1000 -1000 -1000 -10 -1 -1 -1
50 730 Pedestrian -1 -1 -10 569.96 174.94 620.95 220.96 -1000 -1000 -1000 -10 -1 -1 -1
51 730 Pedestrian -1 -1 -10 570.75 175.02 621.60 220.78 -1000 -1000 -1000 -10 -1 -1 -1
52 730 Pedestrian -1 -1 -10 571.43 174.90 622.31 220.85 -1000 -1000 -1000 -10 -1 -1 -1
53 730 Pedestrian -1 -1 -10 572.98 175.36 621.98 219.53 -1000 -1000 -1000 -10 -1 -1 -1
53 756 Pedestrian -1 -1 -10 187.70 169.21 252.38 203.92 -1000 -1000 -1000 -10 -1 -1 -1
54 730 Pedestrian -1 -1 -10 572.62 175.42 623.13 221.17 -1000 -1000 -1000 -10 -1 -1 -1
54 756 Pedestrian -1 -1 -10 184.53 169.67 245.03 204.20 -1000 -1000 -1000 -10 -1 -1 -1
55 730 Pedestrian -1 -1 -10 572.70 175.34 624.03 222.10 -1000 -1000 -1000 -10 -1 -1 -1
55 756 Pedestrian -1 -1 -10 175.18 169.62 235.49 205.84 -1000 -1000 -1000 -10 -1 -1 -1
56 730 Pedestrian -1 -1 -10 573.06 175.05 624.66 222.07 -1000 -1000 -1000 -10 -1 -1 -1
56 756 Pedestrian -1 -1 -10 157.58 169.97 219.67 207.42 -1000 -1000 -1000 -10 -1 -1 -1
57 730 Pedestrian -1 -1 -10 573.94 173.88 626.05 221.27 -1000 -1000 -1000 -10 -1 -1 -1
57 756 Pedestrian -1 -1 -10 135.59 170.18 201.30 208.42 -1000 -1000 -1000 -10 -1 -1 -1
58 730 Pedestrian -1 -1 -10 574.56 174.30 627.23 222.22 -1000 -1000 -1000 -10 -1 -1 -1
58 756 Pedestrian -1 -1 -10 116.15 170.41 185.88 209.92 -1000 -1000 -1000 -10 -1 -1 -1
59 756 Pedestrian -1 -1 -10 99.82 171.23 171.72 211.37 -1000 -1000 -1000 -10 -1 -1 -1
60 756 Pedestrian -1 -1 -10 76.51 171.84 151.97 212.68 -1000 -1000 -1000 -10 -1 -1 -1
60 763 Pedestrian -1 -1 -10 -7.11 181.97 77.97 218.66 -1000 -1000 -1000 -10 -1 -1 -1
60 730 Pedestrian -1 -1 -10 574.30 171.31 629.69 221.88 -1000 -1000 -1000 -10 -1 -1 -1
61 756 Pedestrian -1 -1 -10 51.71 172.00 132.89 214.30 -1000 -1000 -1000 -10 -1 -1 -1
61 763 Pedestrian -1 -1 -10 -15.64 184.16 66.47 219.89 -1000 -1000 -1000 -10 -1 -1 -1
61 730 Pedestrian -1 -1 -10 574.74 170.85 630.33 221.73 -1000 -1000 -1000 -10 -1 -1 -1
62 756 Pedestrian -1 -1 -10 27.77 171.27 116.29 216.42 -1000 -1000 -1000 -10 -1 -1 -1
62 730 Pedestrian -1 -1 -10 575.79 170.47 631.19 221.12 -1000 -1000 -1000 -10 -1 -1 -1
63 756 Pedestrian -1 -1 -10 8.32 171.88 99.09 217.65 -1000 -1000 -1000 -10 -1 -1 -1
63 730 Pedestrian -1 -1 -10 575.63 170.40 632.20 222.31 -1000 -1000 -1000 -10 -1 -1 -1
64 756 Pedestrian -1 -1 -10 -7.14 170.47 87.61 219.25 -1000 -1000 -1000 -10 -1 -1 -1
64 730 Pedestrian -1 -1 -10 576.18 170.51 633.36 223.10 -1000 -1000 -1000 -10 -1 -1 -1
65 756 Pedestrian -1 -1 -10 -16.96 171.31 74.74 220.35 -1000 -1000 -1000 -10 -1 -1 -1
65 730 Pedestrian -1 -1 -10 577.68 173.13 633.70 224.66 -1000 -1000 -1000 -10 -1 -1 -1
66 730 Pedestrian -1 -1 -10 577.96 173.80 634.12 225.63 -1000 -1000 -1000 -10 -1 -1 -1
66 763 Pedestrian -1 -1 -10 -31.53 175.71 69.71 221.66 -1000 -1000 -1000 -10 -1 -1 -1
67 730 Pedestrian -1 -1 -10 578.24 174.28 634.20 225.99 -1000 -1000 -1000 -10 -1 -1 -1
68 730 Pedestrian -1 -1 -10 578.53 173.66 635.12 226.09 -1000 -1000 -1000 -10 -1 -1 -1
69 730 Pedestrian -1 -1 -10 578.35 173.59 635.16 226.36 -1000 -1000 -1000 -10 -1 -1 -1
69 766 Pedestrian -1 -1 -10 297.98 170.81 337.05 194.71 -1000 -1000 -1000 -10 -1 -1 -1
70 730 Pedestrian -1 -1 -10 578.59 173.76 634.95 226.24 -1000 -1000 -1000 -10 -1 -1 -1
70 766 Pedestrian -1 -1 -10 291.98 171.05 331.19 195.01 -1000 -1000 -1000 -10 -1 -1 -1
71 730 Pedestrian -1 -1 -10 579.39 174.33 635.69 226.74 -1000 -1000 -1000 -10 -1 -1 -1
71 766 Pedestrian -1 -1 -10 286.25 171.28 325.20 194.99 -1000 -1000 -1000 -10 -1 -1 -1
72 730 Pedestrian -1 -1 -10 580.79 175.42 635.83 226.49 -1000 -1000 -1000 -10 -1 -1 -1
72 766 Pedestrian -1 -1 -10 282.93 171.30 322.19 194.91 -1000 -1000 -1000 -10 -1 -1 -1
73 730 Pedestrian -1 -1 -10 581.57 175.07 636.79 226.24 -1000 -1000 -1000 -10 -1 -1 -1
74 730 Pedestrian -1 -1 -10 581.75 174.64 637.12 225.99 -1000 -1000 -1000 -10 -1 -1 -1
75 730 Pedestrian -1 -1 -10 581.73 174.63 637.00 225.91 -1000 -1000 -1000 -10 -1 -1 -1
76 730 Pedestrian -1 -1 -10 581.98 174.35 637.37 225.84 -1000 -1000 -1000 -10 -1 -1 -1
77 730 Pedestrian -1 -1 -10 582.25 174.44 637.42 225.77 -1000 -1000 -1000 -10 -1 -1 -1
77 766 Pedestrian -1 -1 -10 255.74 172.70 300.72 198.26 -1000 -1000 -1000 -10 -1 -1 -1
78 730 Pedestrian -1 -1 -10 582.49 174.28 637.67 225.60 -1000 -1000 -1000 -10 -1 -1 -1
78 766 Pedestrian -1 -1 -10 240.73 172.69 288.42 199.28 -1000 -1000 -1000 -10 -1 -1 -1
79 730 Pedestrian -1 -1 -10 582.80 175.33 637.18 225.77 -1000 -1000 -1000 -10 -1 -1 -1
79 766 Pedestrian -1 -1 -10 230.29 173.15 279.58 200.09 -1000 -1000 -1000 -10 -1 -1 -1
80 730 Pedestrian -1 -1 -10 582.74 175.48 637.13 225.90 -1000 -1000 -1000 -10 -1 -1 -1
80 766 Pedestrian -1 -1 -10 220.11 173.72 270.47 200.81 -1000 -1000 -1000 -10 -1 -1 -1
81 730 Pedestrian -1 -1 -10 582.54 175.35 637.34 226.01 -1000 -1000 -1000 -10 -1 -1 -1
81 766 Pedestrian -1 -1 -10 209.72 173.88 262.14 201.64 -1000 -1000 -1000 -10 -1 -1 -1
82 730 Pedestrian -1 -1 -10 582.47 175.12 637.55 226.03 -1000 -1000 -1000 -10 -1 -1 -1
82 766 Pedestrian -1 -1 -10 200.76 174.04 254.83 202.19 -1000 -1000 -1000 -10 -1 -1 -1
83 730 Pedestrian -1 -1 -10 582.18 174.11 638.09 225.90 -1000 -1000 -1000 -10 -1 -1 -1
83 766 Pedestrian -1 -1 -10 193.28 174.93 249.74 203.31 -1000 -1000 -1000 -10 -1 -1 -1
84 730 Pedestrian -1 -1 -10 582.44 174.08 638.04 225.52 -1000 -1000 -1000 -10 -1 -1 -1
84 766 Pedestrian -1 -1 -10 182.10 175.52 240.22 203.84 -1000 -1000 -1000 -10 -1 -1 -1
85 730 Pedestrian -1 -1 -10 583.26 174.63 637.37 224.46 -1000 -1000 -1000 -10 -1 -1 -1
85 766 Pedestrian -1 -1 -10 170.27 175.87 229.64 204.15 -1000 -1000 -1000 -10 -1 -1 -1
86 730 Pedestrian -1 -1 -10 583.08 174.16 637.08 223.66 -1000 -1000 -1000 -10 -1 -1 -1
86 766 Pedestrian -1 -1 -10 155.79 174.63 218.71 204.16 -1000 -1000 -1000 -10 -1 -1 -1
87 730 Pedestrian -1 -1 -10 583.10 173.76 635.80 221.81 -1000 -1000 -1000 -10 -1 -1 -1
87 766 Pedestrian -1 -1 -10 142.40 173.22 210.14 204.60 -1000 -1000 -1000 -10 -1 -1 -1
88 730 Pedestrian -1 -1 -10 583.24 174.69 635.32 221.95 -1000 -1000 -1000 -10 -1 -1 -1
88 766 Pedestrian -1 -1 -10 129.07 173.17 198.89 205.12 -1000 -1000 -1000 -10 -1 -1 -1
89 766 Pedestrian -1 -1 -10 113.34 173.10 186.24 206.30 -1000 -1000 -1000 -10 -1 -1 -1
90 766 Pedestrian -1 -1 -10 97.72 173.05 171.67 206.60 -1000 -1000 -1000 -10 -1 -1 -1
90 730 Pedestrian -1 -1 -10 584.65 173.23 635.24 218.41 -1000 -1000 -1000 -10 -1 -1 -1
91 766 Pedestrian -1 -1 -10 74.67 172.42 150.26 207.57 -1000 -1000 -1000 -10 -1 -1 -1
91 769 Pedestrian -1 -1 -10 182.03 169.11 247.13 202.88 -1000 -1000 -1000 -10 -1 -1 -1
91 730 Pedestrian -1 -1 -10 584.25 172.66 635.60 217.88 -1000 -1000 -1000 -10 -1 -1 -1
92 769 Pedestrian -1 -1 -10 173.54 168.59 240.17 203.14 -1000 -1000 -1000 -10 -1 -1 -1
92 730 Pedestrian -1 -1 -10 583.37 172.26 635.98 218.18 -1000 -1000 -1000 -10 -1 -1 -1
93 769 Pedestrian -1 -1 -10 163.33 168.48 230.30 203.16 -1000 -1000 -1000 -10 -1 -1 -1
93 730 Pedestrian -1 -1 -10 581.43 171.90 636.12 219.21 -1000 -1000 -1000 -10 -1 -1 -1
93 766 Pedestrian -1 -1 -10 45.27 171.30 135.72 212.43 -1000 -1000 -1000 -10 -1 -1 -1
94 769 Pedestrian -1 -1 -10 152.01 168.68 219.26 203.31 -1000 -1000 -1000 -10 -1 -1 -1
94 730 Pedestrian -1 -1 -10 578.68 171.49 636.77 221.78 -1000 -1000 -1000 -10 -1 -1 -1
94 766 Pedestrian -1 -1 -10 27.59 170.56 123.80 213.39 -1000 -1000 -1000 -10 -1 -1 -1
95 769 Pedestrian -1 -1 -10 140.08 170.07 206.12 203.70 -1000 -1000 -1000 -10 -1 -1 -1
95 730 Pedestrian -1 -1 -10 576.53 171.31 637.02 223.83 -1000 -1000 -1000 -10 -1 -1 -1
95 766 Pedestrian -1 -1 -10 10.68 171.57 107.52 213.84 -1000 -1000 -1000 -10 -1 -1 -1
96 769 Pedestrian -1 -1 -10 126.75 171.02 193.60 204.58 -1000 -1000 -1000 -10 -1 -1 -1
96 730 Pedestrian -1 -1 -10 575.86 171.54 636.04 223.47 -1000 -1000 -1000 -10 -1 -1 -1
96 766 Pedestrian -1 -1 -10 0.24 171.67 98.25 214.34 -1000 -1000 -1000 -10 -1 -1 -1
97 769 Pedestrian -1 -1 -10 110.28 171.66 181.84 207.10 -1000 -1000 -1000 -10 -1 -1 -1
97 730 Pedestrian -1 -1 -10 574.84 171.94 636.72 225.39 -1000 -1000 -1000 -10 -1 -1 -1
98 769 Pedestrian -1 -1 -10 109.96 171.12 183.75 208.40 -1000 -1000 -1000 -10 -1 -1 -1
98 730 Pedestrian -1 -1 -10 573.72 171.86 636.67 226.41 -1000 -1000 -1000 -10 -1 -1 -1
98 771 Pedestrian -1 -1 -10 190.45 166.94 251.31 202.32 -1000 -1000 -1000 -10 -1 -1 -1
99 769 Pedestrian -1 -1 -10 101.81 171.45 175.84 209.40 -1000 -1000 -1000 -10 -1 -1 -1
99 730 Pedestrian -1 -1 -10 574.09 171.46 634.57 223.69 -1000 -1000 -1000 -10 -1 -1 -1
100 769 Pedestrian -1 -1 -10 88.61 171.11 164.44 210.46 -1000 -1000 -1000 -10 -1 -1 -1
100 730 Pedestrian -1 -1 -10 572.79 171.03 634.79 224.81 -1000 -1000 -1000 -10 -1 -1 -1
100 771 Pedestrian -1 -1 -10 173.46 168.87 232.02 202.78 -1000 -1000 -1000 -10 -1 -1 -1
101 769 Pedestrian -1 -1 -10 58.68 171.64 141.16 213.36 -1000 -1000 -1000 -10 -1 -1 -1
101 730 Pedestrian -1 -1 -10 572.14 172.24 634.65 226.70 -1000 -1000 -1000 -10 -1 -1 -1
102 769 Pedestrian -1 -1 -10 36.65 172.67 122.95 215.31 -1000 -1000 -1000 -10 -1 -1 -1
102 730 Pedestrian -1 -1 -10 571.57 174.68 633.05 228.16 -1000 -1000 -1000 -10 -1 -1 -1
103 769 Pedestrian -1 -1 -10 18.11 174.49 107.03 217.25 -1000 -1000 -1000 -10 -1 -1 -1
103 730 Pedestrian -1 -1 -10 570.33 175.14 633.01 229.81 -1000 -1000 -1000 -10 -1 -1 -1
103 771 Pedestrian -1 -1 -10 138.82 172.90 203.56 210.20 -1000 -1000 -1000 -10 -1 -1 -1
104 769 Pedestrian -1 -1 -10 7.91 175.29 97.93 218.16 -1000 -1000 -1000 -10 -1 -1 -1
104 730 Pedestrian -1 -1 -10 569.26 176.17 632.34 231.19 -1000 -1000 -1000 -10 -1 -1 -1
104 771 Pedestrian -1 -1 -10 127.61 176.30 189.39 211.47 -1000 -1000 -1000 -10 -1 -1 -1
105 769 Pedestrian -1 -1 -10 -5.16 175.03 90.64 221.14 -1000 -1000 -1000 -10 -1 -1 -1
105 730 Pedestrian -1 -1 -10 568.72 176.46 630.94 230.65 -1000 -1000 -1000 -10 -1 -1 -1
105 771 Pedestrian -1 -1 -10 116.38 177.17 179.11 212.32 -1000 -1000 -1000 -10 -1 -1 -1
106 769 Pedestrian -1 -1 -10 -12.84 174.11 82.74 221.08 -1000 -1000 -1000 -10 -1 -1 -1
106 730 Pedestrian -1 -1 -10 566.61 174.40 630.38 230.05 -1000 -1000 -1000 -10 -1 -1 -1
106 771 Pedestrian -1 -1 -10 105.99 177.16 169.48 212.21 -1000 -1000 -1000 -10 -1 -1 -1
107 769 Pedestrian -1 -1 -10 -18.43 173.47 72.12 219.50 -1000 -1000 -1000 -10 -1 -1 -1
107 730 Pedestrian -1 -1 -10 565.73 174.68 628.45 229.31 -1000 -1000 -1000 -10 -1 -1 -1
107 771 Pedestrian -1 -1 -10 93.17 177.39 158.03 212.43 -1000 -1000 -1000 -10 -1 -1 -1
108 769 Pedestrian -1 -1 -10 -21.69 177.36 58.69 220.16 -1000 -1000 -1000 -10 -1 -1 -1
108 730 Pedestrian -1 -1 -10 565.58 175.30 627.93 229.65 -1000 -1000 -1000 -10 -1 -1 -1
108 771 Pedestrian -1 -1 -10 77.97 177.38 146.87 213.98 -1000 -1000 -1000 -10 -1 -1 -1
109 730 Pedestrian -1 -1 -10 563.52 176.79 625.27 230.64 -1000 -1000 -1000 -10 -1 -1 -1
109 771 Pedestrian -1 -1 -10 62.07 177.38 133.93 214.74 -1000 -1000 -1000 -10 -1 -1 -1
110 730 Pedestrian -1 -1 -10 562.03 176.84 623.52 230.52 -1000 -1000 -1000 -10 -1 -1 -1
110 771 Pedestrian -1 -1 -10 43.74 176.91 120.26 215.90 -1000 -1000 -1000 -10 -1 -1 -1
111 730 Pedestrian -1 -1 -10 559.98 175.45 622.99 230.69 -1000 -1000 -1000 -10 -1 -1 -1
111 775 Pedestrian -1 -1 -10 382.16 171.15 415.94 187.42 -1000 -1000 -1000 -10 -1 -1 -1
112 730 Pedestrian -1 -1 -10 558.08 175.05 621.93 231.21 -1000 -1000 -1000 -10 -1 -1 -1
112 771 Pedestrian -1 -1 -10 11.79 176.27 91.95 216.14 -1000 -1000 -1000 -10 -1 -1 -1
113 730 Pedestrian -1 -1 -10 556.03 175.09 620.70 232.16 -1000 -1000 -1000 -10 -1 -1 -1
113 775 Pedestrian -1 -1 -10 375.67 171.21 407.90 186.75 -1000 -1000 -1000 -10 -1 -1 -1
114 730 Pedestrian -1 -1 -10 555.20 176.16 618.97 232.51 -1000 -1000 -1000 -10 -1 -1 -1
114 775 Pedestrian -1 -1 -10 375.75 173.15 406.30 187.74 -1000 -1000 -1000 -10 -1 -1 -1
115 730 Pedestrian -1 -1 -10 553.44 176.03 617.68 232.77 -1000 -1000 -1000 -10 -1 -1 -1
115 775 Pedestrian -1 -1 -10 371.82 173.48 403.30 188.43 -1000 -1000 -1000 -10 -1 -1 -1
116 730 Pedestrian -1 -1 -10 551.39 175.59 616.31 233.01 -1000 -1000 -1000 -10 -1 -1 -1
116 775 Pedestrian -1 -1 -10 367.23 172.42 401.20 188.51 -1000 -1000 -1000 -10 -1 -1 -1
117 730 Pedestrian -1 -1 -10 549.57 175.89 614.37 233.34 -1000 -1000 -1000 -10 -1 -1 -1
117 775 Pedestrian -1 -1 -10 364.33 172.54 397.02 187.83 -1000 -1000 -1000 -10 -1 -1 -1
118 730 Pedestrian -1 -1 -10 548.07 176.14 612.33 233.32 -1000 -1000 -1000 -10 -1 -1 -1
119 730 Pedestrian -1 -1 -10 546.94 176.16 610.56 232.99 -1000 -1000 -1000 -10 -1 -1 -1
120 730 Pedestrian -1 -1 -10 546.34 175.78 609.91 232.76 -1000 -1000 -1000 -10 -1 -1 -1
121 730 Pedestrian -1 -1 -10 546.29 175.66 609.72 232.84 -1000 -1000 -1000 -10 -1 -1 -1
122 730 Pedestrian -1 -1 -10 547.66 175.32 611.04 232.48 -1000 -1000 -1000 -10 -1 -1 -1
123 730 Pedestrian -1 -1 -10 548.79 174.92 612.62 232.57 -1000 -1000 -1000 -10 -1 -1 -1
124 730 Pedestrian -1 -1 -10 550.51 175.05 614.60 232.94 -1000 -1000 -1000 -10 -1 -1 -1
125 730 Pedestrian -1 -1 -10 551.95 176.32 615.01 233.08 -1000 -1000 -1000 -10 -1 -1 -1
126 730 Pedestrian -1 -1 -10 552.56 176.49 616.97 234.43 -1000 -1000 -1000 -10 -1 -1 -1
127 730 Pedestrian -1 -1 -10 553.28 177.62 617.88 235.69 -1000 -1000 -1000 -10 -1 -1 -1
128 730 Pedestrian -1 -1 -10 553.12 178.02 618.27 236.70 -1000 -1000 -1000 -10 -1 -1 -1
129 730 Pedestrian -1 -1 -10 553.13 177.91 618.64 236.99 -1000 -1000 -1000 -10 -1 -1 -1
130 730 Pedestrian -1 -1 -10 553.38 178.53 618.46 237.25 -1000 -1000 -1000 -10 -1 -1 -1
131 730 Pedestrian -1 -1 -10 553.47 178.53 618.39 237.05 -1000 -1000 -1000 -10 -1 -1 -1
132 730 Pedestrian -1 -1 -10 552.95 178.76 617.94 237.35 -1000 -1000 -1000 -10 -1 -1 -1
133 730 Pedestrian -1 -1 -10 552.48 178.59 617.64 237.30 -1000 -1000 -1000 -10 -1 -1 -1
134 730 Pedestrian -1 -1 -10 551.78 178.39 617.08 237.22 -1000 -1000 -1000 -10 -1 -1 -1
135 730 Pedestrian -1 -1 -10 551.54 178.39 617.37 237.62 -1000 -1000 -1000 -10 -1 -1 -1
136 730 Pedestrian -1 -1 -10 551.64 178.11 617.64 237.52 -1000 -1000 -1000 -10 -1 -1 -1
137 730 Pedestrian -1 -1 -10 551.33 177.87 615.77 235.94 -1000 -1000 -1000 -10 -1 -1 -1
138 730 Pedestrian -1 -1 -10 550.62 177.46 615.67 236.14 -1000 -1000 -1000 -10 -1 -1 -1
144 730 Pedestrian -1 -1 -10 547.90 178.14 612.64 236.71 -1000 -1000 -1000 -10 -1 -1 -1
145 730 Pedestrian -1 -1 -10 546.78 177.56 611.05 235.96 -1000 -1000 -1000 -10 -1 -1 -1
146 730 Pedestrian -1 -1 -10 547.21 177.74 609.80 234.59 -1000 -1000 -1000 -10 -1 -1 -1
147 730 Pedestrian -1 -1 -10 546.02 177.32 608.78 234.50 -1000 -1000 -1000 -10 -1 -1 -1
148 730 Pedestrian -1 -1 -10 545.96 177.83 608.48 234.73 -1000 -1000 -1000 -10 -1 -1 -1
149 730 Pedestrian -1 -1 -10 545.62 178.37 607.81 234.94 -1000 -1000 -1000 -10 -1 -1 -1
150 730 Pedestrian -1 -1 -10 545.34 178.64 607.33 234.92 -1000 -1000 -1000 -10 -1 -1 -1
151 730 Pedestrian -1 -1 -10 546.87 179.24 605.70 232.28 -1000 -1000 -1000 -10 -1 -1 -1
152 730 Pedestrian -1 -1 -10 546.30 178.42 606.51 232.79 -1000 -1000 -1000 -10 -1 -1 -1
153 730 Pedestrian -1 -1 -10 546.71 178.44 608.00 233.91 -1000 -1000 -1000 -10 -1 -1 -1
154 730 Pedestrian -1 -1 -10 546.80 178.99 607.95 234.52 -1000 -1000 -1000 -10 -1 -1 -1
155 730 Pedestrian -1 -1 -10 547.91 179.20 607.08 232.99 -1000 -1000 -1000 -10 -1 -1 -1
155 778 Pedestrian -1 -1 -10 487.36 150.42 535.17 204.00 -1000 -1000 -1000 -10 -1 -1 -1
156 730 Pedestrian -1 -1 -10 550.44 179.35 606.75 230.30 -1000 -1000 -1000 -10 -1 -1 -1
156 778 Pedestrian -1 -1 -10 482.60 149.72 534.82 208.24 -1000 -1000 -1000 -10 -1 -1 -1
157 730 Pedestrian -1 -1 -10 550.93 178.84 608.55 230.85 -1000 -1000 -1000 -10 -1 -1 -1
157 778 Pedestrian -1 -1 -10 476.05 147.05 534.11 212.16 -1000 -1000 -1000 -10 -1 -1 -1
158 730 Pedestrian -1 -1 -10 551.37 178.64 609.76 231.45 -1000 -1000 -1000 -10 -1 -1 -1
158 778 Pedestrian -1 -1 -10 467.72 143.95 531.91 216.04 -1000 -1000 -1000 -10 -1 -1 -1
159 730 Pedestrian -1 -1 -10 552.45 178.30 610.50 230.63 -1000 -1000 -1000 -10 -1 -1 -1
160 730 Pedestrian -1 -1 -10 553.09 178.03 610.98 229.82 -1000 -1000 -1000 -10 -1 -1 -1
160 778 Pedestrian -1 -1 -10 449.83 140.41 524.16 223.40 -1000 -1000 -1000 -10 -1 -1 -1
161 730 Pedestrian -1 -1 -10 553.19 177.88 611.02 229.45 -1000 -1000 -1000 -10 -1 -1 -1
161 778 Pedestrian -1 -1 -10 426.19 135.80 511.27 229.50 -1000 -1000 -1000 -10 -1 -1 -1
162 730 Pedestrian -1 -1 -10 554.53 179.51 611.42 229.99 -1000 -1000 -1000 -10 -1 -1 -1
163 730 Pedestrian -1 -1 -10 554.86 180.50 610.34 229.58 -1000 -1000 -1000 -10 -1 -1 -1
164 730 Pedestrian -1 -1 -10 555.48 180.71 611.09 229.70 -1000 -1000 -1000 -10 -1 -1 -1
164 778 Pedestrian -1 -1 -10 354.00 120.48 483.07 258.29 -1000 -1000 -1000 -10 -1 -1 -1
165 730 Pedestrian -1 -1 -10 555.82 180.62 612.72 230.71 -1000 -1000 -1000 -10 -1 -1 -1
165 778 Pedestrian -1 -1 -10 313.40 111.44 471.66 275.62 -1000 -1000 -1000 -10 -1 -1 -1
166 730 Pedestrian -1 -1 -10 556.52 180.88 613.88 231.29 -1000 -1000 -1000 -10 -1 -1 -1
166 778 Pedestrian -1 -1 -10 250.20 96.87 451.86 300.61 -1000 -1000 -1000 -10 -1 -1 -1
167 730 Pedestrian -1 -1 -10 557.32 181.09 614.59 231.36 -1000 -1000 -1000 -10 -1 -1 -1
167 778 Pedestrian -1 -1 -10 136.36 72.81 411.66 340.04 -1000 -1000 -1000 -10 -1 -1 -1
168 730 Pedestrian -1 -1 -10 557.80 181.09 615.24 231.54 -1000 -1000 -1000 -10 -1 -1 -1
168 778 Pedestrian -1 -1 -10 57.95 30.35 399.53 359.68 -1000 -1000 -1000 -10 -1 -1 -1
169 730 Pedestrian -1 -1 -10 559.37 180.94 615.24 230.17 -1000 -1000 -1000 -10 -1 -1 -1
169 778 Pedestrian -1 -1 -10 5.53 11.39 371.91 368.13 -1000 -1000 -1000 -10 -1 -1 -1
170 730 Pedestrian -1 -1 -10 560.73 180.59 615.24 228.60 -1000 -1000 -1000 -10 -1 -1 -1
171 730 Pedestrian -1 -1 -10 561.13 180.50 616.06 228.91 -1000 -1000 -1000 -10 -1 -1 -1
172 730 Pedestrian -1 -1 -10 562.48 180.58 616.75 228.38 -1000 -1000 -1000 -10 -1 -1 -1
172 781 Pedestrian -1 -1 -10 283.71 181.31 325.96 202.67 -1000 -1000 -1000 -10 -1 -1 -1
173 730 Pedestrian -1 -1 -10 562.66 179.70 617.84 228.43 -1000 -1000 -1000 -10 -1 -1 -1
173 781 Pedestrian -1 -1 -10 276.79 182.02 317.69 202.70 -1000 -1000 -1000 -10 -1 -1 -1
174 730 Pedestrian -1 -1 -10 564.06 179.95 618.16 227.70 -1000 -1000 -1000 -10 -1 -1 -1
174 781 Pedestrian -1 -1 -10 266.93 183.00 308.99 204.41 -1000 -1000 -1000 -10 -1 -1 -1
174 784 Pedestrian -1 -1 -10 1013.32 197.25 1100.14 234.02 -1000 -1000 -1000 -10 -1 -1 -1
175 730 Pedestrian -1 -1 -10 566.16 179.67 618.85 225.95 -1000 -1000 -1000 -10 -1 -1 -1
176 730 Pedestrian -1 -1 -10 567.59 180.30 619.00 225.35 -1000 -1000 -1000 -10 -1 -1 -1
176 786 Pedestrian -1 -1 -10 519.05 184.05 550.03 203.75 -1000 -1000 -1000 -10 -1 -1 -1
177 730 Pedestrian -1 -1 -10 568.18 180.09 619.81 225.30 -1000 -1000 -1000 -10 -1 -1 -1
177 786 Pedestrian -1 -1 -10 514.35 184.79 547.50 205.90 -1000 -1000 -1000 -10 -1 -1 -1
178 730 Pedestrian -1 -1 -10 568.99 180.32 619.95 224.88 -1000 -1000 -1000 -10 -1 -1 -1
178 786 Pedestrian -1 -1 -10 509.39 184.71 546.52 208.52 -1000 -1000 -1000 -10 -1 -1 -1
179 730 Pedestrian -1 -1 -10 569.11 180.69 620.56 225.86 -1000 -1000 -1000 -10 -1 -1 -1
179 786 Pedestrian -1 -1 -10 503.05 183.30 544.35 209.97 -1000 -1000 -1000 -10 -1 -1 -1
180 730 Pedestrian -1 -1 -10 570.22 180.63 620.43 224.58 -1000 -1000 -1000 -10 -1 -1 -1
180 786 Pedestrian -1 -1 -10 495.43 181.73 540.67 211.18 -1000 -1000 -1000 -10 -1 -1 -1
180 792 Pedestrian -1 -1 -10 538.05 180.14 570.44 198.57 -1000 -1000 -1000 -10 -1 -1 -1
180 781 Pedestrian -1 -1 -10 231.11 182.26 275.16 204.06 -1000 -1000 -1000 -10 -1 -1 -1
181 730 Pedestrian -1 -1 -10 569.86 178.87 621.87 224.66 -1000 -1000 -1000 -10 -1 -1 -1
181 786 Pedestrian -1 -1 -10 488.30 180.46 537.57 212.86 -1000 -1000 -1000 -10 -1 -1 -1
181 792 Pedestrian -1 -1 -10 536.38 179.81 570.00 198.91 -1000 -1000 -1000 -10 -1 -1 -1
181 793 Pedestrian -1 -1 -10 143.59 175.87 217.79 208.42 -1000 -1000 -1000 -10 -1 -1 -1
182 730 Pedestrian -1 -1 -10 571.27 179.22 622.47 224.60 -1000 -1000 -1000 -10 -1 -1 -1
182 786 Pedestrian -1 -1 -10 480.33 180.33 531.77 214.48 -1000 -1000 -1000 -10 -1 -1 -1
182 792 Pedestrian -1 -1 -10 534.85 179.83 568.90 199.17 -1000 -1000 -1000 -10 -1 -1 -1
182 793 Pedestrian -1 -1 -10 128.52 175.57 209.82 211.22 -1000 -1000 -1000 -10 -1 -1 -1
182 795 Pedestrian -1 -1 -10 1126.30 202.00 1238.12 238.49 -1000 -1000 -1000 -10 -1 -1 -1
183 730 Pedestrian -1 -1 -10 572.40 179.62 622.71 224.45 -1000 -1000 -1000 -10 -1 -1 -1
183 786 Pedestrian -1 -1 -10 470.06 179.61 528.70 219.11 -1000 -1000 -1000 -10 -1 -1 -1
183 792 Pedestrian -1 -1 -10 531.46 180.12 566.20 199.98 -1000 -1000 -1000 -10 -1 -1 -1
183 793 Pedestrian -1 -1 -10 108.77 175.30 194.32 212.87 -1000 -1000 -1000 -10 -1 -1 -1
183 795 Pedestrian -1 -1 -10 1136.80 203.41 1251.05 240.86 -1000 -1000 -1000 -10 -1 -1 -1
184 730 Pedestrian -1 -1 -10 573.34 179.91 622.98 224.48 -1000 -1000 -1000 -10 -1 -1 -1
184 786 Pedestrian -1 -1 -10 458.49 179.92 522.36 223.54 -1000 -1000 -1000 -10 -1 -1 -1
184 792 Pedestrian -1 -1 -10 528.07 180.20 563.85 200.79 -1000 -1000 -1000 -10 -1 -1 -1
184 795 Pedestrian -1 -1 -10 1155.53 208.84 1258.05 242.79 -1000 -1000 -1000 -10 -1 -1 -1
185 730 Pedestrian -1 -1 -10 574.14 179.43 623.74 224.22 -1000 -1000 -1000 -10 -1 -1 -1
185 786 Pedestrian -1 -1 -10 445.05 180.37 514.06 227.90 -1000 -1000 -1000 -10 -1 -1 -1
185 792 Pedestrian -1 -1 -10 525.63 180.10 562.21 201.26 -1000 -1000 -1000 -10 -1 -1 -1
185 793 Pedestrian -1 -1 -10 63.60 175.64 153.69 215.67 -1000 -1000 -1000 -10 -1 -1 -1
186 730 Pedestrian -1 -1 -10 575.22 179.37 624.62 224.13 -1000 -1000 -1000 -10 -1 -1 -1
186 786 Pedestrian -1 -1 -10 429.27 180.87 505.46 233.58 -1000 -1000 -1000 -10 -1 -1 -1
186 792 Pedestrian -1 -1 -10 521.83 180.33 559.38 202.18 -1000 -1000 -1000 -10 -1 -1 -1
186 797 Pedestrian -1 -1 -10 -8.36 182.15 50.61 225.89 -1000 -1000 -1000 -10 -1 -1 -1
186 793 Pedestrian -1 -1 -10 41.68 179.34 123.19 216.17 -1000 -1000 -1000 -10 -1 -1 -1
186 781 Pedestrian -1 -1 -10 166.11 181.30 225.22 209.66 -1000 -1000 -1000 -10 -1 -1 -1
187 730 Pedestrian -1 -1 -10 576.02 179.06 626.20 224.56 -1000 -1000 -1000 -10 -1 -1 -1
187 786 Pedestrian -1 -1 -10 405.12 181.34 492.63 242.30 -1000 -1000 -1000 -10 -1 -1 -1
187 792 Pedestrian -1 -1 -10 518.69 181.57 557.47 204.21 -1000 -1000 -1000 -10 -1 -1 -1
187 801 Pedestrian -1 -1 -10 215.78 182.40 278.39 209.35 -1000 -1000 -1000 -10 -1 -1 -1
188 730 Pedestrian -1 -1 -10 577.10 180.00 626.24 224.51 -1000 -1000 -1000 -10 -1 -1 -1
188 786 Pedestrian -1 -1 -10 374.39 182.71 476.85 253.94 -1000 -1000 -1000 -10 -1 -1 -1
188 792 Pedestrian -1 -1 -10 511.84 182.44 555.03 207.90 -1000 -1000 -1000 -10 -1 -1 -1
188 801 Pedestrian -1 -1 -10 209.12 183.17 272.25 210.33 -1000 -1000 -1000 -10 -1 -1 -1
188 781 Pedestrian -1 -1 -10 133.82 180.97 205.57 214.78 -1000 -1000 -1000 -10 -1 -1 -1
189 730 Pedestrian -1 -1 -10 578.09 181.29 626.38 224.92 -1000 -1000 -1000 -10 -1 -1 -1
189 786 Pedestrian -1 -1 -10 331.06 184.81 456.07 271.76 -1000 -1000 -1000 -10 -1 -1 -1
189 792 Pedestrian -1 -1 -10 506.74 183.19 552.52 210.34 -1000 -1000 -1000 -10 -1 -1 -1
189 801 Pedestrian -1 -1 -10 199.99 183.93 262.70 210.85 -1000 -1000 -1000 -10 -1 -1 -1
189 781 Pedestrian -1 -1 -10 120.10 184.37 191.22 216.61 -1000 -1000 -1000 -10 -1 -1 -1
189 793 Pedestrian -1 -1 -10 1.52 179.87 103.42 225.93 -1000 -1000 -1000 -10 -1 -1 -1
190 730 Pedestrian -1 -1 -10 578.51 180.80 627.37 224.99 -1000 -1000 -1000 -10 -1 -1 -1
190 786 Pedestrian -1 -1 -10 268.28 187.60 426.19 296.81 -1000 -1000 -1000 -10 -1 -1 -1
190 792 Pedestrian -1 -1 -10 497.41 183.89 549.13 214.86 -1000 -1000 -1000 -10 -1 -1 -1
190 801 Pedestrian -1 -1 -10 189.74 185.07 255.99 213.55 -1000 -1000 -1000 -10 -1 -1 -1
190 781 Pedestrian -1 -1 -10 102.12 186.32 177.65 219.58 -1000 -1000 -1000 -10 -1 -1 -1
190 793 Pedestrian -1 -1 -10 -11.37 181.50 93.90 229.88 -1000 -1000 -1000 -10 -1 -1 -1
191 730 Pedestrian -1 -1 -10 579.81 181.09 627.83 224.41 -1000 -1000 -1000 -10 -1 -1 -1
191 792 Pedestrian -1 -1 -10 487.54 183.59 546.12 219.16 -1000 -1000 -1000 -10 -1 -1 -1
191 781 Pedestrian -1 -1 -10 84.81 188.70 164.41 222.47 -1000 -1000 -1000 -10 -1 -1 -1
191 793 Pedestrian -1 -1 -10 -21.03 183.07 82.88 232.39 -1000 -1000 -1000 -10 -1 -1 -1
192 730 Pedestrian -1 -1 -10 580.51 180.56 629.19 224.46 -1000 -1000 -1000 -10 -1 -1 -1
192 792 Pedestrian -1 -1 -10 478.46 183.23 543.31 223.17 -1000 -1000 -1000 -10 -1 -1 -1
192 808 Pedestrian -1 -1 -10 4.87 195.01 299.00 370.36 -1000 -1000 -1000 -10 -1 -1 -1
193 730 Pedestrian -1 -1 -10 582.25 181.02 630.10 224.14 -1000 -1000 -1000 -10 -1 -1 -1
193 792 Pedestrian -1 -1 -10 467.50 183.72 536.86 226.80 -1000 -1000 -1000 -10 -1 -1 -1
193 801 Pedestrian -1 -1 -10 150.47 187.96 220.18 217.69 -1000 -1000 -1000 -10 -1 -1 -1
193 781 Pedestrian -1 -1 -10 42.09 188.63 133.30 226.07 -1000 -1000 -1000 -10 -1 -1 -1
194 730 Pedestrian -1 -1 -10 583.49 180.43 631.20 223.61 -1000 -1000 -1000 -10 -1 -1 -1
194 792 Pedestrian -1 -1 -10 454.69 183.94 530.52 231.46 -1000 -1000 -1000 -10 -1 -1 -1
194 801 Pedestrian -1 -1 -10 135.41 188.50 208.72 219.46 -1000 -1000 -1000 -10 -1 -1 -1
194 781 Pedestrian -1 -1 -10 17.56 187.75 116.18 227.18 -1000 -1000 -1000 -10 -1 -1 -1
195 730 Pedestrian -1 -1 -10 584.62 180.67 632.02 223.66 -1000 -1000 -1000 -10 -1 -1 -1
195 792 Pedestrian -1 -1 -10 437.20 185.67 520.78 238.31 -1000 -1000 -1000 -10 -1 -1 -1
195 801 Pedestrian -1 -1 -10 116.92 188.05 195.42 220.86 -1000 -1000 -1000 -10 -1 -1 -1
195 781 Pedestrian -1 -1 -10 0.00 187.05 103.53 228.71 -1000 -1000 -1000 -10 -1 -1 -1
196 730 Pedestrian -1 -1 -10 586.08 180.67 632.86 223.09 -1000 -1000 -1000 -10 -1 -1 -1
196 792 Pedestrian -1 -1 -10 413.04 186.20 508.79 246.48 -1000 -1000 -1000 -10 -1 -1 -1
196 801 Pedestrian -1 -1 -10 99.96 187.35 181.74 221.26 -1000 -1000 -1000 -10 -1 -1 -1
196 781 Pedestrian -1 -1 -10 -13.09 185.99 91.85 229.55 -1000 -1000 -1000 -10 -1 -1 -1
196 810 Pedestrian -1 -1 -10 540.76 179.73 568.40 200.10 -1000 -1000 -1000 -10 -1 -1 -1
197 730 Pedestrian -1 -1 -10 586.91 180.81 633.12 222.64 -1000 -1000 -1000 -10 -1 -1 -1
197 792 Pedestrian -1 -1 -10 380.49 187.04 494.31 258.49 -1000 -1000 -1000 -10 -1 -1 -1
197 801 Pedestrian -1 -1 -10 78.37 185.56 166.52 221.85 -1000 -1000 -1000 -10 -1 -1 -1
197 810 Pedestrian -1 -1 -10 538.95 179.98 566.45 200.20 -1000 -1000 -1000 -10 -1 -1 -1
197 797 Pedestrian -1 -1 -10 -1.90 182.51 59.20 228.18 -1000 -1000 -1000 -10 -1 -1 -1
198 730 Pedestrian -1 -1 -10 587.68 180.99 633.33 222.36 -1000 -1000 -1000 -10 -1 -1 -1
198 792 Pedestrian -1 -1 -10 334.90 187.80 475.13 275.34 -1000 -1000 -1000 -10 -1 -1 -1
198 801 Pedestrian -1 -1 -10 53.45 184.15 148.85 223.04 -1000 -1000 -1000 -10 -1 -1 -1
198 810 Pedestrian -1 -1 -10 537.22 180.16 564.49 200.14 -1000 -1000 -1000 -10 -1 -1 -1
198 797 Pedestrian -1 -1 -10 -5.71 188.52 44.65 227.75 -1000 -1000 -1000 -10 -1 -1 -1
199 730 Pedestrian -1 -1 -10 588.03 180.82 633.96 222.59 -1000 -1000 -1000 -10 -1 -1 -1
199 801 Pedestrian -1 -1 -10 26.36 183.85 129.08 225.22 -1000 -1000 -1000 -10 -1 -1 -1
199 810 Pedestrian -1 -1 -10 532.08 180.38 561.51 201.92 -1000 -1000 -1000 -10 -1 -1 -1
199 786 Pedestrian -1 -1 -10 223.96 194.72 410.41 318.28 -1000 -1000 -1000 -10 -1 -1 -1
200 730 Pedestrian -1 -1 -10 587.86 180.40 633.99 222.44 -1000 -1000 -1000 -10 -1 -1 -1
200 801 Pedestrian -1 -1 -10 3.67 186.03 112.17 229.81 -1000 -1000 -1000 -10 -1 -1 -1
200 810 Pedestrian -1 -1 -10 526.69 180.77 559.19 204.56 -1000 -1000 -1000 -10 -1 -1 -1
200 808 Pedestrian -1 -1 -10 51.74 198.37 353.10 373.88 -1000 -1000 -1000 -10 -1 -1 -1
201 730 Pedestrian -1 -1 -10 587.32 180.52 632.37 221.44 -1000 -1000 -1000 -10 -1 -1 -1
201 810 Pedestrian -1 -1 -10 520.33 180.64 557.04 207.54 -1000 -1000 -1000 -10 -1 -1 -1
201 808 Pedestrian -1 -1 -10 25.48 204.51 320.21 374.79 -1000 -1000 -1000 -10 -1 -1 -1
202 730 Pedestrian -1 -1 -10 588.11 179.85 631.78 219.41 -1000 -1000 -1000 -10 -1 -1 -1
202 810 Pedestrian -1 -1 -10 514.04 180.51 552.72 208.82 -1000 -1000 -1000 -10 -1 -1 -1
202 797 Pedestrian -1 -1 -10 -0.80 185.46 57.58 231.02 -1000 -1000 -1000 -10 -1 -1 -1
203 730 Pedestrian -1 -1 -10 588.20 178.39 630.35 216.48 -1000 -1000 -1000 -10 -1 -1 -1
203 810 Pedestrian -1 -1 -10 507.31 179.74 548.39 209.53 -1000 -1000 -1000 -10 -1 -1 -1
204 730 Pedestrian -1 -1 -10 588.53 177.75 629.61 214.68 -1000 -1000 -1000 -10 -1 -1 -1
204 810 Pedestrian -1 -1 -10 497.49 178.70 544.65 212.92 -1000 -1000 -1000 -10 -1 -1 -1
205 730 Pedestrian -1 -1 -10 587.83 177.42 629.35 214.71 -1000 -1000 -1000 -10 -1 -1 -1
205 810 Pedestrian -1 -1 -10 487.59 178.11 539.99 216.09 -1000 -1000 -1000 -10 -1 -1 -1
206 730 Pedestrian -1 -1 -10 587.12 175.17 631.40 214.99 -1000 -1000 -1000 -10 -1 -1 -1
206 810 Pedestrian -1 -1 -10 475.30 176.80 534.99 220.17 -1000 -1000 -1000 -10 -1 -1 -1
207 730 Pedestrian -1 -1 -10 587.09 172.37 632.04 212.99 -1000 -1000 -1000 -10 -1 -1 -1
207 810 Pedestrian -1 -1 -10 460.69 175.91 527.45 224.10 -1000 -1000 -1000 -10 -1 -1 -1
207 814 Pedestrian -1 -1 -10 533.67 175.50 568.24 199.08 -1000 -1000 -1000 -10 -1 -1 -1
208 730 Pedestrian -1 -1 -10 588.80 173.33 632.38 212.66 -1000 -1000 -1000 -10 -1 -1 -1
208 810 Pedestrian -1 -1 -10 443.63 176.48 518.09 230.07 -1000 -1000 -1000 -10 -1 -1 -1
208 814 Pedestrian -1 -1 -10 530.36 177.30 564.05 200.33 -1000 -1000 -1000 -10 -1 -1 -1
209 730 Pedestrian -1 -1 -10 588.55 177.60 631.21 215.93 -1000 -1000 -1000 -10 -1 -1 -1
209 810 Pedestrian -1 -1 -10 418.41 178.29 505.81 240.66 -1000 -1000 -1000 -10 -1 -1 -1
209 814 Pedestrian -1 -1 -10 524.73 182.43 559.28 206.06 -1000 -1000 -1000 -10 -1 -1 -1
210 730 Pedestrian -1 -1 -10 589.03 179.31 632.54 218.37 -1000 -1000 -1000 -10 -1 -1 -1
210 810 Pedestrian -1 -1 -10 386.42 179.79 490.54 253.57 -1000 -1000 -1000 -10 -1 -1 -1
210 814 Pedestrian -1 -1 -10 518.20 183.13 557.18 209.94 -1000 -1000 -1000 -10 -1 -1 -1
211 730 Pedestrian -1 -1 -10 589.19 180.43 632.10 218.70 -1000 -1000 -1000 -10 -1 -1 -1
211 810 Pedestrian -1 -1 -10 339.32 180.21 470.74 272.92 -1000 -1000 -1000 -10 -1 -1 -1
211 814 Pedestrian -1 -1 -10 510.65 183.16 552.96 212.32 -1000 -1000 -1000 -10 -1 -1 -1
212 730 Pedestrian -1 -1 -10 589.07 180.11 631.57 218.00 -1000 -1000 -1000 -10 -1 -1 -1
212 814 Pedestrian -1 -1 -10 501.30 182.31 549.27 215.55 -1000 -1000 -1000 -10 -1 -1 -1
212 792 Pedestrian -1 -1 -10 212.68 180.03 432.42 317.10 -1000 -1000 -1000 -10 -1 -1 -1
213 730 Pedestrian -1 -1 -10 589.49 178.65 632.39 216.94 -1000 -1000 -1000 -10 -1 -1 -1
213 814 Pedestrian -1 -1 -10 491.18 181.23 544.20 218.13 -1000 -1000 -1000 -10 -1 -1 -1
213 808 Pedestrian -1 -1 -10 31.44 183.35 365.15 373.30 -1000 -1000 -1000 -10 -1 -1 -1
214 730 Pedestrian -1 -1 -10 589.58 177.68 632.58 215.92 -1000 -1000 -1000 -10 -1 -1 -1
214 814 Pedestrian -1 -1 -10 477.34 179.23 540.09 223.32 -1000 -1000 -1000 -10 -1 -1 -1
214 808 Pedestrian -1 -1 -10 -1.78 186.08 319.32 373.23 -1000 -1000 -1000 -10 -1 -1 -1
215 730 Pedestrian -1 -1 -10 588.60 177.41 631.88 215.84 -1000 -1000 -1000 -10 -1 -1 -1
215 814 Pedestrian -1 -1 -10 460.61 178.77 531.62 229.04 -1000 -1000 -1000 -10 -1 -1 -1
216 730 Pedestrian -1 -1 -10 588.53 178.33 631.65 216.74 -1000 -1000 -1000 -10 -1 -1 -1
216 814 Pedestrian -1 -1 -10 441.06 178.44 522.47 236.50 -1000 -1000 -1000 -10 -1 -1 -1
216 817 Pedestrian -1 -1 -10 378.18 173.00 409.41 194.47 -1000 -1000 -1000 -10 -1 -1 -1
217 730 Pedestrian -1 -1 -10 588.88 179.19 630.91 216.66 -1000 -1000 -1000 -10 -1 -1 -1
217 814 Pedestrian -1 -1 -10 416.07 180.14 508.41 246.11 -1000 -1000 -1000 -10 -1 -1 -1
217 817 Pedestrian -1 -1 -10 375.17 173.74 405.27 194.44 -1000 -1000 -1000 -10 -1 -1 -1
217 818 Pedestrian -1 -1 -10 536.25 181.30 565.40 203.24 -1000 -1000 -1000 -10 -1 -1 -1
218 730 Pedestrian -1 -1 -10 589.51 180.69 630.64 217.25 -1000 -1000 -1000 -10 -1 -1 -1
218 814 Pedestrian -1 -1 -10 383.88 182.17 493.08 259.86 -1000 -1000 -1000 -10 -1 -1 -1
218 817 Pedestrian -1 -1 -10 370.91 174.61 402.14 196.08 -1000 -1000 -1000 -10 -1 -1 -1
218 818 Pedestrian -1 -1 -10 531.81 182.00 564.30 206.48 -1000 -1000 -1000 -10 -1 -1 -1
219 730 Pedestrian -1 -1 -10 589.43 181.46 632.07 219.37 -1000 -1000 -1000 -10 -1 -1 -1
219 818 Pedestrian -1 -1 -10 525.90 183.06 560.88 209.45 -1000 -1000 -1000 -10 -1 -1 -1
219 810 Pedestrian -1 -1 -10 301.80 183.76 458.38 293.83 -1000 -1000 -1000 -10 -1 -1 -1
220 730 Pedestrian -1 -1 -10 589.24 182.47 632.50 220.99 -1000 -1000 -1000 -10 -1 -1 -1
220 818 Pedestrian -1 -1 -10 518.82 182.51 559.91 213.60 -1000 -1000 -1000 -10 -1 -1 -1
220 792 Pedestrian -1 -1 -10 186.53 189.40 421.37 335.72 -1000 -1000 -1000 -10 -1 -1 -1
221 730 Pedestrian -1 -1 -10 589.16 182.01 632.93 221.14 -1000 -1000 -1000 -10 -1 -1 -1
221 818 Pedestrian -1 -1 -10 512.10 183.76 556.27 217.24 -1000 -1000 -1000 -10 -1 -1 -1
221 808 Pedestrian -1 -1 -10 16.88 192.41 338.06 374.74 -1000 -1000 -1000 -10 -1 -1 -1
221 817 Pedestrian -1 -1 -10 356.54 178.35 387.96 199.79 -1000 -1000 -1000 -10 -1 -1 -1
222 730 Pedestrian -1 -1 -10 588.64 182.03 631.96 220.82 -1000 -1000 -1000 -10 -1 -1 -1
222 818 Pedestrian -1 -1 -10 504.81 184.61 551.32 219.89 -1000 -1000 -1000 -10 -1 -1 -1
222 808 Pedestrian -1 -1 -10 -17.06 196.20 278.82 372.03 -1000 -1000 -1000 -10 -1 -1 -1
222 817 Pedestrian -1 -1 -10 351.81 178.56 383.27 199.85 -1000 -1000 -1000 -10 -1 -1 -1
223 730 Pedestrian -1 -1 -10 589.52 182.32 631.00 219.43 -1000 -1000 -1000 -10 -1 -1 -1
223 818 Pedestrian -1 -1 -10 494.19 184.65 546.52 224.39 -1000 -1000 -1000 -10 -1 -1 -1
224 730 Pedestrian -1 -1 -10 590.22 182.08 631.59 218.96 -1000 -1000 -1000 -10 -1 -1 -1
224 818 Pedestrian -1 -1 -10 484.18 184.16 542.20 228.25 -1000 -1000 -1000 -10 -1 -1 -1
224 817 Pedestrian -1 -1 -10 339.20 176.74 374.03 200.05 -1000 -1000 -1000 -10 -1 -1 -1
225 730 Pedestrian -1 -1 -10 590.73 180.68 631.53 216.89 -1000 -1000 -1000 -10 -1 -1 -1
225 818 Pedestrian -1 -1 -10 469.85 185.27 534.57 234.42 -1000 -1000 -1000 -10 -1 -1 -1
225 817 Pedestrian -1 -1 -10 332.60 175.42 369.59 200.11 -1000 -1000 -1000 -10 -1 -1 -1
226 730 Pedestrian -1 -1 -10 590.56 179.17 632.42 216.30 -1000 -1000 -1000 -10 -1 -1 -1
226 818 Pedestrian -1 -1 -10 451.23 185.59 525.23 241.54 -1000 -1000 -1000 -10 -1 -1 -1
226 817 Pedestrian -1 -1 -10 325.49 174.91 363.78 200.36 -1000 -1000 -1000 -10 -1 -1 -1
226 820 Pedestrian -1 -1 -10 549.87 179.31 575.43 199.04 -1000 -1000 -1000 -10 -1 -1 -1
227 730 Pedestrian -1 -1 -10 590.40 178.60 631.89 215.27 -1000 -1000 -1000 -10 -1 -1 -1
227 818 Pedestrian -1 -1 -10 427.15 184.17 515.35 250.80 -1000 -1000 -1000 -10 -1 -1 -1
227 817 Pedestrian -1 -1 -10 318.62 174.56 358.12 200.55 -1000 -1000 -1000 -10 -1 -1 -1
227 820 Pedestrian -1 -1 -10 547.01 179.75 573.31 199.97 -1000 -1000 -1000 -10 -1 -1 -1
228 730 Pedestrian -1 -1 -10 590.62 178.25 632.13 214.79 -1000 -1000 -1000 -10 -1 -1 -1
228 818 Pedestrian -1 -1 -10 393.64 186.42 498.24 264.81 -1000 -1000 -1000 -10 -1 -1 -1
228 817 Pedestrian -1 -1 -10 310.93 174.51 351.07 200.72 -1000 -1000 -1000 -10 -1 -1 -1
228 820 Pedestrian -1 -1 -10 543.70 179.82 571.47 201.10 -1000 -1000 -1000 -10 -1 -1 -1
229 730 Pedestrian -1 -1 -10 590.01 179.60 630.87 215.52 -1000 -1000 -1000 -10 -1 -1 -1
229 817 Pedestrian -1 -1 -10 301.46 174.45 344.36 202.30 -1000 -1000 -1000 -10 -1 -1 -1
229 820 Pedestrian -1 -1 -10 538.70 181.49 567.51 203.43 -1000 -1000 -1000 -10 -1 -1 -1
229 814 Pedestrian -1 -1 -10 309.32 193.93 462.54 301.48 -1000 -1000 -1000 -10 -1 -1 -1
230 730 Pedestrian -1 -1 -10 589.71 178.47 630.91 214.47 -1000 -1000 -1000 -10 -1 -1 -1
230 820 Pedestrian -1 -1 -10 531.66 180.28 564.02 204.83 -1000 -1000 -1000 -10 -1 -1 -1
230 792 Pedestrian -1 -1 -10 182.10 194.68 430.79 349.24 -1000 -1000 -1000 -10 -1 -1 -1
231 730 Pedestrian -1 -1 -10 589.43 178.68 629.97 213.86 -1000 -1000 -1000 -10 -1 -1 -1
231 820 Pedestrian -1 -1 -10 523.22 180.07 560.00 207.87 -1000 -1000 -1000 -10 -1 -1 -1
231 808 Pedestrian -1 -1 -10 28.58 203.45 331.48 374.06 -1000 -1000 -1000 -10 -1 -1 -1
231 817 Pedestrian -1 -1 -10 281.71 173.59 327.96 203.40 -1000 -1000 -1000 -10 -1 -1 -1
232 730 Pedestrian -1 -1 -10 587.44 179.37 628.06 214.65 -1000 -1000 -1000 -10 -1 -1 -1
232 820 Pedestrian -1 -1 -10 516.64 180.73 556.13 210.57 -1000 -1000 -1000 -10 -1 -1 -1
232 808 Pedestrian -1 -1 -10 1.09 220.90 262.30 371.48 -1000 -1000 -1000 -10 -1 -1 -1
232 817 Pedestrian -1 -1 -10 269.63 174.31 318.64 205.81 -1000 -1000 -1000 -10 -1 -1 -1
233 730 Pedestrian -1 -1 -10 586.35 180.75 626.68 215.77 -1000 -1000 -1000 -10 -1 -1 -1
233 820 Pedestrian -1 -1 -10 508.07 181.31 551.65 214.34 -1000 -1000 -1000 -10 -1 -1 -1
233 817 Pedestrian -1 -1 -10 257.82 174.82 308.55 207.13 -1000 -1000 -1000 -10 -1 -1 -1
234 730 Pedestrian -1 -1 -10 584.14 177.99 625.97 214.41 -1000 -1000 -1000 -10 -1 -1 -1
234 820 Pedestrian -1 -1 -10 498.62 180.04 546.91 216.66 -1000 -1000 -1000 -10 -1 -1 -1
234 817 Pedestrian -1 -1 -10 245.46 173.72 297.48 206.77 -1000 -1000 -1000 -10 -1 -1 -1
235 730 Pedestrian -1 -1 -10 581.99 175.86 624.93 213.40 -1000 -1000 -1000 -10 -1 -1 -1
235 820 Pedestrian -1 -1 -10 487.07 180.02 540.27 220.17 -1000 -1000 -1000 -10 -1 -1 -1
235 817 Pedestrian -1 -1 -10 231.70 172.37 285.72 206.35 -1000 -1000 -1000 -10 -1 -1 -1
236 730 Pedestrian -1 -1 -10 581.08 175.02 624.53 213.27 -1000 -1000 -1000 -10 -1 -1 -1
236 820 Pedestrian -1 -1 -10 473.00 180.15 532.72 225.14 -1000 -1000 -1000 -10 -1 -1 -1
236 817 Pedestrian -1 -1 -10 216.63 172.19 273.77 207.89 -1000 -1000 -1000 -10 -1 -1 -1
237 820 Pedestrian -1 -1 -10 456.83 180.87 522.77 230.30 -1000 -1000 -1000 -10 -1 -1 -1
237 817 Pedestrian -1 -1 -10 201.00 172.78 261.02 209.81 -1000 -1000 -1000 -10 -1 -1 -1
238 820 Pedestrian -1 -1 -10 433.46 181.11 510.26 237.99 -1000 -1000 -1000 -10 -1 -1 -1
238 817 Pedestrian -1 -1 -10 184.13 172.70 248.33 211.88 -1000 -1000 -1000 -10 -1 -1 -1
238 730 Pedestrian -1 -1 -10 580.37 174.55 623.84 213.15 -1000 -1000 -1000 -10 -1 -1 -1
239 820 Pedestrian -1 -1 -10 403.97 180.70 498.34 250.31 -1000 -1000 -1000 -10 -1 -1 -1
239 817 Pedestrian -1 -1 -10 166.44 172.92 233.87 213.38 -1000 -1000 -1000 -10 -1 -1 -1
240 820 Pedestrian -1 -1 -10 362.18 181.61 477.50 265.75 -1000 -1000 -1000 -10 -1 -1 -1
240 817 Pedestrian -1 -1 -10 147.64 173.18 219.44 215.65 -1000 -1000 -1000 -10 -1 -1 -1
241 817 Pedestrian -1 -1 -10 126.78 173.35 202.81 217.64 -1000 -1000 -1000 -10 -1 -1 -1
241 814 Pedestrian -1 -1 -10 249.90 184.76 434.56 311.17 -1000 -1000 -1000 -10 -1 -1 -1
242 817 Pedestrian -1 -1 -10 103.95 174.22 185.48 220.92 -1000 -1000 -1000 -10 -1 -1 -1
242 822 Pedestrian -1 -1 -10 514.69 153.63 565.48 203.03 -1000 -1000 -1000 -10 -1 -1 -1
242 792 Pedestrian -1 -1 -10 93.16 189.16 387.79 367.96 -1000 -1000 -1000 -10 -1 -1 -1
243 822 Pedestrian -1 -1 -10 507.50 150.69 564.54 206.24 -1000 -1000 -1000 -10 -1 -1 -1
243 792 Pedestrian -1 -1 -10 31.85 191.75 330.48 371.92 -1000 -1000 -1000 -10 -1 -1 -1
244 822 Pedestrian -1 -1 -10 500.57 148.86 561.67 208.44 -1000 -1000 -1000 -10 -1 -1 -1
244 730 Pedestrian -1 -1 -10 581.94 174.45 623.64 212.34 -1000 -1000 -1000 -10 -1 -1 -1
244 817 Pedestrian -1 -1 -10 51.52 174.73 142.65 225.82 -1000 -1000 -1000 -10 -1 -1 -1
245 822 Pedestrian -1 -1 -10 492.40 145.79 559.87 211.81 -1000 -1000 -1000 -10 -1 -1 -1
245 824 Pedestrian -1 -1 -10 378.32 180.78 406.82 197.42 -1000 -1000 -1000 -10 -1 -1 -1
245 730 Pedestrian -1 -1 -10 582.98 174.84 623.48 212.51 -1000 -1000 -1000 -10 -1 -1 -1
246 822 Pedestrian -1 -1 -10 483.27 146.10 554.43 215.64 -1000 -1000 -1000 -10 -1 -1 -1
246 824 Pedestrian -1 -1 -10 373.60 180.09 402.89 197.17 -1000 -1000 -1000 -10 -1 -1 -1
246 730 Pedestrian -1 -1 -10 582.49 175.49 622.13 212.52 -1000 -1000 -1000 -10 -1 -1 -1
246 817 Pedestrian -1 -1 -10 2.88 174.10 103.00 230.81 -1000 -1000 -1000 -10 -1 -1 -1
247 822 Pedestrian -1 -1 -10 469.22 139.67 550.45 219.17 -1000 -1000 -1000 -10 -1 -1 -1
247 824 Pedestrian -1 -1 -10 368.16 180.40 397.20 197.33 -1000 -1000 -1000 -10 -1 -1 -1
247 730 Pedestrian -1 -1 -10 581.51 176.79 620.72 213.15 -1000 -1000 -1000 -10 -1 -1 -1
247 817 Pedestrian -1 -1 -10 -14.03 175.78 82.16 232.46 -1000 -1000 -1000 -10 -1 -1 -1
248 822 Pedestrian -1 -1 -10 455.47 133.84 547.95 224.27 -1000 -1000 -1000 -10 -1 -1 -1
248 824 Pedestrian -1 -1 -10 362.33 181.18 392.03 198.45 -1000 -1000 -1000 -10 -1 -1 -1
248 730 Pedestrian -1 -1 -10 582.74 180.11 619.72 213.93 -1000 -1000 -1000 -10 -1 -1 -1
249 822 Pedestrian -1 -1 -10 432.86 129.37 538.30 231.70 -1000 -1000 -1000 -10 -1 -1 -1
249 824 Pedestrian -1 -1 -10 356.82 182.38 386.34 199.49 -1000 -1000 -1000 -10 -1 -1 -1
249 730 Pedestrian -1 -1 -10 582.60 180.60 620.52 215.38 -1000 -1000 -1000 -10 -1 -1 -1
250 822 Pedestrian -1 -1 -10 409.66 122.85 529.90 239.55 -1000 -1000 -1000 -10 -1 -1 -1
250 824 Pedestrian -1 -1 -10 349.81 182.59 380.94 200.64 -1000 -1000 -1000 -10 -1 -1 -1
250 730 Pedestrian -1 -1 -10 582.36 180.96 619.86 215.15 -1000 -1000 -1000 -10 -1 -1 -1
250 825 Pedestrian -1 -1 -10 542.05 182.22 574.18 202.35 -1000 -1000 -1000 -10 -1 -1 -1
251 822 Pedestrian -1 -1 -10 381.98 114.63 522.13 249.54 -1000 -1000 -1000 -10 -1 -1 -1
251 824 Pedestrian -1 -1 -10 341.40 182.18 373.81 201.14 -1000 -1000 -1000 -10 -1 -1 -1
251 730 Pedestrian -1 -1 -10 582.50 181.02 619.37 214.33 -1000 -1000 -1000 -10 -1 -1 -1
251 825 Pedestrian -1 -1 -10 539.38 182.26 569.98 201.41 -1000 -1000 -1000 -10 -1 -1 -1
252 822 Pedestrian -1 -1 -10 337.53 100.95 510.19 265.37 -1000 -1000 -1000 -10 -1 -1 -1
252 730 Pedestrian -1 -1 -10 582.16 180.63 619.45 214.14 -1000 -1000 -1000 -10 -1 -1 -1
252 825 Pedestrian -1 -1 -10 535.13 182.14 566.11 201.56 -1000 -1000 -1000 -10 -1 -1 -1
253 822 Pedestrian -1 -1 -10 270.70 82.34 488.77 286.54 -1000 -1000 -1000 -10 -1 -1 -1
253 730 Pedestrian -1 -1 -10 582.53 179.08 620.42 213.17 -1000 -1000 -1000 -10 -1 -1 -1
253 825 Pedestrian -1 -1 -10 532.27 182.25 564.42 202.35 -1000 -1000 -1000 -10 -1 -1 -1
254 822 Pedestrian -1 -1 -10 156.83 52.82 452.23 321.62 -1000 -1000 -1000 -10 -1 -1 -1
254 730 Pedestrian -1 -1 -10 582.14 179.13 619.73 212.74 -1000 -1000 -1000 -10 -1 -1 -1
254 825 Pedestrian -1 -1 -10 527.20 182.64 561.67 204.21 -1000 -1000 -1000 -10 -1 -1 -1
255 822 Pedestrian -1 -1 -10 68.46 20.69 437.91 354.26 -1000 -1000 -1000 -10 -1 -1 -1
255 730 Pedestrian -1 -1 -10 581.20 178.43 620.07 212.97 -1000 -1000 -1000 -10 -1 -1 -1
255 825 Pedestrian -1 -1 -10 520.87 181.90 561.76 207.55 -1000 -1000 -1000 -10 -1 -1 -1
256 822 Pedestrian -1 -1 -10 15.67 6.98 414.26 368.12 -1000 -1000 -1000 -10 -1 -1 -1
256 730 Pedestrian -1 -1 -10 581.97 179.31 620.42 213.51 -1000 -1000 -1000 -10 -1 -1 -1
256 825 Pedestrian -1 -1 -10 514.69 182.84 557.25 209.64 -1000 -1000 -1000 -10 -1 -1 -1
257 730 Pedestrian -1 -1 -10 582.40 179.33 620.94 213.57 -1000 -1000 -1000 -10 -1 -1 -1
257 825 Pedestrian -1 -1 -10 506.54 182.08 553.27 211.88 -1000 -1000 -1000 -10 -1 -1 -1
257 824 Pedestrian -1 -1 -10 294.24 184.87 333.77 208.09 -1000 -1000 -1000 -10 -1 -1 -1
258 730 Pedestrian -1 -1 -10 583.44 175.36 621.95 209.90 -1000 -1000 -1000 -10 -1 -1 -1
258 825 Pedestrian -1 -1 -10 499.54 180.96 548.16 212.07 -1000 -1000 -1000 -10 -1 -1 -1
258 824 Pedestrian -1 -1 -10 285.88 182.37 326.67 206.18 -1000 -1000 -1000 -10 -1 -1 -1
259 730 Pedestrian -1 -1 -10 582.88 173.09 622.01 208.46 -1000 -1000 -1000 -10 -1 -1 -1
259 825 Pedestrian -1 -1 -10 490.34 179.12 544.75 214.14 -1000 -1000 -1000 -10 -1 -1 -1
259 824 Pedestrian -1 -1 -10 276.11 180.44 318.67 204.92 -1000 -1000 -1000 -10 -1 -1 -1
260 730 Pedestrian -1 -1 -10 583.30 173.20 622.68 209.33 -1000 -1000 -1000 -10 -1 -1 -1
260 825 Pedestrian -1 -1 -10 480.15 180.00 540.36 219.19 -1000 -1000 -1000 -10 -1 -1 -1
260 824 Pedestrian -1 -1 -10 263.76 180.39 311.72 208.02 -1000 -1000 -1000 -10 -1 -1 -1
261 730 Pedestrian -1 -1 -10 584.17 174.62 623.35 210.96 -1000 -1000 -1000 -10 -1 -1 -1
261 825 Pedestrian -1 -1 -10 465.85 179.96 535.20 225.57 -1000 -1000 -1000 -10 -1 -1 -1
261 824 Pedestrian -1 -1 -10 251.32 180.50 301.62 209.49 -1000 -1000 -1000 -10 -1 -1 -1
262 730 Pedestrian -1 -1 -10 585.02 174.72 623.04 210.31 -1000 -1000 -1000 -10 -1 -1 -1
262 825 Pedestrian -1 -1 -10 450.09 180.34 526.68 231.06 -1000 -1000 -1000 -10 -1 -1 -1
262 824 Pedestrian -1 -1 -10 238.80 180.10 289.95 209.36 -1000 -1000 -1000 -10 -1 -1 -1
262 827 Pedestrian -1 -1 -10 522.14 183.75 553.62 204.82 -1000 -1000 -1000 -10 -1 -1 -1
263 730 Pedestrian -1 -1 -10 585.21 173.78 622.80 209.17 -1000 -1000 -1000 -10 -1 -1 -1
263 825 Pedestrian -1 -1 -10 427.33 179.16 516.94 238.84 -1000 -1000 -1000 -10 -1 -1 -1
263 824 Pedestrian -1 -1 -10 225.45 179.09 277.22 208.35 -1000 -1000 -1000 -10 -1 -1 -1
263 827 Pedestrian -1 -1 -10 515.02 181.40 551.17 205.56 -1000 -1000 -1000 -10 -1 -1 -1
264 730 Pedestrian -1 -1 -10 584.22 172.53 622.32 208.59 -1000 -1000 -1000 -10 -1 -1 -1
264 825 Pedestrian -1 -1 -10 398.25 178.75 503.28 248.77 -1000 -1000 -1000 -10 -1 -1 -1
264 824 Pedestrian -1 -1 -10 210.56 177.90 263.12 206.97 -1000 -1000 -1000 -10 -1 -1 -1
264 827 Pedestrian -1 -1 -10 507.54 179.01 548.13 206.15 -1000 -1000 -1000 -10 -1 -1 -1
265 730 Pedestrian -1 -1 -10 583.31 173.05 621.16 208.80 -1000 -1000 -1000 -10 -1 -1 -1
265 825 Pedestrian -1 -1 -10 354.36 178.65 483.39 264.20 -1000 -1000 -1000 -10 -1 -1 -1
265 824 Pedestrian -1 -1 -10 194.10 177.79 249.61 207.94 -1000 -1000 -1000 -10 -1 -1 -1
265 827 Pedestrian -1 -1 -10 498.32 179.14 543.53 209.39 -1000 -1000 -1000 -10 -1 -1 -1
266 730 Pedestrian -1 -1 -10 582.73 173.05 620.79 208.98 -1000 -1000 -1000 -10 -1 -1 -1
266 825 Pedestrian -1 -1 -10 288.98 179.34 456.39 289.43 -1000 -1000 -1000 -10 -1 -1 -1
266 824 Pedestrian -1 -1 -10 174.12 178.28 234.30 210.51 -1000 -1000 -1000 -10 -1 -1 -1
266 827 Pedestrian -1 -1 -10 486.01 178.95 537.77 213.59 -1000 -1000 -1000 -10 -1 -1 -1
266 828 Pedestrian -1 -1 -10 534.81 173.57 564.96 197.23 -1000 -1000 -1000 -10 -1 -1 -1
267 730 Pedestrian -1 -1 -10 581.67 173.81 619.42 209.19 -1000 -1000 -1000 -10 -1 -1 -1
267 824 Pedestrian -1 -1 -10 153.46 180.07 217.68 213.86 -1000 -1000 -1000 -10 -1 -1 -1
267 827 Pedestrian -1 -1 -10 475.31 179.12 532.27 217.33 -1000 -1000 -1000 -10 -1 -1 -1
267 828 Pedestrian -1 -1 -10 527.63 171.68 562.00 198.72 -1000 -1000 -1000 -10 -1 -1 -1
267 814 Pedestrian -1 -1 -10 95.96 179.19 387.98 368.54 -1000 -1000 -1000 -10 -1 -1 -1
268 730 Pedestrian -1 -1 -10 581.24 174.25 619.03 209.40 -1000 -1000 -1000 -10 -1 -1 -1
268 827 Pedestrian -1 -1 -10 459.22 179.72 523.41 222.87 -1000 -1000 -1000 -10 -1 -1 -1
268 828 Pedestrian -1 -1 -10 524.51 174.75 556.79 200.05 -1000 -1000 -1000 -10 -1 -1 -1
268 814 Pedestrian -1 -1 -10 46.00 189.59 343.59 372.91 -1000 -1000 -1000 -10 -1 -1 -1
269 730 Pedestrian -1 -1 -10 581.29 174.92 618.36 209.12 -1000 -1000 -1000 -10 -1 -1 -1
269 827 Pedestrian -1 -1 -10 442.38 179.29 514.06 227.65 -1000 -1000 -1000 -10 -1 -1 -1
269 814 Pedestrian -1 -1 -10 -4.33 205.17 251.95 374.39 -1000 -1000 -1000 -10 -1 -1 -1
269 824 Pedestrian -1 -1 -10 107.39 180.24 178.34 216.79 -1000 -1000 -1000 -10 -1 -1 -1
270 730 Pedestrian -1 -1 -10 582.69 174.56 620.20 208.96 -1000 -1000 -1000 -10 -1 -1 -1
270 827 Pedestrian -1 -1 -10 421.33 180.38 503.54 235.68 -1000 -1000 -1000 -10 -1 -1 -1
270 824 Pedestrian -1 -1 -10 81.93 180.67 157.16 218.62 -1000 -1000 -1000 -10 -1 -1 -1
270 828 Pedestrian -1 -1 -10 511.10 172.35 552.07 204.57 -1000 -1000 -1000 -10 -1 -1 -1
271 730 Pedestrian -1 -1 -10 583.38 174.51 621.03 209.03 -1000 -1000 -1000 -10 -1 -1 -1
271 827 Pedestrian -1 -1 -10 395.03 181.86 490.55 245.70 -1000 -1000 -1000 -10 -1 -1 -1
271 824 Pedestrian -1 -1 -10 53.37 182.38 134.11 222.08 -1000 -1000 -1000 -10 -1 -1 -1
271 831 Pedestrian -1 -1 -10 272.03 179.20 305.03 199.43 -1000 -1000 -1000 -10 -1 -1 -1
272 730 Pedestrian -1 -1 -10 583.77 173.33 622.87 209.28 -1000 -1000 -1000 -10 -1 -1 -1
272 827 Pedestrian -1 -1 -10 358.22 183.62 472.06 258.95 -1000 -1000 -1000 -10 -1 -1 -1
272 824 Pedestrian -1 -1 -10 22.91 184.32 109.05 225.49 -1000 -1000 -1000 -10 -1 -1 -1
272 831 Pedestrian -1 -1 -10 259.83 179.08 296.01 201.25 -1000 -1000 -1000 -10 -1 -1 -1
272 828 Pedestrian -1 -1 -10 496.52 171.72 545.02 210.06 -1000 -1000 -1000 -10 -1 -1 -1
273 730 Pedestrian -1 -1 -10 584.19 172.46 624.28 209.50 -1000 -1000 -1000 -10 -1 -1 -1
273 824 Pedestrian -1 -1 -10 0.33 185.18 89.84 228.35 -1000 -1000 -1000 -10 -1 -1 -1
273 831 Pedestrian -1 -1 -10 249.57 178.88 287.70 202.10 -1000 -1000 -1000 -10 -1 -1 -1
273 833 Pedestrian -1 -1 -10 541.84 176.70 568.71 196.47 -1000 -1000 -1000 -10 -1 -1 -1
273 828 Pedestrian -1 -1 -10 488.30 171.58 540.78 213.25 -1000 -1000 -1000 -10 -1 -1 -1
273 825 Pedestrian -1 -1 -10 262.88 187.62 431.62 296.63 -1000 -1000 -1000 -10 -1 -1 -1
274 730 Pedestrian -1 -1 -10 584.71 172.21 624.95 209.46 -1000 -1000 -1000 -10 -1 -1 -1
274 824 Pedestrian -1 -1 -10 -16.44 185.69 70.88 229.66 -1000 -1000 -1000 -10 -1 -1 -1
274 833 Pedestrian -1 -1 -10 539.73 179.00 566.43 198.59 -1000 -1000 -1000 -10 -1 -1 -1
274 828 Pedestrian -1 -1 -10 477.31 171.91 534.68 217.50 -1000 -1000 -1000 -10 -1 -1 -1
274 825 Pedestrian -1 -1 -10 174.98 186.62 401.70 330.75 -1000 -1000 -1000 -10 -1 -1 -1
275 730 Pedestrian -1 -1 -10 585.39 173.23 624.86 209.74 -1000 -1000 -1000 -10 -1 -1 -1
275 833 Pedestrian -1 -1 -10 535.31 179.76 564.76 201.34 -1000 -1000 -1000 -10 -1 -1 -1
275 828 Pedestrian -1 -1 -10 465.12 173.16 527.89 222.97 -1000 -1000 -1000 -10 -1 -1 -1
275 814 Pedestrian -1 -1 -10 17.88 195.37 304.61 375.84 -1000 -1000 -1000 -10 -1 -1 -1
276 730 Pedestrian -1 -1 -10 586.59 174.27 625.84 210.28 -1000 -1000 -1000 -10 -1 -1 -1
276 833 Pedestrian -1 -1 -10 531.33 179.87 560.20 200.90 -1000 -1000 -1000 -10 -1 -1 -1
276 828 Pedestrian -1 -1 -10 447.90 173.09 517.97 228.47 -1000 -1000 -1000 -10 -1 -1 -1
276 814 Pedestrian -1 -1 -10 -8.02 204.53 253.90 375.58 -1000 -1000 -1000 -10 -1 -1 -1
276 831 Pedestrian -1 -1 -10 207.09 180.15 255.97 209.57 -1000 -1000 -1000 -10 -1 -1 -1
277 730 Pedestrian -1 -1 -10 586.77 174.44 625.75 210.17 -1000 -1000 -1000 -10 -1 -1 -1
277 833 Pedestrian -1 -1 -10 526.84 179.72 557.47 201.90 -1000 -1000 -1000 -10 -1 -1 -1
277 828 Pedestrian -1 -1 -10 427.18 172.46 509.16 237.02 -1000 -1000 -1000 -10 -1 -1 -1
277 831 Pedestrian -1 -1 -10 184.07 180.33 233.08 210.27 -1000 -1000 -1000 -10 -1 -1 -1
278 730 Pedestrian -1 -1 -10 586.47 173.77 626.16 210.33 -1000 -1000 -1000 -10 -1 -1 -1
278 833 Pedestrian -1 -1 -10 520.28 179.89 554.42 204.49 -1000 -1000 -1000 -10 -1 -1 -1
278 828 Pedestrian -1 -1 -10 399.21 171.66 497.28 248.50 -1000 -1000 -1000 -10 -1 -1 -1
278 831 Pedestrian -1 -1 -10 169.83 180.61 221.44 211.50 -1000 -1000 -1000 -10 -1 -1 -1
279 730 Pedestrian -1 -1 -10 586.51 172.82 626.85 210.23 -1000 -1000 -1000 -10 -1 -1 -1
279 833 Pedestrian -1 -1 -10 514.17 180.29 551.05 206.77 -1000 -1000 -1000 -10 -1 -1 -1
279 828 Pedestrian -1 -1 -10 358.68 169.61 479.23 263.31 -1000 -1000 -1000 -10 -1 -1 -1
279 831 Pedestrian -1 -1 -10 152.36 180.30 208.83 213.29 -1000 -1000 -1000 -10 -1 -1 -1
280 730 Pedestrian -1 -1 -10 586.80 173.35 626.25 210.06 -1000 -1000 -1000 -10 -1 -1 -1
280 833 Pedestrian -1 -1 -10 507.45 180.34 547.21 208.79 -1000 -1000 -1000 -10 -1 -1 -1
280 831 Pedestrian -1 -1 -10 127.38 180.68 187.36 215.37 -1000 -1000 -1000 -10 -1 -1 -1
280 827 Pedestrian -1 -1 -10 253.61 170.00 447.55 298.75 -1000 -1000 -1000 -10 -1 -1 -1
281 730 Pedestrian -1 -1 -10 587.48 174.36 625.19 209.33 -1000 -1000 -1000 -10 -1 -1 -1
281 833 Pedestrian -1 -1 -10 497.96 180.37 543.11 212.56 -1000 -1000 -1000 -10 -1 -1 -1
281 831 Pedestrian -1 -1 -10 106.09 180.76 172.70 218.20 -1000 -1000 -1000 -10 -1 -1 -1
281 825 Pedestrian -1 -1 -10 113.24 170.41 394.16 347.28 -1000 -1000 -1000 -10 -1 -1 -1
282 730 Pedestrian -1 -1 -10 587.99 173.90 625.87 209.08 -1000 -1000 -1000 -10 -1 -1 -1
282 833 Pedestrian -1 -1 -10 488.06 181.18 538.28 216.90 -1000 -1000 -1000 -10 -1 -1 -1
282 825 Pedestrian -1 -1 -10 36.39 164.63 354.60 365.32 -1000 -1000 -1000 -10 -1 -1 -1
283 833 Pedestrian -1 -1 -10 473.89 180.95 532.85 222.73 -1000 -1000 -1000 -10 -1 -1 -1
283 814 Pedestrian -1 -1 -10 -60.65 156.44 238.86 372.24 -1000 -1000 -1000 -10 -1 -1 -1
284 833 Pedestrian -1 -1 -10 460.28 182.36 523.60 226.74 -1000 -1000 -1000 -10 -1 -1 -1
284 730 Pedestrian -1 -1 -10 589.52 174.96 626.57 209.27 -1000 -1000 -1000 -10 -1 -1 -1
285 833 Pedestrian -1 -1 -10 438.25 183.42 512.41 235.22 -1000 -1000 -1000 -10 -1 -1 -1
285 836 Pedestrian -1 -1 -10 -13.39 183.94 89.87 227.14 -1000 -1000 -1000 -10 -1 -1 -1
286 833 Pedestrian -1 -1 -10 414.08 184.72 501.20 245.01 -1000 -1000 -1000 -10 -1 -1 -1
286 836 Pedestrian -1 -1 -10 -23.25 188.11 70.81 227.91 -1000 -1000 -1000 -10 -1 -1 -1
286 730 Pedestrian -1 -1 -10 590.08 174.44 627.65 209.10 -1000 -1000 -1000 -10 -1 -1 -1
287 833 Pedestrian -1 -1 -10 379.06 185.60 485.15 258.23 -1000 -1000 -1000 -10 -1 -1 -1
287 730 Pedestrian -1 -1 -10 589.59 172.36 629.09 209.00 -1000 -1000 -1000 -10 -1 -1 -1
287 831 Pedestrian -1 -1 -10 20.31 180.81 101.66 224.07 -1000 -1000 -1000 -10 -1 -1 -1
288 730 Pedestrian -1 -1 -10 590.26 171.60 630.44 208.86 -1000 -1000 -1000 -10 -1 -1 -1
288 831 Pedestrian -1 -1 -10 0.08 181.17 84.42 226.58 -1000 -1000 -1000 -10 -1 -1 -1
288 828 Pedestrian -1 -1 -10 303.61 185.29 442.19 288.73 -1000 -1000 -1000 -10 -1 -1 -1
289 730 Pedestrian -1 -1 -10 590.18 171.64 630.13 208.68 -1000 -1000 -1000 -10 -1 -1 -1
289 827 Pedestrian -1 -1 -10 192.06 189.58 405.89 326.36 -1000 -1000 -1000 -10 -1 -1 -1
290 730 Pedestrian -1 -1 -10 589.97 171.40 630.33 208.93 -1000 -1000 -1000 -10 -1 -1 -1
290 825 Pedestrian -1 -1 -10 27.40 192.98 331.88 375.42 -1000 -1000 -1000 -10 -1 -1 -1
290 831 Pedestrian -1 -1 -10 -18.53 181.11 65.97 229.77 -1000 -1000 -1000 -10 -1 -1 -1
291 730 Pedestrian -1 -1 -10 589.91 171.16 630.31 208.76 -1000 -1000 -1000 -10 -1 -1 -1
291 825 Pedestrian -1 -1 -10 3.10 204.12 287.25 375.52 -1000 -1000 -1000 -10 -1 -1 -1
292 730 Pedestrian -1 -1 -10 589.99 171.18 630.34 208.73 -1000 -1000 -1000 -10 -1 -1 -1
293 730 Pedestrian -1 -1 -10 590.36 171.24 630.96 209.09 -1000 -1000 -1000 -10 -1 -1 -1
294 730 Pedestrian -1 -1 -10 591.01 172.15 632.42 210.67 -1000 -1000 -1000 -10 -1 -1 -1
295 730 Pedestrian -1 -1 -10 591.20 172.34 633.23 211.42 -1000 -1000 -1000 -10 -1 -1 -1
296 730 Pedestrian -1 -1 -10 590.54 172.38 632.41 211.42 -1000 -1000 -1000 -10 -1 -1 -1
