0 833 Pedestrian -1 -1 -10 285.39 216.82 388.00 288.00 -1000 -1000 -1000 -10 -1 -1 -1
1 838 Pedestrian -1 -1 -10 315.80 0.52 364.32 96.25 -1000 -1000 -1000 -10 -1 -1 -1
1 840 Pedestrian -1 -1 -10 1128.27 180.56 1149.82 229.15 -1000 -1000 -1000 -10 -1 -1 -1
1 828 Pedestrian -1 -1 -10 263.65 189.72 430.90 297.61 -1000 -1000 -1000 -10 -1 -1 -1
2 838 Pedestrian -1 -1 -10 315.70 0.23 364.35 96.22 -1000 -1000 -1000 -10 -1 -1 -1
2 840 Pedestrian -1 -1 -10 1128.21 180.45 1149.82 229.24 -1000 -1000 -1000 -10 -1 -1 -1
2 828 Pedestrian -1 -1 -10 203.42 189.19 402.24 306.36 -1000 -1000 -1000 -10 -1 -1 -1
3 838 Pedestrian -1 -1 -10 315.78 0.33 364.35 96.15 -1000 -1000 -1000 -10 -1 -1 -1
3 840 Pedestrian -1 -1 -10 1129.52 180.61 1148.46 223.21 -1000 -1000 -1000 -10 -1 -1 -1
3 827 Pedestrian -1 -1 -10 76.62 190.94 307.87 326.32 -1000 -1000 -1000 -10 -1 -1 -1
4 838 Pedestrian -1 -1 -10 315.77 0.33 364.30 96.08 -1000 -1000 -1000 -10 -1 -1 -1
4 840 Pedestrian -1 -1 -10 1129.36 180.76 1148.90 224.72 -1000 -1000 -1000 -10 -1 -1 -1
4 827 Pedestrian -1 -1 -10 32.99 191.17 293.19 338.31 -1000 -1000 -1000 -10 -1 -1 -1
5 838 Pedestrian -1 -1 -10 315.79 0.33 364.37 96.19 -1000 -1000 -1000 -10 -1 -1 -1
5 840 Pedestrian -1 -1 -10 1130.71 180.92 1148.00 219.43 -1000 -1000 -1000 -10 -1 -1 -1
5 827 Pedestrian -1 -1 -10 2.16 194.29 258.66 341.54 -1000 -1000 -1000 -10 -1 -1 -1
6 838 Pedestrian -1 -1 -10 315.83 0.52 364.32 96.21 -1000 -1000 -1000 -10 -1 -1 -1
6 827 Pedestrian -1 -1 -10 -27.81 198.43 205.35 340.76 -1000 -1000 -1000 -10 -1 -1 -1
7 838 Pedestrian -1 -1 -10 315.84 0.57 364.28 96.15 -1000 -1000 -1000 -10 -1 -1 -1
8 838 Pedestrian -1 -1 -10 315.81 0.38 364.37 96.21 -1000 -1000 -1000 -10 -1 -1 -1
9 838 Pedestrian -1 -1 -10 315.84 0.39 364.38 96.21 -1000 -1000 -1000 -10 -1 -1 -1
10 838 Pedestrian -1 -1 -10 315.80 0.29 364.41 96.26 -1000 -1000 -1000 -10 -1 -1 -1
11 838 Pedestrian -1 -1 -10 315.83 0.33 364.41 96.26 -1000 -1000 -1000 -10 -1 -1 -1
12 838 Pedestrian -1 -1 -10 315.84 0.30 364.45 96.30 -1000 -1000 -1000 -10 -1 -1 -1
12 840 Pedestrian -1 -1 -10 1129.26 180.60 1149.14 224.96 -1000 -1000 -1000 -10 -1 -1 -1
13 838 Pedestrian -1 -1 -10 315.85 0.31 364.42 96.26 -1000 -1000 -1000 -10 -1 -1 -1
13 840 Pedestrian -1 -1 -10 1129.03 180.41 1149.22 225.49 -1000 -1000 -1000 -10 -1 -1 -1
14 838 Pedestrian -1 -1 -10 315.90 0.23 364.48 96.22 -1000 -1000 -1000 -10 -1 -1 -1
14 840 Pedestrian -1 -1 -10 1130.06 180.61 1148.65 221.63 -1000 -1000 -1000 -10 -1 -1 -1
15 838 Pedestrian -1 -1 -10 315.85 0.26 364.41 96.23 -1000 -1000 -1000 -10 -1 -1 -1
16 838 Pedestrian -1 -1 -10 315.85 0.27 364.41 96.27 -1000 -1000 -1000 -10 -1 -1 -1
16 840 Pedestrian -1 -1 -10 1128.28 180.24 1150.16 229.26 -1000 -1000 -1000 -10 -1 -1 -1
17 838 Pedestrian -1 -1 -10 315.84 0.25 364.41 96.30 -1000 -1000 -1000 -10 -1 -1 -1
17 840 Pedestrian -1 -1 -10 1128.59 180.57 1149.94 228.87 -1000 -1000 -1000 -10 -1 -1 -1
18 838 Pedestrian -1 -1 -10 315.86 0.25 364.38 96.23 -1000 -1000 -1000 -10 -1 -1 -1
18 840 Pedestrian -1 -1 -10 1128.70 180.64 1149.54 227.92 -1000 -1000 -1000 -10 -1 -1 -1
19 838 Pedestrian -1 -1 -10 315.86 0.17 364.45 96.28 -1000 -1000 -1000 -10 -1 -1 -1
19 840 Pedestrian -1 -1 -10 1129.09 180.74 1149.14 226.24 -1000 -1000 -1000 -10 -1 -1 -1
20 838 Pedestrian -1 -1 -10 315.88 0.32 364.37 96.21 -1000 -1000 -1000 -10 -1 -1 -1
20 840 Pedestrian -1 -1 -10 1129.10 180.57 1149.18 226.29 -1000 -1000 -1000 -10 -1 -1 -1
21 838 Pedestrian -1 -1 -10 315.90 0.28 364.42 96.24 -1000 -1000 -1000 -10 -1 -1 -1
21 840 Pedestrian -1 -1 -10 1129.73 180.60 1148.55 223.01 -1000 -1000 -1000 -10 -1 -1 -1
22 838 Pedestrian -1 -1 -10 315.85 0.24 364.38 96.24 -1000 -1000 -1000 -10 -1 -1 -1
22 840 Pedestrian -1 -1 -10 1128.54 180.56 1149.80 229.12 -1000 -1000 -1000 -10 -1 -1 -1
23 838 Pedestrian -1 -1 -10 315.86 0.26 364.38 96.24 -1000 -1000 -1000 -10 -1 -1 -1
23 840 Pedestrian -1 -1 -10 1128.63 180.37 1149.60 228.47 -1000 -1000 -1000 -10 -1 -1 -1
24 838 Pedestrian -1 -1 -10 315.90 0.22 364.44 96.26 -1000 -1000 -1000 -10 -1 -1 -1
24 840 Pedestrian -1 -1 -10 1128.42 180.28 1149.73 229.47 -1000 -1000 -1000 -10 -1 -1 -1
25 838 Pedestrian -1 -1 -10 315.88 0.22 364.41 96.23 -1000 -1000 -1000 -10 -1 -1 -1
25 840 Pedestrian -1 -1 -10 1129.25 180.39 1148.89 225.44 -1000 -1000 -1000 -10 -1 -1 -1
26 838 Pedestrian -1 -1 -10 315.86 0.31 364.34 96.25 -1000 -1000 -1000 -10 -1 -1 -1
26 840 Pedestrian -1 -1 -10 1129.51 180.26 1148.50 223.44 -1000 -1000 -1000 -10 -1 -1 -1
27 838 Pedestrian -1 -1 -10 315.86 0.24 364.38 96.23 -1000 -1000 -1000 -10 -1 -1 -1
27 840 Pedestrian -1 -1 -10 1129.19 180.48 1148.75 224.93 -1000 -1000 -1000 -10 -1 -1 -1
28 838 Pedestrian -1 -1 -10 315.87 0.34 364.32 96.19 -1000 -1000 -1000 -10 -1 -1 -1
28 840 Pedestrian -1 -1 -10 1128.69 180.61 1149.29 227.77 -1000 -1000 -1000 -10 -1 -1 -1
29 838 Pedestrian -1 -1 -10 315.87 0.36 364.34 96.25 -1000 -1000 -1000 -10 -1 -1 -1
29 840 Pedestrian -1 -1 -10 1129.17 180.61 1149.08 226.22 -1000 -1000 -1000 -10 -1 -1 -1
30 838 Pedestrian -1 -1 -10 315.85 0.29 364.33 96.24 -1000 -1000 -1000 -10 -1 -1 -1
30 840 Pedestrian -1 -1 -10 1129.86 180.62 1148.48 222.87 -1000 -1000 -1000 -10 -1 -1 -1
31 838 Pedestrian -1 -1 -10 315.89 0.24 364.39 96.22 -1000 -1000 -1000 -10 -1 -1 -1
32 838 Pedestrian -1 -1 -10 315.89 0.26 364.39 96.25 -1000 -1000 -1000 -10 -1 -1 -1
32 840 Pedestrian -1 -1 -10 1129.80 180.36 1148.38 222.12 -1000 -1000 -1000 -10 -1 -1 -1
33 838 Pedestrian -1 -1 -10 315.89 0.20 364.42 96.27 -1000 -1000 -1000 -10 -1 -1 -1
33 849 Pedestrian -1 -1 -10 695.39 174.74 732.94 194.06 -1000 -1000 -1000 -10 -1 -1 -1
33 840 Pedestrian -1 -1 -10 1129.09 180.12 1149.32 225.84 -1000 -1000 -1000 -10 -1 -1 -1
34 838 Pedestrian -1 -1 -10 315.89 0.28 364.39 96.26 -1000 -1000 -1000 -10 -1 -1 -1
34 840 Pedestrian -1 -1 -10 1129.57 180.30 1148.90 223.80 -1000 -1000 -1000 -10 -1 -1 -1
35 838 Pedestrian -1 -1 -10 315.89 0.27 364.38 96.24 -1000 -1000 -1000 -10 -1 -1 -1
35 840 Pedestrian -1 -1 -10 1128.58 180.16 1149.73 228.36 -1000 -1000 -1000 -10 -1 -1 -1
36 838 Pedestrian -1 -1 -10 315.91 0.24 364.43 96.27 -1000 -1000 -1000 -10 -1 -1 -1
36 840 Pedestrian -1 -1 -10 1127.58 180.02 1150.61 233.16 -1000 -1000 -1000 -10 -1 -1 -1
37 838 Pedestrian -1 -1 -10 315.92 0.31 364.40 96.27 -1000 -1000 -1000 -10 -1 -1 -1
37 840 Pedestrian -1 -1 -10 1128.41 180.52 1149.72 229.76 -1000 -1000 -1000 -10 -1 -1 -1
38 838 Pedestrian -1 -1 -10 315.93 0.31 364.39 96.25 -1000 -1000 -1000 -10 -1 -1 -1
38 850 Pedestrian -1 -1 -10 1042.85 219.98 1228.66 371.26 -1000 -1000 -1000 -10 -1 -1 -1
39 838 Pedestrian -1 -1 -10 315.98 0.19 364.51 96.28 -1000 -1000 -1000 -10 -1 -1 -1
39 850 Pedestrian -1 -1 -10 1012.44 209.65 1211.28 370.36 -1000 -1000 -1000 -10 -1 -1 -1
40 838 Pedestrian -1 -1 -10 315.93 0.19 364.44 96.25 -1000 -1000 -1000 -10 -1 -1 -1
40 850 Pedestrian -1 -1 -10 980.17 202.76 1193.90 373.06 -1000 -1000 -1000 -10 -1 -1 -1
41 838 Pedestrian -1 -1 -10 315.97 0.29 364.39 96.17 -1000 -1000 -1000 -10 -1 -1 -1
41 850 Pedestrian -1 -1 -10 954.01 198.67 1179.78 374.63 -1000 -1000 -1000 -10 -1 -1 -1
42 838 Pedestrian -1 -1 -10 315.95 0.24 364.40 96.17 -1000 -1000 -1000 -10 -1 -1 -1
42 850 Pedestrian -1 -1 -10 913.78 193.31 1140.96 366.83 -1000 -1000 -1000 -10 -1 -1 -1
43 838 Pedestrian -1 -1 -10 315.91 0.35 364.35 96.23 -1000 -1000 -1000 -10 -1 -1 -1
43 850 Pedestrian -1 -1 -10 874.60 190.00 1086.40 348.82 -1000 -1000 -1000 -10 -1 -1 -1
44 838 Pedestrian -1 -1 -10 315.93 0.24 364.46 96.31 -1000 -1000 -1000 -10 -1 -1 -1
44 850 Pedestrian -1 -1 -10 841.08 189.01 1033.74 331.20 -1000 -1000 -1000 -10 -1 -1 -1
44 852 Pedestrian -1 -1 -10 1122.16 196.98 1226.25 303.57 -1000 -1000 -1000 -10 -1 -1 -1
45 838 Pedestrian -1 -1 -10 315.92 0.33 364.40 96.31 -1000 -1000 -1000 -10 -1 -1 -1
45 850 Pedestrian -1 -1 -10 815.92 187.77 988.74 313.40 -1000 -1000 -1000 -10 -1 -1 -1
45 852 Pedestrian -1 -1 -10 1098.34 191.85 1216.67 311.94 -1000 -1000 -1000 -10 -1 -1 -1
46 838 Pedestrian -1 -1 -10 315.90 0.36 364.36 96.31 -1000 -1000 -1000 -10 -1 -1 -1
46 850 Pedestrian -1 -1 -10 795.52 187.25 951.77 299.50 -1000 -1000 -1000 -10 -1 -1 -1
46 852 Pedestrian -1 -1 -10 1081.82 188.79 1199.29 305.03 -1000 -1000 -1000 -10 -1 -1 -1
47 838 Pedestrian -1 -1 -10 315.90 0.38 364.33 96.28 -1000 -1000 -1000 -10 -1 -1 -1
47 850 Pedestrian -1 -1 -10 779.06 186.88 920.53 287.51 -1000 -1000 -1000 -10 -1 -1 -1
47 852 Pedestrian -1 -1 -10 1065.44 186.64 1180.56 295.51 -1000 -1000 -1000 -10 -1 -1 -1
48 838 Pedestrian -1 -1 -10 315.90 0.30 364.36 96.28 -1000 -1000 -1000 -10 -1 -1 -1
48 850 Pedestrian -1 -1 -10 764.15 186.81 893.01 277.46 -1000 -1000 -1000 -10 -1 -1 -1
48 852 Pedestrian -1 -1 -10 1035.21 185.28 1145.10 284.22 -1000 -1000 -1000 -10 -1 -1 -1
49 838 Pedestrian -1 -1 -10 315.92 0.36 364.34 96.26 -1000 -1000 -1000 -10 -1 -1 -1
49 850 Pedestrian -1 -1 -10 751.30 186.15 870.20 269.24 -1000 -1000 -1000 -10 -1 -1 -1
49 852 Pedestrian -1 -1 -10 1000.79 184.22 1105.56 274.03 -1000 -1000 -1000 -10 -1 -1 -1
50 838 Pedestrian -1 -1 -10 315.92 0.23 364.40 96.26 -1000 -1000 -1000 -10 -1 -1 -1
50 850 Pedestrian -1 -1 -10 740.85 184.14 851.53 261.25 -1000 -1000 -1000 -10 -1 -1 -1
50 852 Pedestrian -1 -1 -10 969.64 182.17 1070.84 265.07 -1000 -1000 -1000 -10 -1 -1 -1
50 840 Pedestrian -1 -1 -10 1128.23 180.77 1150.13 232.51 -1000 -1000 -1000 -10 -1 -1 -1
51 838 Pedestrian -1 -1 -10 315.92 0.36 364.32 96.26 -1000 -1000 -1000 -10 -1 -1 -1
51 850 Pedestrian -1 -1 -10 729.61 183.20 833.21 254.94 -1000 -1000 -1000 -10 -1 -1 -1
51 852 Pedestrian -1 -1 -10 941.64 181.40 1039.93 258.63 -1000 -1000 -1000 -10 -1 -1 -1
51 840 Pedestrian -1 -1 -10 1129.39 180.40 1149.12 226.64 -1000 -1000 -1000 -10 -1 -1 -1
52 838 Pedestrian -1 -1 -10 315.97 0.35 364.36 96.25 -1000 -1000 -1000 -10 -1 -1 -1
52 850 Pedestrian -1 -1 -10 720.41 182.38 817.41 249.35 -1000 -1000 -1000 -10 -1 -1 -1
52 852 Pedestrian -1 -1 -10 917.76 180.27 1012.66 252.04 -1000 -1000 -1000 -10 -1 -1 -1
52 840 Pedestrian -1 -1 -10 1129.52 180.24 1148.66 224.79 -1000 -1000 -1000 -10 -1 -1 -1
53 838 Pedestrian -1 -1 -10 315.93 0.35 364.33 96.26 -1000 -1000 -1000 -10 -1 -1 -1
53 850 Pedestrian -1 -1 -10 712.41 181.00 803.95 244.25 -1000 -1000 -1000 -10 -1 -1 -1
53 852 Pedestrian -1 -1 -10 894.91 179.49 988.15 247.69 -1000 -1000 -1000 -10 -1 -1 -1
53 840 Pedestrian -1 -1 -10 1130.22 180.55 1147.94 220.75 -1000 -1000 -1000 -10 -1 -1 -1
54 838 Pedestrian -1 -1 -10 315.95 0.41 364.31 96.19 -1000 -1000 -1000 -10 -1 -1 -1
54 850 Pedestrian -1 -1 -10 705.10 180.39 791.08 239.97 -1000 -1000 -1000 -10 -1 -1 -1
54 852 Pedestrian -1 -1 -10 877.40 181.05 964.63 242.74 -1000 -1000 -1000 -10 -1 -1 -1
54 840 Pedestrian -1 -1 -10 1128.82 180.49 1149.44 228.05 -1000 -1000 -1000 -10 -1 -1 -1
55 838 Pedestrian -1 -1 -10 315.91 0.35 364.32 96.23 -1000 -1000 -1000 -10 -1 -1 -1
55 850 Pedestrian -1 -1 -10 699.84 179.70 780.95 235.97 -1000 -1000 -1000 -10 -1 -1 -1
55 852 Pedestrian -1 -1 -10 861.55 180.38 946.89 239.24 -1000 -1000 -1000 -10 -1 -1 -1
55 840 Pedestrian -1 -1 -10 1130.18 180.93 1148.60 221.92 -1000 -1000 -1000 -10 -1 -1 -1
55 869 Pedestrian -1 -1 -10 1133.37 209.59 1234.19 311.79 -1000 -1000 -1000 -10 -1 -1 -1
56 838 Pedestrian -1 -1 -10 315.89 0.36 364.28 96.20 -1000 -1000 -1000 -10 -1 -1 -1
56 850 Pedestrian -1 -1 -10 694.70 179.20 771.17 232.53 -1000 -1000 -1000 -10 -1 -1 -1
56 852 Pedestrian -1 -1 -10 845.24 179.72 926.78 234.76 -1000 -1000 -1000 -10 -1 -1 -1
56 869 Pedestrian -1 -1 -10 1108.39 196.78 1224.48 313.66 -1000 -1000 -1000 -10 -1 -1 -1
57 838 Pedestrian -1 -1 -10 315.92 0.41 364.26 96.18 -1000 -1000 -1000 -10 -1 -1 -1
57 850 Pedestrian -1 -1 -10 688.60 178.90 759.78 228.45 -1000 -1000 -1000 -10 -1 -1 -1
57 852 Pedestrian -1 -1 -10 833.53 179.31 913.60 232.25 -1000 -1000 -1000 -10 -1 -1 -1
57 869 Pedestrian -1 -1 -10 1089.70 190.92 1206.77 306.32 -1000 -1000 -1000 -10 -1 -1 -1
58 838 Pedestrian -1 -1 -10 315.86 0.46 364.18 96.18 -1000 -1000 -1000 -10 -1 -1 -1
58 850 Pedestrian -1 -1 -10 683.41 178.69 751.07 225.84 -1000 -1000 -1000 -10 -1 -1 -1
58 852 Pedestrian -1 -1 -10 821.22 178.23 899.99 229.44 -1000 -1000 -1000 -10 -1 -1 -1
58 869 Pedestrian -1 -1 -10 1076.48 185.98 1184.84 287.62 -1000 -1000 -1000 -10 -1 -1 -1
58 870 Pedestrian -1 -1 -10 971.15 244.61 1252.61 372.09 -1000 -1000 -1000 -10 -1 -1 -1
59 838 Pedestrian -1 -1 -10 315.91 0.55 364.18 96.16 -1000 -1000 -1000 -10 -1 -1 -1
59 850 Pedestrian -1 -1 -10 679.24 179.05 742.26 223.13 -1000 -1000 -1000 -10 -1 -1 -1
59 852 Pedestrian -1 -1 -10 809.83 177.98 885.01 226.28 -1000 -1000 -1000 -10 -1 -1 -1
59 869 Pedestrian -1 -1 -10 1069.47 184.01 1163.70 264.41 -1000 -1000 -1000 -10 -1 -1 -1
59 870 Pedestrian -1 -1 -10 930.01 226.97 1253.36 373.64 -1000 -1000 -1000 -10 -1 -1 -1
60 838 Pedestrian -1 -1 -10 315.90 0.52 364.20 96.14 -1000 -1000 -1000 -10 -1 -1 -1
60 850 Pedestrian -1 -1 -10 675.83 179.92 734.19 220.73 -1000 -1000 -1000 -10 -1 -1 -1
60 852 Pedestrian -1 -1 -10 798.82 177.14 872.91 224.44 -1000 -1000 -1000 -10 -1 -1 -1
60 870 Pedestrian -1 -1 -10 895.82 213.28 1246.23 372.25 -1000 -1000 -1000 -10 -1 -1 -1
61 838 Pedestrian -1 -1 -10 315.93 0.46 364.26 96.16 -1000 -1000 -1000 -10 -1 -1 -1
61 850 Pedestrian -1 -1 -10 672.82 179.73 728.18 218.62 -1000 -1000 -1000 -10 -1 -1 -1
61 852 Pedestrian -1 -1 -10 791.16 177.82 859.73 221.31 -1000 -1000 -1000 -10 -1 -1 -1
61 870 Pedestrian -1 -1 -10 867.81 205.58 1238.49 373.53 -1000 -1000 -1000 -10 -1 -1 -1
62 838 Pedestrian -1 -1 -10 315.94 0.50 364.25 96.15 -1000 -1000 -1000 -10 -1 -1 -1
62 850 Pedestrian -1 -1 -10 668.94 179.41 721.17 216.21 -1000 -1000 -1000 -10 -1 -1 -1
62 852 Pedestrian -1 -1 -10 784.02 178.89 847.14 218.44 -1000 -1000 -1000 -10 -1 -1 -1
62 870 Pedestrian -1 -1 -10 844.01 201.85 1225.20 374.10 -1000 -1000 -1000 -10 -1 -1 -1
63 838 Pedestrian -1 -1 -10 315.95 0.49 364.24 96.11 -1000 -1000 -1000 -10 -1 -1 -1
63 850 Pedestrian -1 -1 -10 667.00 180.29 715.46 214.52 -1000 -1000 -1000 -10 -1 -1 -1
63 852 Pedestrian -1 -1 -10 775.06 178.72 836.43 217.06 -1000 -1000 -1000 -10 -1 -1 -1
63 870 Pedestrian -1 -1 -10 800.20 197.73 1181.80 371.38 -1000 -1000 -1000 -10 -1 -1 -1
63 840 Pedestrian -1 -1 -10 1130.35 181.21 1148.55 221.27 -1000 -1000 -1000 -10 -1 -1 -1
64 838 Pedestrian -1 -1 -10 315.93 0.43 364.26 96.15 -1000 -1000 -1000 -10 -1 -1 -1
64 850 Pedestrian -1 -1 -10 664.78 180.93 710.24 213.33 -1000 -1000 -1000 -10 -1 -1 -1
64 852 Pedestrian -1 -1 -10 766.61 178.41 826.08 215.49 -1000 -1000 -1000 -10 -1 -1 -1
64 870 Pedestrian -1 -1 -10 772.15 196.55 1118.92 355.73 -1000 -1000 -1000 -10 -1 -1 -1
64 840 Pedestrian -1 -1 -10 1130.72 181.13 1148.06 218.43 -1000 -1000 -1000 -10 -1 -1 -1
65 838 Pedestrian -1 -1 -10 315.93 0.42 364.28 96.16 -1000 -1000 -1000 -10 -1 -1 -1
65 850 Pedestrian -1 -1 -10 662.51 181.21 703.76 210.65 -1000 -1000 -1000 -10 -1 -1 -1
65 852 Pedestrian -1 -1 -10 759.01 177.31 816.55 213.09 -1000 -1000 -1000 -10 -1 -1 -1
65 870 Pedestrian -1 -1 -10 750.98 194.25 1057.88 336.79 -1000 -1000 -1000 -10 -1 -1 -1
65 840 Pedestrian -1 -1 -10 1129.85 180.87 1148.83 221.88 -1000 -1000 -1000 -10 -1 -1 -1
65 882 Pedestrian -1 -1 -10 762.14 177.51 822.31 214.03 -1000 -1000 -1000 -10 -1 -1 -1
65 883 Pedestrian -1 -1 -10 762.75 178.05 820.25 213.87 -1000 -1000 -1000 -10 -1 -1 -1
66 838 Pedestrian -1 -1 -10 315.93 0.33 364.33 96.17 -1000 -1000 -1000 -10 -1 -1 -1
66 850 Pedestrian -1 -1 -10 660.61 181.04 700.82 210.06 -1000 -1000 -1000 -10 -1 -1 -1
66 852 Pedestrian -1 -1 -10 751.24 177.08 806.22 211.61 -1000 -1000 -1000 -10 -1 -1 -1
66 870 Pedestrian -1 -1 -10 737.69 192.77 1004.43 318.27 -1000 -1000 -1000 -10 -1 -1 -1
66 840 Pedestrian -1 -1 -10 1129.49 180.67 1148.91 222.74 -1000 -1000 -1000 -10 -1 -1 -1
66 882 Pedestrian -1 -1 -10 753.93 177.35 811.92 212.60 -1000 -1000 -1000 -10 -1 -1 -1
66 883 Pedestrian -1 -1 -10 755.48 177.34 810.76 211.84 -1000 -1000 -1000 -10 -1 -1 -1
67 838 Pedestrian -1 -1 -10 315.93 0.38 364.30 96.18 -1000 -1000 -1000 -10 -1 -1 -1
67 850 Pedestrian -1 -1 -10 657.56 182.14 694.48 208.66 -1000 -1000 -1000 -10 -1 -1 -1
67 870 Pedestrian -1 -1 -10 724.79 191.80 957.85 302.89 -1000 -1000 -1000 -10 -1 -1 -1
67 840 Pedestrian -1 -1 -10 1127.89 180.26 1150.31 230.10 -1000 -1000 -1000 -10 -1 -1 -1
68 838 Pedestrian -1 -1 -10 315.88 0.35 364.30 96.26 -1000 -1000 -1000 -10 -1 -1 -1
68 850 Pedestrian -1 -1 -10 655.32 181.39 690.72 207.05 -1000 -1000 -1000 -10 -1 -1 -1
68 870 Pedestrian -1 -1 -10 717.24 192.19 920.58 290.56 -1000 -1000 -1000 -10 -1 -1 -1
68 840 Pedestrian -1 -1 -10 1127.79 180.32 1150.25 231.06 -1000 -1000 -1000 -10 -1 -1 -1
68 894 Pedestrian -1 -1 -10 860.80 181.14 966.40 236.82 -1000 -1000 -1000 -10 -1 -1 -1
69 838 Pedestrian -1 -1 -10 315.91 0.30 364.37 96.29 -1000 -1000 -1000 -10 -1 -1 -1
69 850 Pedestrian -1 -1 -10 654.65 181.98 686.08 204.84 -1000 -1000 -1000 -10 -1 -1 -1
69 870 Pedestrian -1 -1 -10 710.28 190.33 891.73 279.51 -1000 -1000 -1000 -10 -1 -1 -1
69 840 Pedestrian -1 -1 -10 1129.53 180.97 1148.59 223.11 -1000 -1000 -1000 -10 -1 -1 -1
69 894 Pedestrian -1 -1 -10 833.98 179.23 937.54 233.96 -1000 -1000 -1000 -10 -1 -1 -1
70 838 Pedestrian -1 -1 -10 315.90 0.31 364.34 96.24 -1000 -1000 -1000 -10 -1 -1 -1
70 850 Pedestrian -1 -1 -10 650.27 180.05 682.40 203.38 -1000 -1000 -1000 -10 -1 -1 -1
70 870 Pedestrian -1 -1 -10 702.75 189.05 865.17 270.14 -1000 -1000 -1000 -10 -1 -1 -1
70 894 Pedestrian -1 -1 -10 813.11 178.11 915.01 232.25 -1000 -1000 -1000 -10 -1 -1 -1
71 838 Pedestrian -1 -1 -10 315.96 0.39 364.34 96.20 -1000 -1000 -1000 -10 -1 -1 -1
71 850 Pedestrian -1 -1 -10 646.11 179.09 678.77 202.79 -1000 -1000 -1000 -10 -1 -1 -1
71 870 Pedestrian -1 -1 -10 695.92 188.21 843.28 263.08 -1000 -1000 -1000 -10 -1 -1 -1
71 894 Pedestrian -1 -1 -10 804.25 180.33 891.97 227.00 -1000 -1000 -1000 -10 -1 -1 -1
71 900 Pedestrian -1 -1 -10 992.03 235.53 1263.40 371.89 -1000 -1000 -1000 -10 -1 -1 -1
71 901 Pedestrian -1 -1 -10 1110.01 10.17 1228.23 276.69 -1000 -1000 -1000 -10 -1 -1 -1
72 838 Pedestrian -1 -1 -10 315.88 0.31 364.32 96.23 -1000 -1000 -1000 -10 -1 -1 -1
72 850 Pedestrian -1 -1 -10 643.35 178.85 675.15 201.95 -1000 -1000 -1000 -10 -1 -1 -1
72 870 Pedestrian -1 -1 -10 690.21 187.15 824.01 256.17 -1000 -1000 -1000 -10 -1 -1 -1
72 894 Pedestrian -1 -1 -10 791.51 179.30 875.95 224.52 -1000 -1000 -1000 -10 -1 -1 -1
72 900 Pedestrian -1 -1 -10 947.09 210.72 1267.42 372.21 -1000 -1000 -1000 -10 -1 -1 -1
72 901 Pedestrian -1 -1 -10 1093.30 2.94 1207.49 256.63 -1000 -1000 -1000 -10 -1 -1 -1
73 838 Pedestrian -1 -1 -10 315.92 0.31 364.36 96.22 -1000 -1000 -1000 -10 -1 -1 -1
73 850 Pedestrian -1 -1 -10 641.56 179.29 670.60 200.34 -1000 -1000 -1000 -10 -1 -1 -1
73 870 Pedestrian -1 -1 -10 684.54 184.78 809.66 250.64 -1000 -1000 -1000 -10 -1 -1 -1
73 894 Pedestrian -1 -1 -10 781.32 179.13 860.23 221.66 -1000 -1000 -1000 -10 -1 -1 -1
73 900 Pedestrian -1 -1 -10 915.08 200.15 1256.36 372.46 -1000 -1000 -1000 -10 -1 -1 -1
74 838 Pedestrian -1 -1 -10 315.90 0.32 364.30 96.17 -1000 -1000 -1000 -10 -1 -1 -1
74 850 Pedestrian -1 -1 -10 639.92 179.39 668.35 199.90 -1000 -1000 -1000 -10 -1 -1 -1
74 870 Pedestrian -1 -1 -10 677.12 181.68 798.15 246.83 -1000 -1000 -1000 -10 -1 -1 -1
74 894 Pedestrian -1 -1 -10 770.87 179.35 843.36 218.61 -1000 -1000 -1000 -10 -1 -1 -1
74 900 Pedestrian -1 -1 -10 886.00 192.48 1245.93 374.20 -1000 -1000 -1000 -10 -1 -1 -1
75 838 Pedestrian -1 -1 -10 315.90 0.28 364.32 96.18 -1000 -1000 -1000 -10 -1 -1 -1
75 850 Pedestrian -1 -1 -10 638.52 179.17 666.02 198.93 -1000 -1000 -1000 -10 -1 -1 -1
75 870 Pedestrian -1 -1 -10 671.93 179.55 784.64 241.50 -1000 -1000 -1000 -10 -1 -1 -1
75 894 Pedestrian -1 -1 -10 760.36 178.93 829.95 216.78 -1000 -1000 -1000 -10 -1 -1 -1
75 900 Pedestrian -1 -1 -10 863.14 187.59 1235.09 374.88 -1000 -1000 -1000 -10 -1 -1 -1
76 838 Pedestrian -1 -1 -10 315.94 0.51 364.22 96.10 -1000 -1000 -1000 -10 -1 -1 -1
76 850 Pedestrian -1 -1 -10 636.68 179.45 663.02 198.35 -1000 -1000 -1000 -10 -1 -1 -1
76 870 Pedestrian -1 -1 -10 667.29 178.16 773.13 237.72 -1000 -1000 -1000 -10 -1 -1 -1
76 894 Pedestrian -1 -1 -10 750.92 178.14 817.75 214.50 -1000 -1000 -1000 -10 -1 -1 -1
76 900 Pedestrian -1 -1 -10 844.42 184.72 1217.22 371.45 -1000 -1000 -1000 -10 -1 -1 -1
77 838 Pedestrian -1 -1 -10 315.94 0.34 364.33 96.13 -1000 -1000 -1000 -10 -1 -1 -1
77 870 Pedestrian -1 -1 -10 665.05 177.80 762.02 233.51 -1000 -1000 -1000 -10 -1 -1 -1
77 900 Pedestrian -1 -1 -10 817.88 183.10 1160.00 354.08 -1000 -1000 -1000 -10 -1 -1 -1
78 838 Pedestrian -1 -1 -10 315.95 0.33 364.35 96.14 -1000 -1000 -1000 -10 -1 -1 -1
78 870 Pedestrian -1 -1 -10 662.13 177.24 752.22 230.27 -1000 -1000 -1000 -10 -1 -1 -1
78 900 Pedestrian -1 -1 -10 791.98 182.80 1095.25 334.48 -1000 -1000 -1000 -10 -1 -1 -1
78 894 Pedestrian -1 -1 -10 736.84 176.08 799.76 210.65 -1000 -1000 -1000 -10 -1 -1 -1
79 838 Pedestrian -1 -1 -10 315.92 0.32 364.36 96.22 -1000 -1000 -1000 -10 -1 -1 -1
79 870 Pedestrian -1 -1 -10 659.45 177.19 742.82 227.15 -1000 -1000 -1000 -10 -1 -1 -1
79 900 Pedestrian -1 -1 -10 768.38 182.65 1038.04 318.19 -1000 -1000 -1000 -10 -1 -1 -1
79 902 Pedestrian -1 -1 -10 934.85 14.88 1217.38 280.29 -1000 -1000 -1000 -10 -1 -1 -1
79 894 Pedestrian -1 -1 -10 740.70 178.01 794.91 208.69 -1000 -1000 -1000 -10 -1 -1 -1
80 838 Pedestrian -1 -1 -10 315.88 0.34 364.31 96.22 -1000 -1000 -1000 -10 -1 -1 -1
80 870 Pedestrian -1 -1 -10 657.41 177.45 735.46 225.31 -1000 -1000 -1000 -10 -1 -1 -1
80 900 Pedestrian -1 -1 -10 752.24 181.58 988.97 301.38 -1000 -1000 -1000 -10 -1 -1 -1
80 902 Pedestrian -1 -1 -10 943.69 28.00 1205.07 272.01 -1000 -1000 -1000 -10 -1 -1 -1
80 894 Pedestrian -1 -1 -10 727.63 175.03 786.04 208.54 -1000 -1000 -1000 -10 -1 -1 -1
81 838 Pedestrian -1 -1 -10 315.92 0.42 364.31 96.22 -1000 -1000 -1000 -10 -1 -1 -1
81 870 Pedestrian -1 -1 -10 655.77 176.60 729.15 222.79 -1000 -1000 -1000 -10 -1 -1 -1
81 900 Pedestrian -1 -1 -10 735.70 180.97 949.45 290.18 -1000 -1000 -1000 -10 -1 -1 -1
81 902 Pedestrian -1 -1 -10 918.64 40.43 1160.28 263.03 -1000 -1000 -1000 -10 -1 -1 -1
81 894 Pedestrian -1 -1 -10 720.93 175.38 776.59 207.55 -1000 -1000 -1000 -10 -1 -1 -1
82 838 Pedestrian -1 -1 -10 315.87 0.35 364.32 96.26 -1000 -1000 -1000 -10 -1 -1 -1
82 870 Pedestrian -1 -1 -10 653.70 176.45 722.04 220.54 -1000 -1000 -1000 -10 -1 -1 -1
82 900 Pedestrian -1 -1 -10 722.92 180.56 914.53 279.51 -1000 -1000 -1000 -10 -1 -1 -1
82 902 Pedestrian -1 -1 -10 894.05 55.00 1118.18 258.59 -1000 -1000 -1000 -10 -1 -1 -1
83 838 Pedestrian -1 -1 -10 315.85 0.26 364.32 96.25 -1000 -1000 -1000 -10 -1 -1 -1
83 870 Pedestrian -1 -1 -10 654.13 177.91 714.48 217.43 -1000 -1000 -1000 -10 -1 -1 -1
83 900 Pedestrian -1 -1 -10 716.13 180.91 885.88 269.51 -1000 -1000 -1000 -10 -1 -1 -1
83 902 Pedestrian -1 -1 -10 872.70 63.99 1082.03 251.50 -1000 -1000 -1000 -10 -1 -1 -1
84 838 Pedestrian -1 -1 -10 315.86 0.38 364.28 96.30 -1000 -1000 -1000 -10 -1 -1 -1
84 870 Pedestrian -1 -1 -10 652.68 179.58 707.31 215.88 -1000 -1000 -1000 -10 -1 -1 -1
84 900 Pedestrian -1 -1 -10 708.56 181.12 859.42 260.68 -1000 -1000 -1000 -10 -1 -1 -1
84 902 Pedestrian -1 -1 -10 852.87 73.36 1051.13 248.31 -1000 -1000 -1000 -10 -1 -1 -1
85 838 Pedestrian -1 -1 -10 315.88 0.34 364.30 96.29 -1000 -1000 -1000 -10 -1 -1 -1
85 870 Pedestrian -1 -1 -10 651.79 181.66 700.09 214.04 -1000 -1000 -1000 -10 -1 -1 -1
85 900 Pedestrian -1 -1 -10 701.57 181.18 838.15 254.02 -1000 -1000 -1000 -10 -1 -1 -1
85 902 Pedestrian -1 -1 -10 830.81 81.46 1017.09 243.54 -1000 -1000 -1000 -10 -1 -1 -1
85 840 Pedestrian -1 -1 -10 1129.72 180.44 1148.45 221.49 -1000 -1000 -1000 -10 -1 -1 -1
86 838 Pedestrian -1 -1 -10 315.87 0.31 364.30 96.30 -1000 -1000 -1000 -10 -1 -1 -1
86 870 Pedestrian -1 -1 -10 650.76 182.34 695.13 212.37 -1000 -1000 -1000 -10 -1 -1 -1
86 900 Pedestrian -1 -1 -10 694.34 180.38 820.93 248.76 -1000 -1000 -1000 -10 -1 -1 -1
86 902 Pedestrian -1 -1 -10 815.50 88.46 989.43 237.60 -1000 -1000 -1000 -10 -1 -1 -1
86 840 Pedestrian -1 -1 -10 1127.18 179.81 1150.36 232.24 -1000 -1000 -1000 -10 -1 -1 -1
87 838 Pedestrian -1 -1 -10 315.90 0.36 364.30 96.30 -1000 -1000 -1000 -10 -1 -1 -1
87 870 Pedestrian -1 -1 -10 647.01 181.39 691.79 211.75 -1000 -1000 -1000 -10 -1 -1 -1
87 900 Pedestrian -1 -1 -10 688.62 179.76 805.26 243.63 -1000 -1000 -1000 -10 -1 -1 -1
87 902 Pedestrian -1 -1 -10 801.53 92.94 968.45 234.53 -1000 -1000 -1000 -10 -1 -1 -1
87 903 Pedestrian -1 -1 -10 1016.16 220.14 1256.27 371.23 -1000 -1000 -1000 -10 -1 -1 -1
88 838 Pedestrian -1 -1 -10 315.89 0.38 364.30 96.33 -1000 -1000 -1000 -10 -1 -1 -1
88 870 Pedestrian -1 -1 -10 644.06 181.29 686.35 210.06 -1000 -1000 -1000 -10 -1 -1 -1
88 900 Pedestrian -1 -1 -10 683.21 178.62 792.14 239.09 -1000 -1000 -1000 -10 -1 -1 -1
88 902 Pedestrian -1 -1 -10 786.53 97.80 946.77 232.49 -1000 -1000 -1000 -10 -1 -1 -1
88 903 Pedestrian -1 -1 -10 970.36 191.42 1257.29 372.37 -1000 -1000 -1000 -10 -1 -1 -1
89 838 Pedestrian -1 -1 -10 315.90 0.32 364.31 96.29 -1000 -1000 -1000 -10 -1 -1 -1
89 870 Pedestrian -1 -1 -10 639.41 179.05 683.83 209.47 -1000 -1000 -1000 -10 -1 -1 -1
89 900 Pedestrian -1 -1 -10 677.43 177.70 779.43 235.07 -1000 -1000 -1000 -10 -1 -1 -1
89 902 Pedestrian -1 -1 -10 774.78 101.18 928.34 229.40 -1000 -1000 -1000 -10 -1 -1 -1
89 903 Pedestrian -1 -1 -10 934.83 174.57 1246.14 370.84 -1000 -1000 -1000 -10 -1 -1 -1
90 838 Pedestrian -1 -1 -10 315.90 0.38 364.28 96.26 -1000 -1000 -1000 -10 -1 -1 -1
90 870 Pedestrian -1 -1 -10 638.95 178.57 680.71 207.22 -1000 -1000 -1000 -10 -1 -1 -1
90 900 Pedestrian -1 -1 -10 673.23 177.20 768.08 231.40 -1000 -1000 -1000 -10 -1 -1 -1
90 902 Pedestrian -1 -1 -10 765.70 105.50 911.37 226.24 -1000 -1000 -1000 -10 -1 -1 -1
90 903 Pedestrian -1 -1 -10 907.08 168.16 1232.07 372.27 -1000 -1000 -1000 -10 -1 -1 -1
91 838 Pedestrian -1 -1 -10 315.93 0.37 364.31 96.24 -1000 -1000 -1000 -10 -1 -1 -1
91 870 Pedestrian -1 -1 -10 638.33 177.82 677.55 204.86 -1000 -1000 -1000 -10 -1 -1 -1
91 900 Pedestrian -1 -1 -10 670.94 176.80 758.37 227.36 -1000 -1000 -1000 -10 -1 -1 -1
91 902 Pedestrian -1 -1 -10 756.32 109.71 894.39 224.06 -1000 -1000 -1000 -10 -1 -1 -1
91 903 Pedestrian -1 -1 -10 883.97 164.89 1218.78 373.51 -1000 -1000 -1000 -10 -1 -1 -1
92 838 Pedestrian -1 -1 -10 315.93 0.37 364.33 96.29 -1000 -1000 -1000 -10 -1 -1 -1
92 870 Pedestrian -1 -1 -10 638.31 179.75 673.03 203.72 -1000 -1000 -1000 -10 -1 -1 -1
92 900 Pedestrian -1 -1 -10 667.74 176.81 748.09 223.84 -1000 -1000 -1000 -10 -1 -1 -1
92 902 Pedestrian -1 -1 -10 751.54 111.89 880.11 218.31 -1000 -1000 -1000 -10 -1 -1 -1
92 903 Pedestrian -1 -1 -10 869.99 166.55 1202.91 371.15 -1000 -1000 -1000 -10 -1 -1 -1
93 838 Pedestrian -1 -1 -10 315.95 0.42 364.33 96.27 -1000 -1000 -1000 -10 -1 -1 -1
93 870 Pedestrian -1 -1 -10 636.64 179.23 670.01 202.29 -1000 -1000 -1000 -10 -1 -1 -1
93 900 Pedestrian -1 -1 -10 663.30 176.38 739.57 221.65 -1000 -1000 -1000 -10 -1 -1 -1
93 902 Pedestrian -1 -1 -10 747.70 115.36 866.79 214.09 -1000 -1000 -1000 -10 -1 -1 -1
93 903 Pedestrian -1 -1 -10 839.21 165.99 1150.65 355.69 -1000 -1000 -1000 -10 -1 -1 -1
94 838 Pedestrian -1 -1 -10 315.98 0.32 364.39 96.25 -1000 -1000 -1000 -10 -1 -1 -1
94 870 Pedestrian -1 -1 -10 635.21 180.23 664.93 200.45 -1000 -1000 -1000 -10 -1 -1 -1
94 900 Pedestrian -1 -1 -10 661.64 176.36 731.75 218.48 -1000 -1000 -1000 -10 -1 -1 -1
94 902 Pedestrian -1 -1 -10 738.79 118.14 854.65 213.81 -1000 -1000 -1000 -10 -1 -1 -1
94 903 Pedestrian -1 -1 -10 809.55 167.68 1091.62 338.68 -1000 -1000 -1000 -10 -1 -1 -1
94 840 Pedestrian -1 -1 -10 1130.80 181.29 1147.95 218.84 -1000 -1000 -1000 -10 -1 -1 -1
95 838 Pedestrian -1 -1 -10 315.94 0.31 364.36 96.27 -1000 -1000 -1000 -10 -1 -1 -1
95 870 Pedestrian -1 -1 -10 633.85 180.88 661.87 199.52 -1000 -1000 -1000 -10 -1 -1 -1
95 900 Pedestrian -1 -1 -10 658.88 176.38 723.40 215.49 -1000 -1000 -1000 -10 -1 -1 -1
95 902 Pedestrian -1 -1 -10 731.43 120.11 842.92 212.23 -1000 -1000 -1000 -10 -1 -1 -1
95 903 Pedestrian -1 -1 -10 785.58 169.02 1037.31 321.36 -1000 -1000 -1000 -10 -1 -1 -1
95 840 Pedestrian -1 -1 -10 1129.86 180.84 1148.75 222.26 -1000 -1000 -1000 -10 -1 -1 -1
96 838 Pedestrian -1 -1 -10 315.91 0.27 364.33 96.27 -1000 -1000 -1000 -10 -1 -1 -1
96 870 Pedestrian -1 -1 -10 630.71 180.05 660.43 199.92 -1000 -1000 -1000 -10 -1 -1 -1
96 900 Pedestrian -1 -1 -10 657.30 175.68 717.85 212.76 -1000 -1000 -1000 -10 -1 -1 -1
96 903 Pedestrian -1 -1 -10 764.90 168.93 990.61 305.76 -1000 -1000 -1000 -10 -1 -1 -1
96 840 Pedestrian -1 -1 -10 1129.06 180.47 1149.24 225.27 -1000 -1000 -1000 -10 -1 -1 -1
96 919 Pedestrian -1 -1 -10 1128.10 179.94 1149.65 235.07 -1000 -1000 -1000 -10 -1 -1 -1
97 838 Pedestrian -1 -1 -10 315.91 0.29 364.33 96.29 -1000 -1000 -1000 -10 -1 -1 -1
97 870 Pedestrian -1 -1 -10 629.43 179.93 658.76 199.60 -1000 -1000 -1000 -10 -1 -1 -1
97 900 Pedestrian -1 -1 -10 654.14 176.14 711.17 211.58 -1000 -1000 -1000 -10 -1 -1 -1
97 903 Pedestrian -1 -1 -10 750.56 170.06 950.45 291.63 -1000 -1000 -1000 -10 -1 -1 -1
97 919 Pedestrian -1 -1 -10 1127.66 179.87 1150.02 237.15 -1000 -1000 -1000 -10 -1 -1 -1
97 902 Pedestrian -1 -1 -10 719.37 123.20 823.03 209.65 -1000 -1000 -1000 -10 -1 -1 -1
98 838 Pedestrian -1 -1 -10 315.91 0.32 364.27 96.22 -1000 -1000 -1000 -10 -1 -1 -1
98 900 Pedestrian -1 -1 -10 652.05 175.57 706.46 210.02 -1000 -1000 -1000 -10 -1 -1 -1
98 903 Pedestrian -1 -1 -10 736.73 169.99 917.98 280.78 -1000 -1000 -1000 -10 -1 -1 -1
98 920 Pedestrian -1 -1 -10 994.99 230.75 1247.12 371.53 -1000 -1000 -1000 -10 -1 -1 -1
98 902 Pedestrian -1 -1 -10 713.55 124.35 816.53 210.62 -1000 -1000 -1000 -10 -1 -1 -1
98 840 Pedestrian -1 -1 -10 1129.61 181.36 1149.43 225.52 -1000 -1000 -1000 -10 -1 -1 -1
99 838 Pedestrian -1 -1 -10 315.95 0.31 364.32 96.23 -1000 -1000 -1000 -10 -1 -1 -1
99 900 Pedestrian -1 -1 -10 650.78 176.77 700.15 208.51 -1000 -1000 -1000 -10 -1 -1 -1
99 903 Pedestrian -1 -1 -10 725.84 170.22 890.53 271.67 -1000 -1000 -1000 -10 -1 -1 -1
99 920 Pedestrian -1 -1 -10 957.54 214.13 1239.68 371.55 -1000 -1000 -1000 -10 -1 -1 -1
100 838 Pedestrian -1 -1 -10 315.94 0.25 364.35 96.26 -1000 -1000 -1000 -10 -1 -1 -1
100 900 Pedestrian -1 -1 -10 649.13 177.26 694.54 206.79 -1000 -1000 -1000 -10 -1 -1 -1
100 903 Pedestrian -1 -1 -10 717.71 170.51 866.68 263.08 -1000 -1000 -1000 -10 -1 -1 -1
100 920 Pedestrian -1 -1 -10 923.22 204.81 1226.32 373.26 -1000 -1000 -1000 -10 -1 -1 -1
101 838 Pedestrian -1 -1 -10 315.95 0.33 364.31 96.23 -1000 -1000 -1000 -10 -1 -1 -1
101 900 Pedestrian -1 -1 -10 646.95 175.62 689.93 204.03 -1000 -1000 -1000 -10 -1 -1 -1
101 903 Pedestrian -1 -1 -10 709.98 170.54 847.80 257.01 -1000 -1000 -1000 -10 -1 -1 -1
101 920 Pedestrian -1 -1 -10 895.48 198.76 1214.25 374.61 -1000 -1000 -1000 -10 -1 -1 -1
102 838 Pedestrian -1 -1 -10 315.94 0.47 364.25 96.24 -1000 -1000 -1000 -10 -1 -1 -1
102 900 Pedestrian -1 -1 -10 647.86 177.17 684.76 201.68 -1000 -1000 -1000 -10 -1 -1 -1
102 903 Pedestrian -1 -1 -10 703.15 170.96 828.38 250.21 -1000 -1000 -1000 -10 -1 -1 -1
102 920 Pedestrian -1 -1 -10 851.38 194.28 1162.75 365.84 -1000 -1000 -1000 -10 -1 -1 -1
103 838 Pedestrian -1 -1 -10 316.00 0.44 364.30 96.17 -1000 -1000 -1000 -10 -1 -1 -1
103 900 Pedestrian -1 -1 -10 644.41 175.94 680.83 200.41 -1000 -1000 -1000 -10 -1 -1 -1
103 903 Pedestrian -1 -1 -10 697.19 171.78 811.29 244.69 -1000 -1000 -1000 -10 -1 -1 -1
103 920 Pedestrian -1 -1 -10 815.89 191.10 1097.98 346.67 -1000 -1000 -1000 -10 -1 -1 -1
103 928 Pedestrian -1 -1 -10 1106.59 197.67 1229.54 305.67 -1000 -1000 -1000 -10 -1 -1 -1
104 838 Pedestrian -1 -1 -10 315.98 0.31 364.34 96.19 -1000 -1000 -1000 -10 -1 -1 -1
104 900 Pedestrian -1 -1 -10 641.92 175.42 677.79 199.88 -1000 -1000 -1000 -10 -1 -1 -1
104 903 Pedestrian -1 -1 -10 693.35 173.02 797.56 240.12 -1000 -1000 -1000 -10 -1 -1 -1
104 920 Pedestrian -1 -1 -10 787.89 188.31 1036.90 326.24 -1000 -1000 -1000 -10 -1 -1 -1
104 928 Pedestrian -1 -1 -10 1076.51 191.42 1219.52 316.22 -1000 -1000 -1000 -10 -1 -1 -1
105 838 Pedestrian -1 -1 -10 315.97 0.33 364.33 96.20 -1000 -1000 -1000 -10 -1 -1 -1
105 900 Pedestrian -1 -1 -10 638.04 174.88 674.77 200.42 -1000 -1000 -1000 -10 -1 -1 -1
105 903 Pedestrian -1 -1 -10 696.00 173.18 790.80 235.76 -1000 -1000 -1000 -10 -1 -1 -1
105 920 Pedestrian -1 -1 -10 767.38 185.61 986.30 307.60 -1000 -1000 -1000 -10 -1 -1 -1
105 928 Pedestrian -1 -1 -10 1057.00 187.38 1199.51 309.09 -1000 -1000 -1000 -10 -1 -1 -1
106 838 Pedestrian -1 -1 -10 315.97 0.31 364.31 96.15 -1000 -1000 -1000 -10 -1 -1 -1
106 900 Pedestrian -1 -1 -10 635.99 175.26 671.05 199.95 -1000 -1000 -1000 -10 -1 -1 -1
106 920 Pedestrian -1 -1 -10 751.95 184.97 945.31 293.78 -1000 -1000 -1000 -10 -1 -1 -1
106 928 Pedestrian -1 -1 -10 1040.93 184.54 1180.46 299.18 -1000 -1000 -1000 -10 -1 -1 -1
107 838 Pedestrian -1 -1 -10 315.97 0.34 364.30 96.14 -1000 -1000 -1000 -10 -1 -1 -1
107 900 Pedestrian -1 -1 -10 635.47 175.75 667.19 198.14 -1000 -1000 -1000 -10 -1 -1 -1
107 920 Pedestrian -1 -1 -10 741.20 185.45 907.54 279.64 -1000 -1000 -1000 -10 -1 -1 -1
107 928 Pedestrian -1 -1 -10 1014.46 183.36 1146.05 286.21 -1000 -1000 -1000 -10 -1 -1 -1
108 838 Pedestrian -1 -1 -10 315.94 0.37 364.28 96.18 -1000 -1000 -1000 -10 -1 -1 -1
108 900 Pedestrian -1 -1 -10 633.76 176.16 663.72 197.43 -1000 -1000 -1000 -10 -1 -1 -1
108 920 Pedestrian -1 -1 -10 733.26 186.38 878.62 269.23 -1000 -1000 -1000 -10 -1 -1 -1
108 928 Pedestrian -1 -1 -10 980.18 181.19 1106.55 275.55 -1000 -1000 -1000 -10 -1 -1 -1
109 838 Pedestrian -1 -1 -10 315.95 0.35 364.30 96.21 -1000 -1000 -1000 -10 -1 -1 -1
109 900 Pedestrian -1 -1 -10 631.36 175.44 660.70 196.18 -1000 -1000 -1000 -10 -1 -1 -1
109 920 Pedestrian -1 -1 -10 724.51 185.17 854.61 259.83 -1000 -1000 -1000 -10 -1 -1 -1
109 928 Pedestrian -1 -1 -10 948.43 180.56 1067.86 265.96 -1000 -1000 -1000 -10 -1 -1 -1
109 840 Pedestrian -1 -1 -10 1128.65 180.45 1149.31 226.59 -1000 -1000 -1000 -10 -1 -1 -1
109 903 Pedestrian -1 -1 -10 647.80 141.55 765.64 223.76 -1000 -1000 -1000 -10 -1 -1 -1
110 838 Pedestrian -1 -1 -10 315.91 0.31 364.29 96.27 -1000 -1000 -1000 -10 -1 -1 -1
110 900 Pedestrian -1 -1 -10 628.77 174.67 657.68 194.88 -1000 -1000 -1000 -10 -1 -1 -1
110 920 Pedestrian -1 -1 -10 714.26 183.23 836.74 254.29 -1000 -1000 -1000 -10 -1 -1 -1
110 928 Pedestrian -1 -1 -10 919.22 180.54 1034.47 259.93 -1000 -1000 -1000 -10 -1 -1 -1
110 840 Pedestrian -1 -1 -10 1129.61 180.33 1148.95 223.19 -1000 -1000 -1000 -10 -1 -1 -1
111 838 Pedestrian -1 -1 -10 315.96 0.41 364.26 96.21 -1000 -1000 -1000 -10 -1 -1 -1
111 900 Pedestrian -1 -1 -10 627.78 174.60 655.41 193.87 -1000 -1000 -1000 -10 -1 -1 -1
111 920 Pedestrian -1 -1 -10 707.18 182.01 820.36 248.34 -1000 -1000 -1000 -10 -1 -1 -1
111 928 Pedestrian -1 -1 -10 894.15 180.21 1003.50 253.03 -1000 -1000 -1000 -10 -1 -1 -1
111 840 Pedestrian -1 -1 -10 1128.67 180.26 1149.76 227.98 -1000 -1000 -1000 -10 -1 -1 -1
112 838 Pedestrian -1 -1 -10 315.95 0.39 364.26 96.22 -1000 -1000 -1000 -10 -1 -1 -1
112 920 Pedestrian -1 -1 -10 700.85 181.15 804.30 242.28 -1000 -1000 -1000 -10 -1 -1 -1
112 928 Pedestrian -1 -1 -10 873.83 180.00 978.10 247.36 -1000 -1000 -1000 -10 -1 -1 -1
112 840 Pedestrian -1 -1 -10 1129.81 180.44 1148.53 221.60 -1000 -1000 -1000 -10 -1 -1 -1
113 838 Pedestrian -1 -1 -10 315.90 0.34 364.25 96.25 -1000 -1000 -1000 -10 -1 -1 -1
113 920 Pedestrian -1 -1 -10 694.40 179.44 792.92 238.38 -1000 -1000 -1000 -10 -1 -1 -1
113 928 Pedestrian -1 -1 -10 855.19 179.95 953.04 241.24 -1000 -1000 -1000 -10 -1 -1 -1
113 840 Pedestrian -1 -1 -10 1130.01 180.57 1148.41 220.57 -1000 -1000 -1000 -10 -1 -1 -1
113 929 Pedestrian -1 -1 -10 315.61 1.03 363.35 96.56 -1000 -1000 -1000 -10 -1 -1 -1
113 930 Pedestrian -1 -1 -10 316.11 1.64 362.54 96.77 -1000 -1000 -1000 -10 -1 -1 -1
113 931 Pedestrian -1 -1 -10 316.01 0.14 366.53 96.60 -1000 -1000 -1000 -10 -1 -1 -1
113 933 Pedestrian -1 -1 -10 315.56 3.82 362.32 96.72 -1000 -1000 -1000 -10 -1 -1 -1
113 934 Pedestrian -1 -1 -10 316.01 1.07 363.40 97.89 -1000 -1000 -1000 -10 -1 -1 -1
113 935 Pedestrian -1 -1 -10 315.74 1.56 362.34 96.93 -1000 -1000 -1000 -10 -1 -1 -1
113 936 Pedestrian -1 -1 -10 315.20 0.83 363.57 96.16 -1000 -1000 -1000 -10 -1 -1 -1
113 900 Pedestrian -1 -1 -10 624.86 174.26 651.55 192.88 -1000 -1000 -1000 -10 -1 -1 -1
114 838 Pedestrian -1 -1 -10 315.93 0.39 364.25 96.24 -1000 -1000 -1000 -10 -1 -1 -1
114 920 Pedestrian -1 -1 -10 690.18 179.80 780.03 234.20 -1000 -1000 -1000 -10 -1 -1 -1
114 928 Pedestrian -1 -1 -10 839.54 179.55 934.02 237.45 -1000 -1000 -1000 -10 -1 -1 -1
114 840 Pedestrian -1 -1 -10 1129.52 180.67 1148.42 221.49 -1000 -1000 -1000 -10 -1 -1 -1
114 929 Pedestrian -1 -1 -10 315.64 1.10 363.35 96.55 -1000 -1000 -1000 -10 -1 -1 -1
114 930 Pedestrian -1 -1 -10 316.15 1.70 362.56 96.78 -1000 -1000 -1000 -10 -1 -1 -1
114 931 Pedestrian -1 -1 -10 316.03 0.20 366.51 96.58 -1000 -1000 -1000 -10 -1 -1 -1
114 933 Pedestrian -1 -1 -10 315.62 3.91 362.35 96.77 -1000 -1000 -1000 -10 -1 -1 -1
114 934 Pedestrian -1 -1 -10 316.07 1.28 363.37 97.91 -1000 -1000 -1000 -10 -1 -1 -1
114 935 Pedestrian -1 -1 -10 315.80 1.64 362.37 96.94 -1000 -1000 -1000 -10 -1 -1 -1
114 936 Pedestrian -1 -1 -10 315.23 0.93 363.55 96.14 -1000 -1000 -1000 -10 -1 -1 -1
114 900 Pedestrian -1 -1 -10 622.89 174.45 649.45 192.84 -1000 -1000 -1000 -10 -1 -1 -1
115 838 Pedestrian -1 -1 -10 315.91 0.28 364.27 96.23 -1000 -1000 -1000 -10 -1 -1 -1
115 920 Pedestrian -1 -1 -10 690.30 179.86 772.49 230.68 -1000 -1000 -1000 -10 -1 -1 -1
115 928 Pedestrian -1 -1 -10 825.69 178.92 916.46 233.29 -1000 -1000 -1000 -10 -1 -1 -1
115 840 Pedestrian -1 -1 -10 1130.07 180.75 1148.31 219.65 -1000 -1000 -1000 -10 -1 -1 -1
116 838 Pedestrian -1 -1 -10 315.96 0.38 364.26 96.21 -1000 -1000 -1000 -10 -1 -1 -1
116 920 Pedestrian -1 -1 -10 684.14 179.81 759.76 227.00 -1000 -1000 -1000 -10 -1 -1 -1
116 928 Pedestrian -1 -1 -10 811.90 178.57 899.52 230.33 -1000 -1000 -1000 -10 -1 -1 -1
116 840 Pedestrian -1 -1 -10 1129.98 180.75 1148.44 219.92 -1000 -1000 -1000 -10 -1 -1 -1
117 838 Pedestrian -1 -1 -10 315.95 0.44 364.21 96.22 -1000 -1000 -1000 -10 -1 -1 -1
117 920 Pedestrian -1 -1 -10 678.50 178.45 751.69 224.78 -1000 -1000 -1000 -10 -1 -1 -1
117 928 Pedestrian -1 -1 -10 800.76 177.88 884.76 227.04 -1000 -1000 -1000 -10 -1 -1 -1
117 840 Pedestrian -1 -1 -10 1130.17 180.92 1148.27 219.04 -1000 -1000 -1000 -10 -1 -1 -1
117 942 Pedestrian -1 -1 -10 315.63 1.15 363.34 96.50 -1000 -1000 -1000 -10 -1 -1 -1
117 943 Pedestrian -1 -1 -10 316.20 1.82 362.53 96.76 -1000 -1000 -1000 -10 -1 -1 -1
117 944 Pedestrian -1 -1 -10 315.95 0.25 366.53 96.55 -1000 -1000 -1000 -10 -1 -1 -1
117 945 Pedestrian -1 -1 -10 315.67 4.07 362.28 96.69 -1000 -1000 -1000 -10 -1 -1 -1
117 948 Pedestrian -1 -1 -10 316.19 1.35 363.32 97.87 -1000 -1000 -1000 -10 -1 -1 -1
117 949 Pedestrian -1 -1 -10 315.82 1.78 362.39 96.92 -1000 -1000 -1000 -10 -1 -1 -1
117 950 Pedestrian -1 -1 -10 315.29 0.96 363.58 96.08 -1000 -1000 -1000 -10 -1 -1 -1
118 838 Pedestrian -1 -1 -10 315.91 0.36 364.24 96.26 -1000 -1000 -1000 -10 -1 -1 -1
118 920 Pedestrian -1 -1 -10 676.98 178.33 744.27 221.79 -1000 -1000 -1000 -10 -1 -1 -1
118 928 Pedestrian -1 -1 -10 791.44 178.33 871.64 224.78 -1000 -1000 -1000 -10 -1 -1 -1
118 840 Pedestrian -1 -1 -10 1129.84 180.83 1148.34 219.60 -1000 -1000 -1000 -10 -1 -1 -1
118 942 Pedestrian -1 -1 -10 315.60 1.06 363.38 96.54 -1000 -1000 -1000 -10 -1 -1 -1
118 943 Pedestrian -1 -1 -10 316.17 1.71 362.58 96.78 -1000 -1000 -1000 -10 -1 -1 -1
118 944 Pedestrian -1 -1 -10 315.89 0.14 366.54 96.58 -1000 -1000 -1000 -10 -1 -1 -1
118 945 Pedestrian -1 -1 -10 315.63 3.98 362.31 96.74 -1000 -1000 -1000 -10 -1 -1 -1
118 948 Pedestrian -1 -1 -10 316.14 1.21 363.36 97.92 -1000 -1000 -1000 -10 -1 -1 -1
118 949 Pedestrian -1 -1 -10 315.76 1.66 362.42 96.96 -1000 -1000 -1000 -10 -1 -1 -1
118 950 Pedestrian -1 -1 -10 315.26 0.87 363.61 96.13 -1000 -1000 -1000 -10 -1 -1 -1
119 838 Pedestrian -1 -1 -10 315.94 0.32 364.27 96.22 -1000 -1000 -1000 -10 -1 -1 -1
119 920 Pedestrian -1 -1 -10 674.57 181.56 734.13 220.21 -1000 -1000 -1000 -10 -1 -1 -1
119 928 Pedestrian -1 -1 -10 782.27 177.90 859.29 222.20 -1000 -1000 -1000 -10 -1 -1 -1
119 840 Pedestrian -1 -1 -10 1130.18 180.60 1148.53 218.82 -1000 -1000 -1000 -10 -1 -1 -1
119 953 Pedestrian -1 -1 -10 653.56 172.69 689.36 207.35 -1000 -1000 -1000 -10 -1 -1 -1
119 956 Pedestrian -1 -1 -10 654.11 172.40 689.81 207.41 -1000 -1000 -1000 -10 -1 -1 -1
120 838 Pedestrian -1 -1 -10 315.94 0.32 364.26 96.20 -1000 -1000 -1000 -10 -1 -1 -1
120 920 Pedestrian -1 -1 -10 670.99 180.88 728.08 218.38 -1000 -1000 -1000 -10 -1 -1 -1
120 928 Pedestrian -1 -1 -10 775.31 178.33 847.31 219.32 -1000 -1000 -1000 -10 -1 -1 -1
120 840 Pedestrian -1 -1 -10 1129.99 180.89 1149.25 221.30 -1000 -1000 -1000 -10 -1 -1 -1
121 838 Pedestrian -1 -1 -10 315.95 0.30 364.27 96.19 -1000 -1000 -1000 -10 -1 -1 -1
121 920 Pedestrian -1 -1 -10 669.43 180.76 722.35 216.09 -1000 -1000 -1000 -10 -1 -1 -1
121 928 Pedestrian -1 -1 -10 767.40 178.46 837.58 218.20 -1000 -1000 -1000 -10 -1 -1 -1
121 840 Pedestrian -1 -1 -10 1129.35 180.72 1149.49 223.36 -1000 -1000 -1000 -10 -1 -1 -1
122 838 Pedestrian -1 -1 -10 315.97 0.30 364.33 96.26 -1000 -1000 -1000 -10 -1 -1 -1
122 920 Pedestrian -1 -1 -10 664.32 179.92 716.09 214.77 -1000 -1000 -1000 -10 -1 -1 -1
122 928 Pedestrian -1 -1 -10 760.26 179.00 826.34 216.15 -1000 -1000 -1000 -10 -1 -1 -1
122 840 Pedestrian -1 -1 -10 1129.23 180.78 1149.29 223.37 -1000 -1000 -1000 -10 -1 -1 -1
123 838 Pedestrian -1 -1 -10 315.88 0.33 364.21 96.21 -1000 -1000 -1000 -10 -1 -1 -1
123 920 Pedestrian -1 -1 -10 662.08 180.40 710.18 213.01 -1000 -1000 -1000 -10 -1 -1 -1
123 928 Pedestrian -1 -1 -10 753.02 179.02 817.32 215.04 -1000 -1000 -1000 -10 -1 -1 -1
123 840 Pedestrian -1 -1 -10 1129.16 180.85 1149.42 224.08 -1000 -1000 -1000 -10 -1 -1 -1
123 961 Pedestrian -1 -1 -10 315.53 1.09 363.32 96.51 -1000 -1000 -1000 -10 -1 -1 -1
123 962 Pedestrian -1 -1 -10 316.13 1.80 362.46 96.79 -1000 -1000 -1000 -10 -1 -1 -1
123 963 Pedestrian -1 -1 -10 315.84 0.12 366.63 96.59 -1000 -1000 -1000 -10 -1 -1 -1
123 964 Pedestrian -1 -1 -10 315.66 4.02 362.22 96.76 -1000 -1000 -1000 -10 -1 -1 -1
123 965 Pedestrian -1 -1 -10 316.07 1.29 363.21 97.89 -1000 -1000 -1000 -10 -1 -1 -1
123 966 Pedestrian -1 -1 -10 315.75 1.75 362.32 96.99 -1000 -1000 -1000 -10 -1 -1 -1
123 967 Pedestrian -1 -1 -10 315.20 0.89 363.44 96.14 -1000 -1000 -1000 -10 -1 -1 -1
124 838 Pedestrian -1 -1 -10 315.95 0.32 364.30 96.27 -1000 -1000 -1000 -10 -1 -1 -1
124 920 Pedestrian -1 -1 -10 658.76 178.90 705.90 211.32 -1000 -1000 -1000 -10 -1 -1 -1
124 928 Pedestrian -1 -1 -10 747.02 179.08 807.66 212.69 -1000 -1000 -1000 -10 -1 -1 -1
125 838 Pedestrian -1 -1 -10 315.94 0.31 364.29 96.24 -1000 -1000 -1000 -10 -1 -1 -1
125 920 Pedestrian -1 -1 -10 652.71 178.69 699.25 210.43 -1000 -1000 -1000 -10 -1 -1 -1
125 928 Pedestrian -1 -1 -10 740.44 177.12 801.48 211.06 -1000 -1000 -1000 -10 -1 -1 -1
125 980 Pedestrian -1 -1 -10 1096.71 144.26 1220.05 312.89 -1000 -1000 -1000 -10 -1 -1 -1
126 838 Pedestrian -1 -1 -10 315.94 0.36 364.26 96.25 -1000 -1000 -1000 -10 -1 -1 -1
126 920 Pedestrian -1 -1 -10 644.95 177.26 693.05 209.63 -1000 -1000 -1000 -10 -1 -1 -1
126 928 Pedestrian -1 -1 -10 735.50 176.99 794.65 209.97 -1000 -1000 -1000 -10 -1 -1 -1
126 980 Pedestrian -1 -1 -10 1069.85 143.87 1206.10 328.07 -1000 -1000 -1000 -10 -1 -1 -1
127 838 Pedestrian -1 -1 -10 315.96 0.40 364.25 96.21 -1000 -1000 -1000 -10 -1 -1 -1
127 928 Pedestrian -1 -1 -10 729.05 175.92 787.98 209.06 -1000 -1000 -1000 -10 -1 -1 -1
127 980 Pedestrian -1 -1 -10 1049.51 143.44 1185.88 322.80 -1000 -1000 -1000 -10 -1 -1 -1
128 838 Pedestrian -1 -1 -10 315.97 0.33 364.31 96.22 -1000 -1000 -1000 -10 -1 -1 -1
128 928 Pedestrian -1 -1 -10 724.59 175.34 782.05 207.92 -1000 -1000 -1000 -10 -1 -1 -1
128 980 Pedestrian -1 -1 -10 1034.85 142.45 1165.12 305.25 -1000 -1000 -1000 -10 -1 -1 -1
129 838 Pedestrian -1 -1 -10 315.98 0.35 364.30 96.20 -1000 -1000 -1000 -10 -1 -1 -1
129 928 Pedestrian -1 -1 -10 721.58 175.92 774.86 206.29 -1000 -1000 -1000 -10 -1 -1 -1
129 980 Pedestrian -1 -1 -10 1014.26 145.42 1138.78 290.83 -1000 -1000 -1000 -10 -1 -1 -1
129 953 Pedestrian -1 -1 -10 658.09 180.16 683.27 204.20 -1000 -1000 -1000 -10 -1 -1 -1
130 838 Pedestrian -1 -1 -10 315.97 0.36 364.27 96.19 -1000 -1000 -1000 -10 -1 -1 -1
130 928 Pedestrian -1 -1 -10 716.74 176.31 768.23 205.78 -1000 -1000 -1000 -10 -1 -1 -1
130 980 Pedestrian -1 -1 -10 978.57 148.20 1098.87 279.97 -1000 -1000 -1000 -10 -1 -1 -1
130 953 Pedestrian -1 -1 -10 657.65 179.20 683.10 203.75 -1000 -1000 -1000 -10 -1 -1 -1
131 838 Pedestrian -1 -1 -10 315.97 0.36 364.27 96.16 -1000 -1000 -1000 -10 -1 -1 -1
131 928 Pedestrian -1 -1 -10 714.56 176.49 762.01 203.58 -1000 -1000 -1000 -10 -1 -1 -1
132 838 Pedestrian -1 -1 -10 315.97 0.37 364.23 96.10 -1000 -1000 -1000 -10 -1 -1 -1
132 928 Pedestrian -1 -1 -10 711.00 177.06 756.40 202.93 -1000 -1000 -1000 -10 -1 -1 -1
132 840 Pedestrian -1 -1 -10 1130.10 180.91 1147.99 218.34 -1000 -1000 -1000 -10 -1 -1 -1
132 980 Pedestrian -1 -1 -10 916.02 150.92 1024.85 262.96 -1000 -1000 -1000 -10 -1 -1 -1
133 838 Pedestrian -1 -1 -10 315.97 0.31 364.32 96.23 -1000 -1000 -1000 -10 -1 -1 -1
133 928 Pedestrian -1 -1 -10 706.08 175.72 752.09 202.12 -1000 -1000 -1000 -10 -1 -1 -1
133 840 Pedestrian -1 -1 -10 1129.29 180.69 1148.80 221.69 -1000 -1000 -1000 -10 -1 -1 -1
133 980 Pedestrian -1 -1 -10 886.98 151.64 994.87 257.01 -1000 -1000 -1000 -10 -1 -1 -1
134 838 Pedestrian -1 -1 -10 315.93 0.43 364.24 96.27 -1000 -1000 -1000 -10 -1 -1 -1
134 928 Pedestrian -1 -1 -10 701.67 175.40 747.43 201.82 -1000 -1000 -1000 -10 -1 -1 -1
134 840 Pedestrian -1 -1 -10 1129.21 180.74 1148.91 222.25 -1000 -1000 -1000 -10 -1 -1 -1
134 980 Pedestrian -1 -1 -10 865.67 154.44 968.21 249.53 -1000 -1000 -1000 -10 -1 -1 -1
134 981 Pedestrian -1 -1 -10 641.11 177.32 667.97 201.15 -1000 -1000 -1000 -10 -1 -1 -1
135 838 Pedestrian -1 -1 -10 315.89 0.38 364.28 96.37 -1000 -1000 -1000 -10 -1 -1 -1
135 928 Pedestrian -1 -1 -10 698.10 175.47 741.97 200.81 -1000 -1000 -1000 -10 -1 -1 -1
135 840 Pedestrian -1 -1 -10 1129.16 180.77 1149.14 223.12 -1000 -1000 -1000 -10 -1 -1 -1
135 980 Pedestrian -1 -1 -10 846.15 155.54 945.95 244.30 -1000 -1000 -1000 -10 -1 -1 -1
135 987 Pedestrian -1 -1 -10 824.49 155.60 980.29 245.59 -1000 -1000 -1000 -10 -1 -1 -1
136 838 Pedestrian -1 -1 -10 315.92 0.33 364.30 96.29 -1000 -1000 -1000 -10 -1 -1 -1
136 928 Pedestrian -1 -1 -10 694.82 175.62 736.75 200.12 -1000 -1000 -1000 -10 -1 -1 -1
136 840 Pedestrian -1 -1 -10 1128.93 180.54 1149.21 223.70 -1000 -1000 -1000 -10 -1 -1 -1
136 987 Pedestrian -1 -1 -10 811.15 156.79 958.46 242.01 -1000 -1000 -1000 -10 -1 -1 -1
137 838 Pedestrian -1 -1 -10 315.91 0.36 364.25 96.25 -1000 -1000 -1000 -10 -1 -1 -1
137 928 Pedestrian -1 -1 -10 691.94 175.69 731.64 199.03 -1000 -1000 -1000 -10 -1 -1 -1
137 840 Pedestrian -1 -1 -10 1128.83 180.51 1149.30 224.32 -1000 -1000 -1000 -10 -1 -1 -1
137 987 Pedestrian -1 -1 -10 797.96 157.43 933.73 236.15 -1000 -1000 -1000 -10 -1 -1 -1
138 838 Pedestrian -1 -1 -10 315.96 0.31 364.32 96.21 -1000 -1000 -1000 -10 -1 -1 -1
138 928 Pedestrian -1 -1 -10 690.02 175.69 727.92 197.97 -1000 -1000 -1000 -10 -1 -1 -1
138 840 Pedestrian -1 -1 -10 1129.53 180.59 1148.93 221.95 -1000 -1000 -1000 -10 -1 -1 -1
138 987 Pedestrian -1 -1 -10 785.62 158.05 914.25 232.96 -1000 -1000 -1000 -10 -1 -1 -1
139 838 Pedestrian -1 -1 -10 315.94 0.46 364.24 96.24 -1000 -1000 -1000 -10 -1 -1 -1
139 928 Pedestrian -1 -1 -10 687.40 175.71 724.21 197.21 -1000 -1000 -1000 -10 -1 -1 -1
139 840 Pedestrian -1 -1 -10 1129.22 180.57 1149.37 223.85 -1000 -1000 -1000 -10 -1 -1 -1
140 838 Pedestrian -1 -1 -10 315.90 0.32 364.30 96.27 -1000 -1000 -1000 -10 -1 -1 -1
140 928 Pedestrian -1 -1 -10 684.35 175.54 720.92 197.02 -1000 -1000 -1000 -10 -1 -1 -1
140 840 Pedestrian -1 -1 -10 1129.54 180.76 1148.82 221.98 -1000 -1000 -1000 -10 -1 -1 -1
140 987 Pedestrian -1 -1 -10 766.66 158.60 881.76 226.17 -1000 -1000 -1000 -10 -1 -1 -1
141 838 Pedestrian -1 -1 -10 315.96 0.29 364.36 96.25 -1000 -1000 -1000 -10 -1 -1 -1
141 928 Pedestrian -1 -1 -10 680.98 175.30 717.19 196.88 -1000 -1000 -1000 -10 -1 -1 -1
141 840 Pedestrian -1 -1 -10 1129.08 180.71 1149.40 224.49 -1000 -1000 -1000 -10 -1 -1 -1
141 996 Pedestrian -1 -1 -10 766.60 157.62 865.20 224.19 -1000 -1000 -1000 -10 -1 -1 -1
141 987 Pedestrian -1 -1 -10 757.11 157.28 868.94 223.56 -1000 -1000 -1000 -10 -1 -1 -1
142 838 Pedestrian -1 -1 -10 315.98 0.38 364.34 96.26 -1000 -1000 -1000 -10 -1 -1 -1
142 928 Pedestrian -1 -1 -10 679.98 176.24 713.57 196.34 -1000 -1000 -1000 -10 -1 -1 -1
143 838 Pedestrian -1 -1 -10 315.92 0.39 364.25 96.20 -1000 -1000 -1000 -10 -1 -1 -1
143 928 Pedestrian -1 -1 -10 677.36 175.36 710.89 195.59 -1000 -1000 -1000 -10 -1 -1 -1
143 840 Pedestrian -1 -1 -10 1128.85 180.81 1149.61 226.03 -1000 -1000 -1000 -10 -1 -1 -1
144 838 Pedestrian -1 -1 -10 315.91 0.37 364.26 96.21 -1000 -1000 -1000 -10 -1 -1 -1
144 928 Pedestrian -1 -1 -10 672.72 172.64 709.27 195.17 -1000 -1000 -1000 -10 -1 -1 -1
144 840 Pedestrian -1 -1 -10 1128.55 180.50 1149.77 227.21 -1000 -1000 -1000 -10 -1 -1 -1
145 838 Pedestrian -1 -1 -10 315.91 0.33 364.31 96.29 -1000 -1000 -1000 -10 -1 -1 -1
145 928 Pedestrian -1 -1 -10 670.05 172.00 706.20 194.74 -1000 -1000 -1000 -10 -1 -1 -1
145 840 Pedestrian -1 -1 -10 1127.86 180.40 1150.27 230.61 -1000 -1000 -1000 -10 -1 -1 -1
146 838 Pedestrian -1 -1 -10 315.86 0.37 364.23 96.25 -1000 -1000 -1000 -10 -1 -1 -1
146 928 Pedestrian -1 -1 -10 669.29 173.22 702.42 194.29 -1000 -1000 -1000 -10 -1 -1 -1
146 840 Pedestrian -1 -1 -10 1129.14 180.60 1149.08 224.96 -1000 -1000 -1000 -10 -1 -1 -1
147 838 Pedestrian -1 -1 -10 315.87 0.33 364.27 96.27 -1000 -1000 -1000 -10 -1 -1 -1
147 928 Pedestrian -1 -1 -10 669.59 175.21 698.53 193.65 -1000 -1000 -1000 -10 -1 -1 -1
147 840 Pedestrian -1 -1 -10 1130.03 180.79 1148.18 220.55 -1000 -1000 -1000 -10 -1 -1 -1
148 838 Pedestrian -1 -1 -10 315.90 0.31 364.28 96.20 -1000 -1000 -1000 -10 -1 -1 -1
148 840 Pedestrian -1 -1 -10 1129.15 180.72 1149.26 225.13 -1000 -1000 -1000 -10 -1 -1 -1
149 838 Pedestrian -1 -1 -10 315.91 0.36 364.28 96.23 -1000 -1000 -1000 -10 -1 -1 -1
149 840 Pedestrian -1 -1 -10 1129.49 180.68 1148.85 223.28 -1000 -1000 -1000 -10 -1 -1 -1
149 928 Pedestrian -1 -1 -10 666.95 176.27 693.22 192.74 -1000 -1000 -1000 -10 -1 -1 -1
150 838 Pedestrian -1 -1 -10 315.88 0.31 364.26 96.20 -1000 -1000 -1000 -10 -1 -1 -1
150 840 Pedestrian -1 -1 -10 1129.73 180.57 1149.06 223.21 -1000 -1000 -1000 -10 -1 -1 -1
151 838 Pedestrian -1 -1 -10 315.89 0.25 364.31 96.23 -1000 -1000 -1000 -10 -1 -1 -1
151 840 Pedestrian -1 -1 -10 1129.38 180.60 1149.16 224.35 -1000 -1000 -1000 -10 -1 -1 -1
151 999 Pedestrian -1 -1 -10 712.57 164.02 770.33 206.53 -1000 -1000 -1000 -10 -1 -1 -1
151 1000 Pedestrian -1 -1 -10 713.45 164.06 768.59 205.55 -1000 -1000 -1000 -10 -1 -1 -1
152 838 Pedestrian -1 -1 -10 315.92 0.25 364.35 96.24 -1000 -1000 -1000 -10 -1 -1 -1
152 840 Pedestrian -1 -1 -10 1129.39 180.54 1148.70 223.06 -1000 -1000 -1000 -10 -1 -1 -1
152 1000 Pedestrian -1 -1 -10 710.57 164.73 762.66 203.92 -1000 -1000 -1000 -10 -1 -1 -1
153 838 Pedestrian -1 -1 -10 315.93 0.31 364.33 96.24 -1000 -1000 -1000 -10 -1 -1 -1
153 840 Pedestrian -1 -1 -10 1129.32 180.77 1148.83 223.76 -1000 -1000 -1000 -10 -1 -1 -1
153 1000 Pedestrian -1 -1 -10 707.11 165.19 757.08 202.80 -1000 -1000 -1000 -10 -1 -1 -1
154 838 Pedestrian -1 -1 -10 315.92 0.33 364.28 96.17 -1000 -1000 -1000 -10 -1 -1 -1
154 840 Pedestrian -1 -1 -10 1128.69 180.63 1149.89 228.02 -1000 -1000 -1000 -10 -1 -1 -1
154 1000 Pedestrian -1 -1 -10 702.17 165.07 751.34 202.08 -1000 -1000 -1000 -10 -1 -1 -1
155 838 Pedestrian -1 -1 -10 315.91 0.30 364.29 96.17 -1000 -1000 -1000 -10 -1 -1 -1
155 840 Pedestrian -1 -1 -10 1129.11 180.79 1149.19 225.63 -1000 -1000 -1000 -10 -1 -1 -1
156 838 Pedestrian -1 -1 -10 315.93 0.35 364.30 96.19 -1000 -1000 -1000 -10 -1 -1 -1
156 840 Pedestrian -1 -1 -10 1128.58 180.60 1149.68 228.26 -1000 -1000 -1000 -10 -1 -1 -1
156 1000 Pedestrian -1 -1 -10 694.49 165.31 741.33 200.59 -1000 -1000 -1000 -10 -1 -1 -1
157 838 Pedestrian -1 -1 -10 315.90 0.31 364.29 96.21 -1000 -1000 -1000 -10 -1 -1 -1
157 840 Pedestrian -1 -1 -10 1129.81 180.76 1148.74 223.07 -1000 -1000 -1000 -10 -1 -1 -1
158 838 Pedestrian -1 -1 -10 315.91 0.33 364.29 96.20 -1000 -1000 -1000 -10 -1 -1 -1
158 840 Pedestrian -1 -1 -10 1129.59 180.38 1148.86 223.39 -1000 -1000 -1000 -10 -1 -1 -1
158 1000 Pedestrian -1 -1 -10 688.61 165.11 733.15 198.89 -1000 -1000 -1000 -10 -1 -1 -1
159 838 Pedestrian -1 -1 -10 315.93 0.40 364.27 96.21 -1000 -1000 -1000 -10 -1 -1 -1
159 840 Pedestrian -1 -1 -10 1129.13 180.56 1149.16 225.45 -1000 -1000 -1000 -10 -1 -1 -1
160 838 Pedestrian -1 -1 -10 315.97 0.41 364.29 96.18 -1000 -1000 -1000 -10 -1 -1 -1
160 840 Pedestrian -1 -1 -10 1128.24 180.53 1150.01 230.04 -1000 -1000 -1000 -10 -1 -1 -1
161 838 Pedestrian -1 -1 -10 315.95 0.39 364.31 96.24 -1000 -1000 -1000 -10 -1 -1 -1
161 840 Pedestrian -1 -1 -10 1128.29 180.61 1149.95 230.36 -1000 -1000 -1000 -10 -1 -1 -1
162 838 Pedestrian -1 -1 -10 315.93 0.45 364.25 96.24 -1000 -1000 -1000 -10 -1 -1 -1
162 840 Pedestrian -1 -1 -10 1128.84 180.45 1149.27 227.35 -1000 -1000 -1000 -10 -1 -1 -1
163 838 Pedestrian -1 -1 -10 315.97 0.37 364.34 96.23 -1000 -1000 -1000 -10 -1 -1 -1
163 840 Pedestrian -1 -1 -10 1128.70 180.66 1149.55 228.90 -1000 -1000 -1000 -10 -1 -1 -1
164 838 Pedestrian -1 -1 -10 315.97 0.40 364.31 96.21 -1000 -1000 -1000 -10 -1 -1 -1
164 840 Pedestrian -1 -1 -10 1129.23 180.48 1148.91 225.80 -1000 -1000 -1000 -10 -1 -1 -1
165 838 Pedestrian -1 -1 -10 315.98 0.42 364.27 96.12 -1000 -1000 -1000 -10 -1 -1 -1
166 838 Pedestrian -1 -1 -10 315.94 0.32 364.30 96.16 -1000 -1000 -1000 -10 -1 -1 -1
166 840 Pedestrian -1 -1 -10 1128.73 180.47 1149.29 228.11 -1000 -1000 -1000 -10 -1 -1 -1
167 838 Pedestrian -1 -1 -10 315.94 0.41 364.27 96.20 -1000 -1000 -1000 -10 -1 -1 -1
167 840 Pedestrian -1 -1 -10 1128.48 180.51 1149.67 230.04 -1000 -1000 -1000 -10 -1 -1 -1
168 838 Pedestrian -1 -1 -10 315.96 0.48 364.23 96.13 -1000 -1000 -1000 -10 -1 -1 -1
168 840 Pedestrian -1 -1 -10 1129.56 180.55 1148.79 225.06 -1000 -1000 -1000 -10 -1 -1 -1
169 838 Pedestrian -1 -1 -10 315.90 0.38 364.27 96.22 -1000 -1000 -1000 -10 -1 -1 -1
169 840 Pedestrian -1 -1 -10 1129.01 180.60 1149.13 227.45 -1000 -1000 -1000 -10 -1 -1 -1
170 838 Pedestrian -1 -1 -10 315.88 0.35 364.25 96.22 -1000 -1000 -1000 -10 -1 -1 -1
170 840 Pedestrian -1 -1 -10 1129.75 180.58 1148.53 223.93 -1000 -1000 -1000 -10 -1 -1 -1
171 838 Pedestrian -1 -1 -10 315.88 0.34 364.26 96.26 -1000 -1000 -1000 -10 -1 -1 -1
171 840 Pedestrian -1 -1 -10 1129.79 180.63 1148.64 223.98 -1000 -1000 -1000 -10 -1 -1 -1
172 838 Pedestrian -1 -1 -10 315.93 0.40 364.27 96.24 -1000 -1000 -1000 -10 -1 -1 -1
172 840 Pedestrian -1 -1 -10 1129.78 180.58 1148.58 223.58 -1000 -1000 -1000 -10 -1 -1 -1
173 838 Pedestrian -1 -1 -10 315.98 0.14 364.62 96.48 -1000 -1000 -1000 -10 -1 -1 -1
173 840 Pedestrian -1 -1 -10 1129.87 180.69 1148.64 223.55 -1000 -1000 -1000 -10 -1 -1 -1
174 838 Pedestrian -1 -1 -10 315.98 0.04 364.72 96.48 -1000 -1000 -1000 -10 -1 -1 -1
174 840 Pedestrian -1 -1 -10 1129.56 180.64 1148.85 224.69 -1000 -1000 -1000 -10 -1 -1 -1
175 838 Pedestrian -1 -1 -10 315.92 0.00 364.68 96.42 -1000 -1000 -1000 -10 -1 -1 -1
175 840 Pedestrian -1 -1 -10 1129.44 180.61 1148.72 224.50 -1000 -1000 -1000 -10 -1 -1 -1
176 838 Pedestrian -1 -1 -10 315.89 -0.01 364.74 96.49 -1000 -1000 -1000 -10 -1 -1 -1
176 840 Pedestrian -1 -1 -10 1128.70 180.38 1149.64 228.61 -1000 -1000 -1000 -10 -1 -1 -1
177 838 Pedestrian -1 -1 -10 315.91 -0.01 364.77 96.43 -1000 -1000 -1000 -10 -1 -1 -1
178 838 Pedestrian -1 -1 -10 315.84 -0.01 364.86 96.67 -1000 -1000 -1000 -10 -1 -1 -1
179 838 Pedestrian -1 -1 -10 315.48 -0.01 364.83 97.24 -1000 -1000 -1000 -10 -1 -1 -1
179 840 Pedestrian -1 -1 -10 1128.37 180.91 1151.35 234.99 -1000 -1000 -1000 -10 -1 -1 -1
180 838 Pedestrian -1 -1 -10 314.49 -0.01 363.85 97.42 -1000 -1000 -1000 -10 -1 -1 -1
180 840 Pedestrian -1 -1 -10 1129.84 181.78 1152.10 235.10 -1000 -1000 -1000 -10 -1 -1 -1
181 838 Pedestrian -1 -1 -10 314.47 -0.01 363.55 96.57 -1000 -1000 -1000 -10 -1 -1 -1
181 840 Pedestrian -1 -1 -10 1132.77 181.94 1150.87 224.51 -1000 -1000 -1000 -10 -1 -1 -1
181 1002 Pedestrian -1 -1 -10 645.60 169.46 670.81 189.00 -1000 -1000 -1000 -10 -1 -1 -1
182 838 Pedestrian -1 -1 -10 313.22 -0.01 362.48 96.75 -1000 -1000 -1000 -10 -1 -1 -1
182 840 Pedestrian -1 -1 -10 1134.51 181.93 1150.65 218.99 -1000 -1000 -1000 -10 -1 -1 -1
183 838 Pedestrian -1 -1 -10 313.13 0.66 362.36 96.70 -1000 -1000 -1000 -10 -1 -1 -1
184 838 Pedestrian -1 -1 -10 312.36 1.77 360.94 96.02 -1000 -1000 -1000 -10 -1 -1 -1
185 838 Pedestrian -1 -1 -10 309.51 3.39 357.26 95.69 -1000 -1000 -1000 -10 -1 -1 -1
186 838 Pedestrian -1 -1 -10 307.26 4.05 354.81 95.38 -1000 -1000 -1000 -10 -1 -1 -1
187 838 Pedestrian -1 -1 -10 304.10 2.72 353.43 97.14 -1000 -1000 -1000 -10 -1 -1 -1
188 838 Pedestrian -1 -1 -10 301.59 1.76 351.30 96.60 -1000 -1000 -1000 -10 -1 -1 -1
188 1004 Pedestrian -1 -1 -10 700.53 180.81 732.57 198.76 -1000 -1000 -1000 -10 -1 -1 -1
189 838 Pedestrian -1 -1 -10 297.70 2.82 347.52 97.60 -1000 -1000 -1000 -10 -1 -1 -1
189 1004 Pedestrian -1 -1 -10 696.53 181.57 728.93 199.71 -1000 -1000 -1000 -10 -1 -1 -1
190 838 Pedestrian -1 -1 -10 291.58 2.25 341.62 96.78 -1000 -1000 -1000 -10 -1 -1 -1
190 1004 Pedestrian -1 -1 -10 692.56 182.09 725.68 200.67 -1000 -1000 -1000 -10 -1 -1 -1
190 1005 Pedestrian -1 -1 -10 1143.43 187.76 1164.94 249.62 -1000 -1000 -1000 -10 -1 -1 -1
191 838 Pedestrian -1 -1 -10 284.91 0.79 335.42 95.49 -1000 -1000 -1000 -10 -1 -1 -1
191 1004 Pedestrian -1 -1 -10 688.47 181.61 721.27 200.08 -1000 -1000 -1000 -10 -1 -1 -1
192 838 Pedestrian -1 -1 -10 276.71 0.24 327.06 93.29 -1000 -1000 -1000 -10 -1 -1 -1
192 1004 Pedestrian -1 -1 -10 687.24 182.47 717.89 199.79 -1000 -1000 -1000 -10 -1 -1 -1
193 838 Pedestrian -1 -1 -10 266.68 0.03 316.62 91.04 -1000 -1000 -1000 -10 -1 -1 -1
193 1004 Pedestrian -1 -1 -10 682.21 182.26 714.44 200.50 -1000 -1000 -1000 -10 -1 -1 -1
193 1007 Pedestrian -1 -1 -10 316.77 28.88 352.21 97.51 -1000 -1000 -1000 -10 -1 -1 -1
194 838 Pedestrian -1 -1 -10 254.98 -0.02 304.67 87.56 -1000 -1000 -1000 -10 -1 -1 -1
195 838 Pedestrian -1 -1 -10 240.16 0.15 289.90 85.10 -1000 -1000 -1000 -10 -1 -1 -1
195 1008 Pedestrian -1 -1 -10 1158.58 188.92 1183.13 255.04 -1000 -1000 -1000 -10 -1 -1 -1
195 1004 Pedestrian -1 -1 -10 668.90 178.05 709.15 201.37 -1000 -1000 -1000 -10 -1 -1 -1
196 1008 Pedestrian -1 -1 -10 1163.17 190.52 1186.95 254.49 -1000 -1000 -1000 -10 -1 -1 -1
197 1008 Pedestrian -1 -1 -10 1169.01 192.70 1193.07 257.43 -1000 -1000 -1000 -10 -1 -1 -1
198 1008 Pedestrian -1 -1 -10 1175.34 193.79 1200.50 261.39 -1000 -1000 -1000 -10 -1 -1 -1
198 838 Pedestrian -1 -1 -10 232.82 0.87 281.17 82.19 -1000 -1000 -1000 -10 -1 -1 -1
199 1008 Pedestrian -1 -1 -10 1182.77 194.93 1208.65 264.30 -1000 -1000 -1000 -10 -1 -1 -1
199 838 Pedestrian -1 -1 -10 214.95 0.15 262.73 78.55 -1000 -1000 -1000 -10 -1 -1 -1
200 1008 Pedestrian -1 -1 -10 1192.09 195.68 1217.84 264.74 -1000 -1000 -1000 -10 -1 -1 -1
203 1004 Pedestrian -1 -1 -10 642.84 182.67 674.13 201.16 -1000 -1000 -1000 -10 -1 -1 -1
215 1023 Pedestrian -1 -1 -10 427.45 172.61 471.09 211.52 -1000 -1000 -1000 -10 -1 -1 -1
216 1023 Pedestrian -1 -1 -10 437.28 171.93 481.58 211.38 -1000 -1000 -1000 -10 -1 -1 -1
217 1023 Pedestrian -1 -1 -10 450.22 170.76 495.85 211.38 -1000 -1000 -1000 -10 -1 -1 -1
245 838 Pedestrian -1 -1 -10 3.79 6.75 58.55 91.94 -1000 -1000 -1000 -10 -1 -1 -1
251 1061 Pedestrian -1 -1 -10 252.96 74.82 284.20 129.41 -1000 -1000 -1000 -10 -1 -1 -1
252 1061 Pedestrian -1 -1 -10 242.69 65.30 276.44 124.28 -1000 -1000 -1000 -10 -1 -1 -1
253 1061 Pedestrian -1 -1 -10 224.01 53.11 260.35 116.52 -1000 -1000 -1000 -10 -1 -1 -1
259 1068 Pedestrian -1 -1 -10 146.73 150.94 322.32 218.56 -1000 -1000 -1000 -10 -1 -1 -1
260 1068 Pedestrian -1 -1 -10 134.42 148.30 313.76 217.29 -1000 -1000 -1000 -10 -1 -1 -1
263 1068 Pedestrian -1 -1 -10 92.07 144.93 290.50 221.14 -1000 -1000 -1000 -10 -1 -1 -1
