1 1285 Pedestrian -1 -1 -10 840.41 76.65 1238.51 327.55 -1000 -1000 -1000 -10 -1 -1 -1
1 1288 Pedestrian -1 -1 -10 361.42 180.51 428.66 223.29 -1000 -1000 -1000 -10 -1 -1 -1
2 1285 Pedestrian -1 -1 -10 816.36 44.59 1299.54 351.05 -1000 -1000 -1000 -10 -1 -1 -1
2 1288 Pedestrian -1 -1 -10 332.89 180.99 406.01 227.40 -1000 -1000 -1000 -10 -1 -1 -1
3 1285 Pedestrian -1 -1 -10 821.43 37.38 1338.61 369.35 -1000 -1000 -1000 -10 -1 -1 -1
3 1288 Pedestrian -1 -1 -10 291.14 181.32 373.94 233.56 -1000 -1000 -1000 -10 -1 -1 -1
4 1285 Pedestrian -1 -1 -10 849.34 32.65 1367.93 372.08 -1000 -1000 -1000 -10 -1 -1 -1
10 1288 Pedestrian -1 -1 -10 160.30 193.68 266.37 258.22 -1000 -1000 -1000 -10 -1 -1 -1
11 1288 Pedestrian -1 -1 -10 89.84 196.38 216.51 269.70 -1000 -1000 -1000 -10 -1 -1 -1
15 1288 Pedestrian -1 -1 -10 54.58 199.32 185.99 272.79 -1000 -1000 -1000 -10 -1 -1 -1
16 1288 Pedestrian -1 -1 -10 10.47 204.13 141.61 277.69 -1000 -1000 -1000 -10 -1 -1 -1
18 1308 Pedestrian -1 -1 -10 216.28 123.81 344.95 236.72 -1000 -1000 -1000 -10 -1 -1 -1
19 1308 Pedestrian -1 -1 -10 173.59 125.80 309.69 244.47 -1000 -1000 -1000 -10 -1 -1 -1
20 1308 Pedestrian -1 -1 -10 105.71 121.81 259.24 253.67 -1000 -1000 -1000 -10 -1 -1 -1
21 1308 Pedestrian -1 -1 -10 36.05 109.91 223.66 269.67 -1000 -1000 -1000 -10 -1 -1 -1
22 1308 Pedestrian -1 -1 -10 -10.12 95.27 192.28 268.53 -1000 -1000 -1000 -10 -1 -1 -1
23 1308 Pedestrian -1 -1 -10 -54.54 89.63 150.50 270.51 -1000 -1000 -1000 -10 -1 -1 -1
30 1312 Pedestrian -1 -1 -10 452.97 170.26 496.00 211.96 -1000 -1000 -1000 -10 -1 -1 -1
31 1312 Pedestrian -1 -1 -10 450.97 168.10 496.04 211.82 -1000 -1000 -1000 -10 -1 -1 -1
32 1312 Pedestrian -1 -1 -10 448.93 166.32 495.33 211.45 -1000 -1000 -1000 -10 -1 -1 -1
33 1312 Pedestrian -1 -1 -10 445.98 164.80 493.65 211.34 -1000 -1000 -1000 -10 -1 -1 -1
34 1312 Pedestrian -1 -1 -10 442.57 163.57 491.42 211.31 -1000 -1000 -1000 -10 -1 -1 -1
37 1312 Pedestrian -1 -1 -10 430.49 162.69 485.33 216.30 -1000 -1000 -1000 -10 -1 -1 -1
38 1312 Pedestrian -1 -1 -10 425.36 162.77 481.45 217.37 -1000 -1000 -1000 -10 -1 -1 -1
39 1312 Pedestrian -1 -1 -10 418.10 161.20 477.32 218.62 -1000 -1000 -1000 -10 -1 -1 -1
40 1312 Pedestrian -1 -1 -10 410.25 160.89 472.99 221.65 -1000 -1000 -1000 -10 -1 -1 -1
41 1312 Pedestrian -1 -1 -10 401.11 162.41 466.58 225.62 -1000 -1000 -1000 -10 -1 -1 -1
42 1312 Pedestrian -1 -1 -10 392.40 163.40 460.85 228.93 -1000 -1000 -1000 -10 -1 -1 -1
43 1312 Pedestrian -1 -1 -10 380.78 161.12 454.42 231.17 -1000 -1000 -1000 -10 -1 -1 -1
44 1312 Pedestrian -1 -1 -10 368.99 159.77 446.96 233.18 -1000 -1000 -1000 -10 -1 -1 -1
45 1312 Pedestrian -1 -1 -10 354.41 158.13 439.14 237.00 -1000 -1000 -1000 -10 -1 -1 -1
46 1312 Pedestrian -1 -1 -10 338.27 155.70 430.27 240.30 -1000 -1000 -1000 -10 -1 -1 -1
47 1312 Pedestrian -1 -1 -10 320.60 152.74 420.85 243.68 -1000 -1000 -1000 -10 -1 -1 -1
48 1312 Pedestrian -1 -1 -10 298.37 149.48 409.33 248.66 -1000 -1000 -1000 -10 -1 -1 -1
49 1312 Pedestrian -1 -1 -10 273.71 146.94 395.98 254.22 -1000 -1000 -1000 -10 -1 -1 -1
50 1312 Pedestrian -1 -1 -10 243.92 145.65 379.74 262.16 -1000 -1000 -1000 -10 -1 -1 -1
51 1312 Pedestrian -1 -1 -10 206.92 143.25 360.05 270.94 -1000 -1000 -1000 -10 -1 -1 -1
52 1312 Pedestrian -1 -1 -10 156.94 136.63 334.81 280.94 -1000 -1000 -1000 -10 -1 -1 -1
53 1312 Pedestrian -1 -1 -10 93.65 130.71 300.85 293.04 -1000 -1000 -1000 -10 -1 -1 -1
54 1312 Pedestrian -1 -1 -10 38.58 121.62 278.66 307.42 -1000 -1000 -1000 -10 -1 -1 -1
55 1312 Pedestrian -1 -1 -10 -10.22 108.11 268.86 328.73 -1000 -1000 -1000 -10 -1 -1 -1
56 1312 Pedestrian -1 -1 -10 -36.17 103.17 235.94 325.40 -1000 -1000 -1000 -10 -1 -1 -1
85 1347 Pedestrian -1 -1 -10 480.84 179.57 516.73 200.41 -1000 -1000 -1000 -10 -1 -1 -1
86 1347 Pedestrian -1 -1 -10 471.75 181.72 510.50 204.27 -1000 -1000 -1000 -10 -1 -1 -1
87 1347 Pedestrian -1 -1 -10 458.64 181.54 505.07 208.71 -1000 -1000 -1000 -10 -1 -1 -1
88 1347 Pedestrian -1 -1 -10 445.18 181.72 495.18 211.14 -1000 -1000 -1000 -10 -1 -1 -1
89 1347 Pedestrian -1 -1 -10 429.72 182.12 483.26 213.77 -1000 -1000 -1000 -10 -1 -1 -1
90 1347 Pedestrian -1 -1 -10 410.37 182.08 469.94 217.41 -1000 -1000 -1000 -10 -1 -1 -1
90 1352 Pedestrian -1 -1 -10 486.49 176.29 516.80 197.52 -1000 -1000 -1000 -10 -1 -1 -1
91 1347 Pedestrian -1 -1 -10 387.82 181.61 453.52 220.55 -1000 -1000 -1000 -10 -1 -1 -1
91 1352 Pedestrian -1 -1 -10 480.63 178.12 510.51 199.05 -1000 -1000 -1000 -10 -1 -1 -1
92 1347 Pedestrian -1 -1 -10 358.98 183.68 431.73 226.65 -1000 -1000 -1000 -10 -1 -1 -1
92 1352 Pedestrian -1 -1 -10 470.28 179.32 503.14 202.31 -1000 -1000 -1000 -10 -1 -1 -1
93 1347 Pedestrian -1 -1 -10 321.22 184.92 405.57 234.48 -1000 -1000 -1000 -10 -1 -1 -1
93 1352 Pedestrian -1 -1 -10 458.18 178.11 496.37 204.92 -1000 -1000 -1000 -10 -1 -1 -1
94 1347 Pedestrian -1 -1 -10 270.01 186.72 370.16 244.63 -1000 -1000 -1000 -10 -1 -1 -1
94 1352 Pedestrian -1 -1 -10 447.08 177.50 487.70 205.99 -1000 -1000 -1000 -10 -1 -1 -1
95 1352 Pedestrian -1 -1 -10 431.04 178.69 476.51 210.44 -1000 -1000 -1000 -10 -1 -1 -1
96 1352 Pedestrian -1 -1 -10 413.89 179.72 464.56 215.09 -1000 -1000 -1000 -10 -1 -1 -1
97 1352 Pedestrian -1 -1 -10 393.79 180.29 449.77 218.97 -1000 -1000 -1000 -10 -1 -1 -1
97 1355 Pedestrian -1 -1 -10 -49.05 203.75 185.80 313.85 -1000 -1000 -1000 -10 -1 -1 -1
98 1352 Pedestrian -1 -1 -10 366.13 180.77 431.01 225.31 -1000 -1000 -1000 -10 -1 -1 -1
99 1352 Pedestrian -1 -1 -10 331.75 182.36 405.98 232.45 -1000 -1000 -1000 -10 -1 -1 -1
100 1352 Pedestrian -1 -1 -10 282.82 184.51 372.63 243.86 -1000 -1000 -1000 -10 -1 -1 -1
100 1358 Pedestrian -1 -1 -10 506.78 176.34 532.88 195.95 -1000 -1000 -1000 -10 -1 -1 -1
101 1358 Pedestrian -1 -1 -10 503.53 177.12 529.45 196.55 -1000 -1000 -1000 -10 -1 -1 -1
101 1347 Pedestrian -1 -1 -10 163.97 189.68 306.52 270.29 -1000 -1000 -1000 -10 -1 -1 -1
102 1358 Pedestrian -1 -1 -10 500.29 177.73 526.19 197.04 -1000 -1000 -1000 -10 -1 -1 -1
102 1355 Pedestrian -1 -1 -10 6.70 191.98 239.09 300.47 -1000 -1000 -1000 -10 -1 -1 -1
103 1358 Pedestrian -1 -1 -10 494.56 177.56 521.57 197.60 -1000 -1000 -1000 -10 -1 -1 -1
103 1355 Pedestrian -1 -1 -10 -43.90 192.47 205.70 313.09 -1000 -1000 -1000 -10 -1 -1 -1
104 1358 Pedestrian -1 -1 -10 489.06 179.77 516.27 199.79 -1000 -1000 -1000 -10 -1 -1 -1
105 1358 Pedestrian -1 -1 -10 480.46 179.91 510.46 201.82 -1000 -1000 -1000 -10 -1 -1 -1
106 1358 Pedestrian -1 -1 -10 471.50 179.88 503.63 203.18 -1000 -1000 -1000 -10 -1 -1 -1
107 1358 Pedestrian -1 -1 -10 459.42 178.99 495.89 205.33 -1000 -1000 -1000 -10 -1 -1 -1
107 1363 Pedestrian -1 -1 -10 523.46 175.31 544.05 190.31 -1000 -1000 -1000 -10 -1 -1 -1
108 1358 Pedestrian -1 -1 -10 445.64 179.07 486.70 208.62 -1000 -1000 -1000 -10 -1 -1 -1
109 1358 Pedestrian -1 -1 -10 430.97 179.53 476.06 211.75 -1000 -1000 -1000 -10 -1 -1 -1
110 1358 Pedestrian -1 -1 -10 411.87 180.41 462.27 216.23 -1000 -1000 -1000 -10 -1 -1 -1
111 1358 Pedestrian -1 -1 -10 387.87 180.75 445.63 221.30 -1000 -1000 -1000 -10 -1 -1 -1
111 1368 Pedestrian -1 -1 -10 505.23 174.72 532.27 195.53 -1000 -1000 -1000 -10 -1 -1 -1
112 1358 Pedestrian -1 -1 -10 358.68 180.73 424.09 225.71 -1000 -1000 -1000 -10 -1 -1 -1
112 1368 Pedestrian -1 -1 -10 502.01 173.95 529.81 195.35 -1000 -1000 -1000 -10 -1 -1 -1
113 1358 Pedestrian -1 -1 -10 319.34 180.97 396.95 232.95 -1000 -1000 -1000 -10 -1 -1 -1
113 1368 Pedestrian -1 -1 -10 497.85 173.02 526.48 195.11 -1000 -1000 -1000 -10 -1 -1 -1
114 1358 Pedestrian -1 -1 -10 264.85 183.09 360.00 244.85 -1000 -1000 -1000 -10 -1 -1 -1
114 1368 Pedestrian -1 -1 -10 490.87 172.59 521.68 196.43 -1000 -1000 -1000 -10 -1 -1 -1
115 1368 Pedestrian -1 -1 -10 484.26 173.98 514.85 197.64 -1000 -1000 -1000 -10 -1 -1 -1
116 1368 Pedestrian -1 -1 -10 476.15 176.09 508.60 201.13 -1000 -1000 -1000 -10 -1 -1 -1
116 1355 Pedestrian -1 -1 -10 -7.16 191.64 231.21 308.09 -1000 -1000 -1000 -10 -1 -1 -1
117 1368 Pedestrian -1 -1 -10 467.24 176.36 501.70 202.89 -1000 -1000 -1000 -10 -1 -1 -1
117 1347 Pedestrian -1 -1 -10 -45.39 204.37 127.28 316.55 -1000 -1000 -1000 -10 -1 -1 -1
118 1368 Pedestrian -1 -1 -10 456.69 177.05 494.75 206.25 -1000 -1000 -1000 -10 -1 -1 -1
119 1368 Pedestrian -1 -1 -10 444.04 177.88 485.51 209.47 -1000 -1000 -1000 -10 -1 -1 -1
120 1368 Pedestrian -1 -1 -10 430.08 178.68 475.87 213.15 -1000 -1000 -1000 -10 -1 -1 -1
121 1368 Pedestrian -1 -1 -10 412.38 179.78 463.29 217.83 -1000 -1000 -1000 -10 -1 -1 -1
122 1368 Pedestrian -1 -1 -10 389.23 180.42 447.33 223.41 -1000 -1000 -1000 -10 -1 -1 -1
123 1368 Pedestrian -1 -1 -10 359.68 181.03 427.33 230.21 -1000 -1000 -1000 -10 -1 -1 -1
124 1368 Pedestrian -1 -1 -10 321.94 182.69 401.82 239.43 -1000 -1000 -1000 -10 -1 -1 -1
125 1368 Pedestrian -1 -1 -10 265.76 184.11 365.91 253.48 -1000 -1000 -1000 -10 -1 -1 -1
126 1355 Pedestrian -1 -1 -10 109.45 190.03 306.63 286.15 -1000 -1000 -1000 -10 -1 -1 -1
127 1355 Pedestrian -1 -1 -10 19.48 192.82 257.19 311.73 -1000 -1000 -1000 -10 -1 -1 -1
144 1393 Pedestrian -1 -1 -10 581.89 167.58 607.43 187.46 -1000 -1000 -1000 -10 -1 -1 -1
159 1393 Pedestrian -1 -1 -10 573.84 174.20 608.13 201.60 -1000 -1000 -1000 -10 -1 -1 -1
160 1393 Pedestrian -1 -1 -10 573.10 173.59 607.95 201.91 -1000 -1000 -1000 -10 -1 -1 -1
161 1393 Pedestrian -1 -1 -10 573.70 169.59 608.21 198.02 -1000 -1000 -1000 -10 -1 -1 -1
162 1393 Pedestrian -1 -1 -10 575.51 164.42 608.10 191.43 -1000 -1000 -1000 -10 -1 -1 -1
164 1428 Pedestrian -1 -1 -10 707.61 171.14 739.99 248.45 -1000 -1000 -1000 -10 -1 -1 -1
164 1393 Pedestrian -1 -1 -10 576.63 165.34 609.57 192.76 -1000 -1000 -1000 -10 -1 -1 -1
165 1393 Pedestrian -1 -1 -10 575.17 167.67 609.26 196.22 -1000 -1000 -1000 -10 -1 -1 -1
166 1393 Pedestrian -1 -1 -10 574.88 168.50 609.53 197.61 -1000 -1000 -1000 -10 -1 -1 -1
167 1393 Pedestrian -1 -1 -10 575.67 167.42 610.59 196.86 -1000 -1000 -1000 -10 -1 -1 -1
168 1393 Pedestrian -1 -1 -10 576.02 167.78 611.22 197.63 -1000 -1000 -1000 -10 -1 -1 -1
169 1428 Pedestrian -1 -1 -10 703.59 170.16 737.94 253.31 -1000 -1000 -1000 -10 -1 -1 -1
170 1428 Pedestrian -1 -1 -10 711.65 175.44 746.72 261.91 -1000 -1000 -1000 -10 -1 -1 -1
171 1393 Pedestrian -1 -1 -10 576.10 172.42 616.54 207.17 -1000 -1000 -1000 -10 -1 -1 -1
172 1468 Pedestrian -1 -1 -10 540.61 180.52 569.61 203.35 -1000 -1000 -1000 -10 -1 -1 -1
175 1468 Pedestrian -1 -1 -10 539.56 177.50 569.88 201.36 -1000 -1000 -1000 -10 -1 -1 -1
176 1468 Pedestrian -1 -1 -10 539.39 177.38 570.52 201.85 -1000 -1000 -1000 -10 -1 -1 -1
177 1468 Pedestrian -1 -1 -10 539.08 177.52 570.42 202.14 -1000 -1000 -1000 -10 -1 -1 -1
177 1393 Pedestrian -1 -1 -10 579.43 175.79 617.68 208.59 -1000 -1000 -1000 -10 -1 -1 -1
178 1468 Pedestrian -1 -1 -10 539.13 179.45 569.01 202.77 -1000 -1000 -1000 -10 -1 -1 -1
178 1393 Pedestrian -1 -1 -10 580.50 175.93 620.30 210.32 -1000 -1000 -1000 -10 -1 -1 -1
180 1428 Pedestrian -1 -1 -10 712.88 181.89 744.43 261.75 -1000 -1000 -1000 -10 -1 -1 -1
181 1428 Pedestrian -1 -1 -10 719.93 180.89 753.18 268.34 -1000 -1000 -1000 -10 -1 -1 -1
181 1393 Pedestrian -1 -1 -10 583.59 178.65 622.75 212.40 -1000 -1000 -1000 -10 -1 -1 -1
182 1393 Pedestrian -1 -1 -10 582.88 175.53 624.98 211.88 -1000 -1000 -1000 -10 -1 -1 -1
182 1468 Pedestrian -1 -1 -10 539.61 182.11 567.50 203.54 -1000 -1000 -1000 -10 -1 -1 -1
183 1393 Pedestrian -1 -1 -10 583.85 176.77 625.24 212.38 -1000 -1000 -1000 -10 -1 -1 -1
183 1468 Pedestrian -1 -1 -10 538.46 182.44 567.48 204.58 -1000 -1000 -1000 -10 -1 -1 -1
184 1468 Pedestrian -1 -1 -10 536.21 181.92 569.04 207.09 -1000 -1000 -1000 -10 -1 -1 -1
185 1468 Pedestrian -1 -1 -10 534.26 181.22 569.76 208.68 -1000 -1000 -1000 -10 -1 -1 -1
186 1468 Pedestrian -1 -1 -10 532.47 179.98 570.63 209.78 -1000 -1000 -1000 -10 -1 -1 -1
187 1468 Pedestrian -1 -1 -10 530.85 179.95 569.66 210.51 -1000 -1000 -1000 -10 -1 -1 -1
188 1468 Pedestrian -1 -1 -10 529.75 178.87 569.75 210.61 -1000 -1000 -1000 -10 -1 -1 -1
188 1393 Pedestrian -1 -1 -10 582.13 177.91 626.73 216.57 -1000 -1000 -1000 -10 -1 -1 -1
189 1468 Pedestrian -1 -1 -10 528.80 177.88 569.22 210.22 -1000 -1000 -1000 -10 -1 -1 -1
189 1393 Pedestrian -1 -1 -10 582.76 178.35 626.76 216.71 -1000 -1000 -1000 -10 -1 -1 -1
190 1468 Pedestrian -1 -1 -10 528.20 177.50 567.91 209.27 -1000 -1000 -1000 -10 -1 -1 -1
190 1393 Pedestrian -1 -1 -10 582.68 178.10 626.30 216.00 -1000 -1000 -1000 -10 -1 -1 -1
191 1468 Pedestrian -1 -1 -10 526.77 178.04 565.67 209.14 -1000 -1000 -1000 -10 -1 -1 -1
191 1393 Pedestrian -1 -1 -10 582.55 178.42 626.20 216.16 -1000 -1000 -1000 -10 -1 -1 -1
192 1468 Pedestrian -1 -1 -10 525.20 179.17 564.00 210.07 -1000 -1000 -1000 -10 -1 -1 -1
192 1393 Pedestrian -1 -1 -10 582.12 179.10 626.23 217.21 -1000 -1000 -1000 -10 -1 -1 -1
193 1468 Pedestrian -1 -1 -10 523.03 179.31 562.71 210.80 -1000 -1000 -1000 -10 -1 -1 -1
193 1393 Pedestrian -1 -1 -10 581.49 179.64 626.18 218.10 -1000 -1000 -1000 -10 -1 -1 -1
194 1468 Pedestrian -1 -1 -10 521.32 179.29 562.32 211.80 -1000 -1000 -1000 -10 -1 -1 -1
194 1393 Pedestrian -1 -1 -10 580.74 179.96 626.47 219.21 -1000 -1000 -1000 -10 -1 -1 -1
195 1468 Pedestrian -1 -1 -10 519.98 179.47 560.94 211.93 -1000 -1000 -1000 -10 -1 -1 -1
195 1393 Pedestrian -1 -1 -10 580.35 180.45 625.51 219.00 -1000 -1000 -1000 -10 -1 -1 -1
196 1468 Pedestrian -1 -1 -10 519.15 179.70 560.08 211.97 -1000 -1000 -1000 -10 -1 -1 -1
196 1393 Pedestrian -1 -1 -10 579.59 180.29 625.90 219.69 -1000 -1000 -1000 -10 -1 -1 -1
197 1468 Pedestrian -1 -1 -10 517.50 179.23 558.87 211.85 -1000 -1000 -1000 -10 -1 -1 -1
197 1393 Pedestrian -1 -1 -10 579.26 180.39 625.08 219.19 -1000 -1000 -1000 -10 -1 -1 -1
197 1523 Pedestrian -1 -1 -10 370.45 179.98 408.86 206.14 -1000 -1000 -1000 -10 -1 -1 -1
198 1468 Pedestrian -1 -1 -10 517.09 179.87 557.83 211.79 -1000 -1000 -1000 -10 -1 -1 -1
198 1393 Pedestrian -1 -1 -10 578.73 180.09 625.00 219.14 -1000 -1000 -1000 -10 -1 -1 -1
199 1468 Pedestrian -1 -1 -10 516.68 180.29 557.20 211.80 -1000 -1000 -1000 -10 -1 -1 -1
199 1393 Pedestrian -1 -1 -10 577.65 180.12 624.94 219.97 -1000 -1000 -1000 -10 -1 -1 -1
199 1527 Pedestrian -1 -1 -10 477.31 172.71 503.59 188.22 -1000 -1000 -1000 -10 -1 -1 -1
200 1468 Pedestrian -1 -1 -10 515.22 180.62 555.97 212.12 -1000 -1000 -1000 -10 -1 -1 -1
200 1393 Pedestrian -1 -1 -10 576.06 179.80 626.14 222.19 -1000 -1000 -1000 -10 -1 -1 -1
201 1468 Pedestrian -1 -1 -10 514.60 181.07 555.07 212.08 -1000 -1000 -1000 -10 -1 -1 -1
201 1393 Pedestrian -1 -1 -10 575.13 180.37 626.12 223.56 -1000 -1000 -1000 -10 -1 -1 -1
201 1534 Pedestrian -1 -1 -10 287.14 178.40 349.02 218.12 -1000 -1000 -1000 -10 -1 -1 -1
202 1468 Pedestrian -1 -1 -10 513.33 181.00 554.09 212.12 -1000 -1000 -1000 -10 -1 -1 -1
202 1393 Pedestrian -1 -1 -10 574.43 180.81 626.08 224.54 -1000 -1000 -1000 -10 -1 -1 -1
202 1534 Pedestrian -1 -1 -10 258.58 177.75 328.63 222.61 -1000 -1000 -1000 -10 -1 -1 -1
202 1527 Pedestrian -1 -1 -10 467.73 172.63 494.56 188.37 -1000 -1000 -1000 -10 -1 -1 -1
203 1468 Pedestrian -1 -1 -10 511.94 180.89 553.28 212.25 -1000 -1000 -1000 -10 -1 -1 -1
203 1393 Pedestrian -1 -1 -10 573.36 180.52 626.21 225.38 -1000 -1000 -1000 -10 -1 -1 -1
203 1534 Pedestrian -1 -1 -10 223.63 179.13 299.67 227.56 -1000 -1000 -1000 -10 -1 -1 -1
203 1527 Pedestrian -1 -1 -10 463.33 172.95 491.12 189.18 -1000 -1000 -1000 -10 -1 -1 -1
204 1468 Pedestrian -1 -1 -10 509.78 180.97 553.22 213.90 -1000 -1000 -1000 -10 -1 -1 -1
204 1393 Pedestrian -1 -1 -10 572.55 182.99 624.63 227.01 -1000 -1000 -1000 -10 -1 -1 -1
204 1534 Pedestrian -1 -1 -10 180.54 183.13 263.16 235.12 -1000 -1000 -1000 -10 -1 -1 -1
204 1523 Pedestrian -1 -1 -10 394.30 182.65 424.40 202.89 -1000 -1000 -1000 -10 -1 -1 -1
205 1468 Pedestrian -1 -1 -10 508.17 183.57 552.49 216.89 -1000 -1000 -1000 -10 -1 -1 -1
205 1393 Pedestrian -1 -1 -10 571.42 185.68 622.83 229.03 -1000 -1000 -1000 -10 -1 -1 -1
205 1534 Pedestrian -1 -1 -10 124.15 188.15 223.45 249.72 -1000 -1000 -1000 -10 -1 -1 -1
205 1523 Pedestrian -1 -1 -10 385.48 183.30 419.19 205.86 -1000 -1000 -1000 -10 -1 -1 -1
206 1468 Pedestrian -1 -1 -10 507.15 184.72 552.14 218.22 -1000 -1000 -1000 -10 -1 -1 -1
206 1393 Pedestrian -1 -1 -10 570.17 186.40 622.59 230.57 -1000 -1000 -1000 -10 -1 -1 -1
206 1534 Pedestrian -1 -1 -10 55.12 190.57 173.45 262.41 -1000 -1000 -1000 -10 -1 -1 -1
206 1523 Pedestrian -1 -1 -10 375.65 183.65 413.11 208.62 -1000 -1000 -1000 -10 -1 -1 -1
207 1468 Pedestrian -1 -1 -10 506.74 181.76 552.20 215.51 -1000 -1000 -1000 -10 -1 -1 -1
207 1393 Pedestrian -1 -1 -10 569.55 184.34 622.85 229.10 -1000 -1000 -1000 -10 -1 -1 -1
207 1534 Pedestrian -1 -1 -10 1.25 191.07 131.50 270.92 -1000 -1000 -1000 -10 -1 -1 -1
207 1523 Pedestrian -1 -1 -10 363.34 182.53 402.62 208.39 -1000 -1000 -1000 -10 -1 -1 -1
207 1527 Pedestrian -1 -1 -10 445.37 173.54 476.60 191.89 -1000 -1000 -1000 -10 -1 -1 -1
208 1468 Pedestrian -1 -1 -10 506.98 180.61 550.82 212.82 -1000 -1000 -1000 -10 -1 -1 -1
208 1393 Pedestrian -1 -1 -10 568.69 181.13 623.39 227.07 -1000 -1000 -1000 -10 -1 -1 -1
208 1523 Pedestrian -1 -1 -10 347.96 179.82 390.44 207.35 -1000 -1000 -1000 -10 -1 -1 -1
208 1527 Pedestrian -1 -1 -10 440.63 170.32 474.33 190.14 -1000 -1000 -1000 -10 -1 -1 -1
209 1468 Pedestrian -1 -1 -10 505.98 177.79 551.10 210.89 -1000 -1000 -1000 -10 -1 -1 -1
209 1393 Pedestrian -1 -1 -10 567.65 178.71 623.85 225.94 -1000 -1000 -1000 -10 -1 -1 -1
209 1523 Pedestrian -1 -1 -10 331.48 178.17 378.02 208.06 -1000 -1000 -1000 -10 -1 -1 -1
209 1527 Pedestrian -1 -1 -10 434.80 169.05 467.85 188.59 -1000 -1000 -1000 -10 -1 -1 -1
210 1468 Pedestrian -1 -1 -10 506.54 178.92 550.48 210.84 -1000 -1000 -1000 -10 -1 -1 -1
210 1393 Pedestrian -1 -1 -10 567.00 177.86 624.20 226.00 -1000 -1000 -1000 -10 -1 -1 -1
210 1523 Pedestrian -1 -1 -10 314.56 179.17 363.28 209.79 -1000 -1000 -1000 -10 -1 -1 -1
210 1527 Pedestrian -1 -1 -10 431.78 169.15 463.82 187.83 -1000 -1000 -1000 -10 -1 -1 -1
211 1468 Pedestrian -1 -1 -10 507.00 180.54 550.13 211.38 -1000 -1000 -1000 -10 -1 -1 -1
211 1393 Pedestrian -1 -1 -10 567.56 178.81 624.42 226.61 -1000 -1000 -1000 -10 -1 -1 -1
211 1523 Pedestrian -1 -1 -10 293.49 179.97 348.39 214.01 -1000 -1000 -1000 -10 -1 -1 -1
211 1527 Pedestrian -1 -1 -10 429.66 170.03 464.02 189.75 -1000 -1000 -1000 -10 -1 -1 -1
212 1468 Pedestrian -1 -1 -10 506.83 181.03 551.02 212.27 -1000 -1000 -1000 -10 -1 -1 -1
212 1393 Pedestrian -1 -1 -10 567.90 179.77 624.49 227.23 -1000 -1000 -1000 -10 -1 -1 -1
212 1523 Pedestrian -1 -1 -10 269.97 181.75 329.46 217.72 -1000 -1000 -1000 -10 -1 -1 -1
213 1468 Pedestrian -1 -1 -10 504.85 180.35 552.24 213.80 -1000 -1000 -1000 -10 -1 -1 -1
213 1393 Pedestrian -1 -1 -10 568.19 180.81 625.05 228.39 -1000 -1000 -1000 -10 -1 -1 -1
213 1523 Pedestrian -1 -1 -10 241.59 183.67 309.24 223.80 -1000 -1000 -1000 -10 -1 -1 -1
213 1527 Pedestrian -1 -1 -10 413.24 171.66 449.34 192.93 -1000 -1000 -1000 -10 -1 -1 -1
214 1468 Pedestrian -1 -1 -10 505.04 180.08 553.88 214.74 -1000 -1000 -1000 -10 -1 -1 -1
214 1393 Pedestrian -1 -1 -10 568.07 181.57 625.59 229.56 -1000 -1000 -1000 -10 -1 -1 -1
214 1523 Pedestrian -1 -1 -10 207.81 186.72 282.76 229.95 -1000 -1000 -1000 -10 -1 -1 -1
214 1527 Pedestrian -1 -1 -10 406.19 173.23 442.58 195.07 -1000 -1000 -1000 -10 -1 -1 -1
215 1468 Pedestrian -1 -1 -10 505.61 180.65 554.05 215.08 -1000 -1000 -1000 -10 -1 -1 -1
215 1393 Pedestrian -1 -1 -10 568.00 181.67 625.76 229.70 -1000 -1000 -1000 -10 -1 -1 -1
215 1523 Pedestrian -1 -1 -10 166.28 188.74 252.90 237.33 -1000 -1000 -1000 -10 -1 -1 -1
216 1468 Pedestrian -1 -1 -10 505.60 180.89 554.13 215.35 -1000 -1000 -1000 -10 -1 -1 -1
216 1393 Pedestrian -1 -1 -10 568.27 182.06 625.71 229.58 -1000 -1000 -1000 -10 -1 -1 -1
216 1523 Pedestrian -1 -1 -10 116.25 191.24 216.92 245.85 -1000 -1000 -1000 -10 -1 -1 -1
217 1468 Pedestrian -1 -1 -10 506.67 181.33 553.35 214.45 -1000 -1000 -1000 -10 -1 -1 -1
217 1393 Pedestrian -1 -1 -10 568.75 182.08 626.13 229.20 -1000 -1000 -1000 -10 -1 -1 -1
217 1523 Pedestrian -1 -1 -10 52.38 192.96 171.73 255.31 -1000 -1000 -1000 -10 -1 -1 -1
217 1552 Pedestrian -1 -1 -10 425.67 175.49 449.39 191.28 -1000 -1000 -1000 -10 -1 -1 -1
217 1527 Pedestrian -1 -1 -10 384.31 172.80 423.82 196.94 -1000 -1000 -1000 -10 -1 -1 -1
218 1468 Pedestrian -1 -1 -10 507.91 180.41 554.18 213.24 -1000 -1000 -1000 -10 -1 -1 -1
218 1393 Pedestrian -1 -1 -10 568.29 181.36 626.06 228.59 -1000 -1000 -1000 -10 -1 -1 -1
218 1523 Pedestrian -1 -1 -10 7.25 195.60 136.43 264.21 -1000 -1000 -1000 -10 -1 -1 -1
218 1527 Pedestrian -1 -1 -10 375.55 172.51 417.08 198.47 -1000 -1000 -1000 -10 -1 -1 -1
219 1468 Pedestrian -1 -1 -10 507.84 179.27 554.31 212.16 -1000 -1000 -1000 -10 -1 -1 -1
219 1393 Pedestrian -1 -1 -10 567.40 179.94 626.06 227.87 -1000 -1000 -1000 -10 -1 -1 -1
219 1527 Pedestrian -1 -1 -10 365.67 172.54 409.53 200.29 -1000 -1000 -1000 -10 -1 -1 -1
220 1468 Pedestrian -1 -1 -10 508.05 178.69 554.11 211.30 -1000 -1000 -1000 -10 -1 -1 -1
220 1393 Pedestrian -1 -1 -10 566.95 179.45 625.64 227.29 -1000 -1000 -1000 -10 -1 -1 -1
220 1527 Pedestrian -1 -1 -10 355.35 171.77 399.81 200.18 -1000 -1000 -1000 -10 -1 -1 -1
220 1553 Pedestrian -1 -1 -10 407.24 174.22 432.19 190.84 -1000 -1000 -1000 -10 -1 -1 -1
221 1468 Pedestrian -1 -1 -10 508.35 178.92 553.92 211.15 -1000 -1000 -1000 -10 -1 -1 -1
221 1393 Pedestrian -1 -1 -10 566.21 179.43 624.90 227.20 -1000 -1000 -1000 -10 -1 -1 -1
221 1527 Pedestrian -1 -1 -10 342.59 172.37 388.45 201.44 -1000 -1000 -1000 -10 -1 -1 -1
221 1553 Pedestrian -1 -1 -10 401.26 175.26 425.98 191.70 -1000 -1000 -1000 -10 -1 -1 -1
222 1468 Pedestrian -1 -1 -10 507.65 178.62 553.64 211.08 -1000 -1000 -1000 -10 -1 -1 -1
222 1393 Pedestrian -1 -1 -10 566.07 180.01 623.89 226.95 -1000 -1000 -1000 -10 -1 -1 -1
222 1527 Pedestrian -1 -1 -10 330.19 173.15 378.07 203.69 -1000 -1000 -1000 -10 -1 -1 -1
222 1553 Pedestrian -1 -1 -10 390.72 175.48 418.32 193.82 -1000 -1000 -1000 -10 -1 -1 -1
223 1468 Pedestrian -1 -1 -10 506.28 177.26 553.69 210.85 -1000 -1000 -1000 -10 -1 -1 -1
223 1393 Pedestrian -1 -1 -10 565.67 179.62 623.34 226.41 -1000 -1000 -1000 -10 -1 -1 -1
223 1527 Pedestrian -1 -1 -10 316.93 173.75 367.64 206.33 -1000 -1000 -1000 -10 -1 -1 -1
223 1553 Pedestrian -1 -1 -10 380.79 175.37 412.16 196.25 -1000 -1000 -1000 -10 -1 -1 -1
224 1468 Pedestrian -1 -1 -10 506.02 177.16 552.94 210.49 -1000 -1000 -1000 -10 -1 -1 -1
224 1393 Pedestrian -1 -1 -10 564.80 179.41 622.57 226.20 -1000 -1000 -1000 -10 -1 -1 -1
224 1527 Pedestrian -1 -1 -10 299.18 174.10 353.96 209.33 -1000 -1000 -1000 -10 -1 -1 -1
224 1553 Pedestrian -1 -1 -10 372.86 175.97 405.84 197.98 -1000 -1000 -1000 -10 -1 -1 -1
225 1468 Pedestrian -1 -1 -10 506.69 178.05 552.87 210.80 -1000 -1000 -1000 -10 -1 -1 -1
225 1393 Pedestrian -1 -1 -10 563.96 179.37 621.69 226.16 -1000 -1000 -1000 -10 -1 -1 -1
225 1527 Pedestrian -1 -1 -10 278.20 174.80 338.67 213.64 -1000 -1000 -1000 -10 -1 -1 -1
225 1553 Pedestrian -1 -1 -10 364.80 176.85 397.78 198.83 -1000 -1000 -1000 -10 -1 -1 -1
226 1468 Pedestrian -1 -1 -10 507.21 180.59 551.53 211.98 -1000 -1000 -1000 -10 -1 -1 -1
226 1393 Pedestrian -1 -1 -10 563.71 180.26 621.05 226.73 -1000 -1000 -1000 -10 -1 -1 -1
226 1527 Pedestrian -1 -1 -10 254.23 176.74 319.78 218.35 -1000 -1000 -1000 -10 -1 -1 -1
226 1553 Pedestrian -1 -1 -10 353.80 179.05 387.85 201.71 -1000 -1000 -1000 -10 -1 -1 -1
227 1468 Pedestrian -1 -1 -10 507.01 181.86 551.07 213.01 -1000 -1000 -1000 -10 -1 -1 -1
227 1393 Pedestrian -1 -1 -10 562.96 180.91 620.88 227.87 -1000 -1000 -1000 -10 -1 -1 -1
227 1527 Pedestrian -1 -1 -10 226.80 178.48 299.49 224.04 -1000 -1000 -1000 -10 -1 -1 -1
227 1553 Pedestrian -1 -1 -10 343.35 181.73 378.20 204.84 -1000 -1000 -1000 -10 -1 -1 -1
228 1468 Pedestrian -1 -1 -10 505.29 181.58 550.41 213.63 -1000 -1000 -1000 -10 -1 -1 -1
228 1393 Pedestrian -1 -1 -10 562.05 182.22 619.41 228.78 -1000 -1000 -1000 -10 -1 -1 -1
228 1527 Pedestrian -1 -1 -10 195.14 179.24 275.72 229.01 -1000 -1000 -1000 -10 -1 -1 -1
228 1553 Pedestrian -1 -1 -10 330.04 182.54 368.02 207.54 -1000 -1000 -1000 -10 -1 -1 -1
229 1468 Pedestrian -1 -1 -10 503.75 180.76 549.34 213.44 -1000 -1000 -1000 -10 -1 -1 -1
229 1393 Pedestrian -1 -1 -10 560.95 182.52 618.17 229.01 -1000 -1000 -1000 -10 -1 -1 -1
229 1527 Pedestrian -1 -1 -10 157.84 179.99 248.15 234.79 -1000 -1000 -1000 -10 -1 -1 -1
229 1553 Pedestrian -1 -1 -10 315.28 183.60 356.14 210.38 -1000 -1000 -1000 -10 -1 -1 -1
229 1554 Pedestrian -1 -1 -10 831.79 181.45 878.53 201.46 -1000 -1000 -1000 -10 -1 -1 -1
230 1468 Pedestrian -1 -1 -10 502.37 180.55 548.13 213.54 -1000 -1000 -1000 -10 -1 -1 -1
230 1393 Pedestrian -1 -1 -10 559.71 182.75 616.60 229.05 -1000 -1000 -1000 -10 -1 -1 -1
230 1527 Pedestrian -1 -1 -10 110.75 180.48 214.85 242.25 -1000 -1000 -1000 -10 -1 -1 -1
230 1553 Pedestrian -1 -1 -10 299.13 184.43 342.18 212.47 -1000 -1000 -1000 -10 -1 -1 -1
231 1468 Pedestrian -1 -1 -10 501.30 180.96 545.76 213.17 -1000 -1000 -1000 -10 -1 -1 -1
231 1393 Pedestrian -1 -1 -10 557.87 182.56 614.32 228.64 -1000 -1000 -1000 -10 -1 -1 -1
231 1527 Pedestrian -1 -1 -10 53.01 180.62 174.22 250.87 -1000 -1000 -1000 -10 -1 -1 -1
231 1553 Pedestrian -1 -1 -10 281.11 183.21 328.99 214.33 -1000 -1000 -1000 -10 -1 -1 -1
232 1468 Pedestrian -1 -1 -10 500.39 180.87 543.30 212.15 -1000 -1000 -1000 -10 -1 -1 -1
232 1393 Pedestrian -1 -1 -10 555.55 181.17 612.34 227.48 -1000 -1000 -1000 -10 -1 -1 -1
232 1527 Pedestrian -1 -1 -10 7.46 180.55 140.71 259.08 -1000 -1000 -1000 -10 -1 -1 -1
232 1553 Pedestrian -1 -1 -10 259.42 181.95 313.89 217.06 -1000 -1000 -1000 -10 -1 -1 -1
233 1468 Pedestrian -1 -1 -10 499.48 180.42 541.39 211.08 -1000 -1000 -1000 -10 -1 -1 -1
233 1393 Pedestrian -1 -1 -10 553.88 180.90 610.06 226.73 -1000 -1000 -1000 -10 -1 -1 -1
233 1527 Pedestrian -1 -1 -10 -25.90 181.70 102.60 262.14 -1000 -1000 -1000 -10 -1 -1 -1
233 1553 Pedestrian -1 -1 -10 236.53 181.99 293.89 218.44 -1000 -1000 -1000 -10 -1 -1 -1
234 1468 Pedestrian -1 -1 -10 498.35 181.71 539.46 211.72 -1000 -1000 -1000 -10 -1 -1 -1
234 1393 Pedestrian -1 -1 -10 551.50 181.34 608.00 227.58 -1000 -1000 -1000 -10 -1 -1 -1
234 1553 Pedestrian -1 -1 -10 209.66 184.25 271.64 222.95 -1000 -1000 -1000 -10 -1 -1 -1
235 1468 Pedestrian -1 -1 -10 496.21 182.26 538.16 213.06 -1000 -1000 -1000 -10 -1 -1 -1
235 1393 Pedestrian -1 -1 -10 550.00 182.09 606.37 228.25 -1000 -1000 -1000 -10 -1 -1 -1
235 1553 Pedestrian -1 -1 -10 177.59 186.15 246.88 228.66 -1000 -1000 -1000 -10 -1 -1 -1
236 1468 Pedestrian -1 -1 -10 494.18 181.63 537.20 213.46 -1000 -1000 -1000 -10 -1 -1 -1
236 1393 Pedestrian -1 -1 -10 548.14 182.21 604.22 228.29 -1000 -1000 -1000 -10 -1 -1 -1
236 1553 Pedestrian -1 -1 -10 140.33 187.96 216.70 233.67 -1000 -1000 -1000 -10 -1 -1 -1
237 1468 Pedestrian -1 -1 -10 491.48 181.23 534.47 213.34 -1000 -1000 -1000 -10 -1 -1 -1
237 1393 Pedestrian -1 -1 -10 546.83 182.39 602.44 228.27 -1000 -1000 -1000 -10 -1 -1 -1
237 1553 Pedestrian -1 -1 -10 92.70 188.65 181.50 240.33 -1000 -1000 -1000 -10 -1 -1 -1
237 1555 Pedestrian -1 -1 -10 840.47 184.67 898.62 219.92 -1000 -1000 -1000 -10 -1 -1 -1
238 1468 Pedestrian -1 -1 -10 490.33 182.07 532.09 213.34 -1000 -1000 -1000 -10 -1 -1 -1
238 1393 Pedestrian -1 -1 -10 544.61 182.72 599.58 228.46 -1000 -1000 -1000 -10 -1 -1 -1
238 1553 Pedestrian -1 -1 -10 38.36 191.29 139.39 248.33 -1000 -1000 -1000 -10 -1 -1 -1
239 1468 Pedestrian -1 -1 -10 488.92 182.17 530.20 213.22 -1000 -1000 -1000 -10 -1 -1 -1
239 1393 Pedestrian -1 -1 -10 544.05 183.92 597.08 228.10 -1000 -1000 -1000 -10 -1 -1 -1
239 1553 Pedestrian -1 -1 -10 -0.73 192.17 107.12 254.59 -1000 -1000 -1000 -10 -1 -1 -1
240 1468 Pedestrian -1 -1 -10 488.57 182.15 529.39 212.99 -1000 -1000 -1000 -10 -1 -1 -1
240 1393 Pedestrian -1 -1 -10 543.32 184.13 595.63 227.79 -1000 -1000 -1000 -10 -1 -1 -1
240 1556 Pedestrian -1 -1 -10 732.88 184.12 784.51 205.79 -1000 -1000 -1000 -10 -1 -1 -1
241 1468 Pedestrian -1 -1 -10 488.58 182.74 526.70 211.42 -1000 -1000 -1000 -10 -1 -1 -1
241 1393 Pedestrian -1 -1 -10 542.74 184.08 594.58 227.23 -1000 -1000 -1000 -10 -1 -1 -1
241 1555 Pedestrian -1 -1 -10 864.12 187.14 901.52 209.00 -1000 -1000 -1000 -10 -1 -1 -1
242 1393 Pedestrian -1 -1 -10 542.77 184.05 593.91 226.64 -1000 -1000 -1000 -10 -1 -1 -1
242 1555 Pedestrian -1 -1 -10 867.31 184.23 908.99 207.84 -1000 -1000 -1000 -10 -1 -1 -1
243 1393 Pedestrian -1 -1 -10 542.63 182.68 594.65 226.23 -1000 -1000 -1000 -10 -1 -1 -1
243 1555 Pedestrian -1 -1 -10 874.09 183.52 920.86 209.22 -1000 -1000 -1000 -10 -1 -1 -1
243 1468 Pedestrian -1 -1 -10 489.76 181.85 526.51 209.58 -1000 -1000 -1000 -10 -1 -1 -1
244 1393 Pedestrian -1 -1 -10 543.76 182.96 594.89 225.84 -1000 -1000 -1000 -10 -1 -1 -1
244 1555 Pedestrian -1 -1 -10 884.31 184.92 932.86 211.40 -1000 -1000 -1000 -10 -1 -1 -1
244 1468 Pedestrian -1 -1 -10 490.94 182.33 527.59 209.93 -1000 -1000 -1000 -10 -1 -1 -1
245 1393 Pedestrian -1 -1 -10 544.66 182.72 596.42 226.42 -1000 -1000 -1000 -10 -1 -1 -1
245 1468 Pedestrian -1 -1 -10 492.35 182.78 529.72 210.99 -1000 -1000 -1000 -10 -1 -1 -1
246 1393 Pedestrian -1 -1 -10 546.66 185.73 596.05 227.44 -1000 -1000 -1000 -10 -1 -1 -1
246 1555 Pedestrian -1 -1 -10 898.07 188.16 951.27 216.33 -1000 -1000 -1000 -10 -1 -1 -1
247 1393 Pedestrian -1 -1 -10 548.04 187.56 595.90 227.99 -1000 -1000 -1000 -10 -1 -1 -1
247 1558 Pedestrian -1 -1 -10 779.48 189.64 851.75 217.00 -1000 -1000 -1000 -10 -1 -1 -1
247 1468 Pedestrian -1 -1 -10 495.64 187.19 530.62 213.49 -1000 -1000 -1000 -10 -1 -1 -1
248 1393 Pedestrian -1 -1 -10 549.18 188.40 596.14 227.99 -1000 -1000 -1000 -10 -1 -1 -1
248 1558 Pedestrian -1 -1 -10 783.38 189.85 861.55 219.52 -1000 -1000 -1000 -10 -1 -1 -1
248 1468 Pedestrian -1 -1 -10 497.25 188.06 531.64 213.83 -1000 -1000 -1000 -10 -1 -1 -1
248 1555 Pedestrian -1 -1 -10 918.60 192.62 969.98 219.08 -1000 -1000 -1000 -10 -1 -1 -1
249 1393 Pedestrian -1 -1 -10 550.10 188.61 596.93 228.09 -1000 -1000 -1000 -10 -1 -1 -1
249 1558 Pedestrian -1 -1 -10 791.79 190.27 871.70 220.70 -1000 -1000 -1000 -10 -1 -1 -1
249 1468 Pedestrian -1 -1 -10 497.96 187.10 533.50 213.97 -1000 -1000 -1000 -10 -1 -1 -1
249 1555 Pedestrian -1 -1 -10 923.98 192.48 980.45 220.63 -1000 -1000 -1000 -10 -1 -1 -1
250 1393 Pedestrian -1 -1 -10 550.46 187.13 598.02 227.26 -1000 -1000 -1000 -10 -1 -1 -1
250 1558 Pedestrian -1 -1 -10 801.55 190.20 882.19 221.01 -1000 -1000 -1000 -10 -1 -1 -1
250 1468 Pedestrian -1 -1 -10 498.70 184.83 535.45 212.97 -1000 -1000 -1000 -10 -1 -1 -1
250 1555 Pedestrian -1 -1 -10 932.12 191.05 993.52 220.97 -1000 -1000 -1000 -10 -1 -1 -1
251 1393 Pedestrian -1 -1 -10 550.85 183.66 598.42 223.87 -1000 -1000 -1000 -10 -1 -1 -1
251 1558 Pedestrian -1 -1 -10 811.86 188.95 893.07 220.10 -1000 -1000 -1000 -10 -1 -1 -1
251 1555 Pedestrian -1 -1 -10 943.46 190.18 1008.00 220.59 -1000 -1000 -1000 -10 -1 -1 -1
252 1393 Pedestrian -1 -1 -10 552.28 181.56 598.65 220.60 -1000 -1000 -1000 -10 -1 -1 -1
252 1558 Pedestrian -1 -1 -10 821.94 188.06 903.38 219.36 -1000 -1000 -1000 -10 -1 -1 -1
252 1555 Pedestrian -1 -1 -10 954.10 189.90 1020.77 220.29 -1000 -1000 -1000 -10 -1 -1 -1
252 1468 Pedestrian -1 -1 -10 500.71 181.60 535.39 208.06 -1000 -1000 -1000 -10 -1 -1 -1
253 1393 Pedestrian -1 -1 -10 553.97 182.35 599.13 220.05 -1000 -1000 -1000 -10 -1 -1 -1
253 1558 Pedestrian -1 -1 -10 831.04 189.31 917.93 222.88 -1000 -1000 -1000 -10 -1 -1 -1
253 1555 Pedestrian -1 -1 -10 961.90 190.79 1036.42 224.27 -1000 -1000 -1000 -10 -1 -1 -1
253 1468 Pedestrian -1 -1 -10 501.02 181.80 536.32 208.84 -1000 -1000 -1000 -10 -1 -1 -1
254 1393 Pedestrian -1 -1 -10 553.62 183.47 600.33 222.64 -1000 -1000 -1000 -10 -1 -1 -1
254 1558 Pedestrian -1 -1 -10 841.42 192.00 931.55 227.03 -1000 -1000 -1000 -10 -1 -1 -1
254 1555 Pedestrian -1 -1 -10 973.47 194.56 1054.22 230.43 -1000 -1000 -1000 -10 -1 -1 -1
254 1468 Pedestrian -1 -1 -10 501.93 182.94 537.73 210.66 -1000 -1000 -1000 -10 -1 -1 -1
255 1393 Pedestrian -1 -1 -10 554.51 184.96 600.87 223.78 -1000 -1000 -1000 -10 -1 -1 -1
255 1558 Pedestrian -1 -1 -10 852.14 194.21 946.28 231.02 -1000 -1000 -1000 -10 -1 -1 -1
255 1555 Pedestrian -1 -1 -10 987.28 196.08 1074.73 234.64 -1000 -1000 -1000 -10 -1 -1 -1
255 1468 Pedestrian -1 -1 -10 503.12 184.05 538.52 211.64 -1000 -1000 -1000 -10 -1 -1 -1
256 1393 Pedestrian -1 -1 -10 554.33 183.51 601.94 223.47 -1000 -1000 -1000 -10 -1 -1 -1
256 1558 Pedestrian -1 -1 -10 865.65 195.27 961.06 232.67 -1000 -1000 -1000 -10 -1 -1 -1
256 1555 Pedestrian -1 -1 -10 1000.24 197.20 1094.02 238.43 -1000 -1000 -1000 -10 -1 -1 -1
256 1468 Pedestrian -1 -1 -10 502.69 181.86 539.94 211.37 -1000 -1000 -1000 -10 -1 -1 -1
257 1393 Pedestrian -1 -1 -10 554.93 183.11 601.93 222.52 -1000 -1000 -1000 -10 -1 -1 -1
257 1558 Pedestrian -1 -1 -10 878.62 195.73 978.31 234.93 -1000 -1000 -1000 -10 -1 -1 -1
257 1555 Pedestrian -1 -1 -10 1016.15 197.43 1115.95 241.25 -1000 -1000 -1000 -10 -1 -1 -1
257 1468 Pedestrian -1 -1 -10 503.95 182.17 539.62 210.63 -1000 -1000 -1000 -10 -1 -1 -1
258 1393 Pedestrian -1 -1 -10 555.61 181.96 601.44 220.26 -1000 -1000 -1000 -10 -1 -1 -1
258 1558 Pedestrian -1 -1 -10 893.15 195.26 995.26 235.43 -1000 -1000 -1000 -10 -1 -1 -1
258 1555 Pedestrian -1 -1 -10 1032.61 197.68 1137.54 243.62 -1000 -1000 -1000 -10 -1 -1 -1
258 1468 Pedestrian -1 -1 -10 504.79 181.36 539.84 209.44 -1000 -1000 -1000 -10 -1 -1 -1
259 1393 Pedestrian -1 -1 -10 556.01 181.53 601.03 219.04 -1000 -1000 -1000 -10 -1 -1 -1
259 1558 Pedestrian -1 -1 -10 908.37 193.85 1016.48 236.53 -1000 -1000 -1000 -10 -1 -1 -1
259 1555 Pedestrian -1 -1 -10 1052.44 196.72 1161.35 244.33 -1000 -1000 -1000 -10 -1 -1 -1
259 1468 Pedestrian -1 -1 -10 506.35 181.00 539.56 207.48 -1000 -1000 -1000 -10 -1 -1 -1
260 1393 Pedestrian -1 -1 -10 555.76 180.44 601.46 218.57 -1000 -1000 -1000 -10 -1 -1 -1
260 1558 Pedestrian -1 -1 -10 926.05 193.52 1039.19 238.16 -1000 -1000 -1000 -10 -1 -1 -1
260 1555 Pedestrian -1 -1 -10 1074.03 195.22 1186.42 244.18 -1000 -1000 -1000 -10 -1 -1 -1
260 1468 Pedestrian -1 -1 -10 507.72 179.81 539.54 204.97 -1000 -1000 -1000 -10 -1 -1 -1
261 1393 Pedestrian -1 -1 -10 556.00 179.21 602.32 218.18 -1000 -1000 -1000 -10 -1 -1 -1
261 1558 Pedestrian -1 -1 -10 943.72 193.66 1063.48 241.01 -1000 -1000 -1000 -10 -1 -1 -1
261 1555 Pedestrian -1 -1 -10 1099.63 195.58 1213.96 244.92 -1000 -1000 -1000 -10 -1 -1 -1
261 1468 Pedestrian -1 -1 -10 508.84 179.34 539.87 203.74 -1000 -1000 -1000 -10 -1 -1 -1
262 1393 Pedestrian -1 -1 -10 556.58 179.10 602.54 218.02 -1000 -1000 -1000 -10 -1 -1 -1
262 1558 Pedestrian -1 -1 -10 964.85 194.27 1091.43 244.41 -1000 -1000 -1000 -10 -1 -1 -1
262 1555 Pedestrian -1 -1 -10 1120.08 196.74 1240.53 249.23 -1000 -1000 -1000 -10 -1 -1 -1
262 1468 Pedestrian -1 -1 -10 509.95 179.57 540.25 203.28 -1000 -1000 -1000 -10 -1 -1 -1
263 1393 Pedestrian -1 -1 -10 557.67 180.21 602.42 218.22 -1000 -1000 -1000 -10 -1 -1 -1
263 1558 Pedestrian -1 -1 -10 987.72 196.13 1121.52 249.19 -1000 -1000 -1000 -10 -1 -1 -1
263 1555 Pedestrian -1 -1 -10 1140.42 198.42 1257.05 250.77 -1000 -1000 -1000 -10 -1 -1 -1
263 1468 Pedestrian -1 -1 -10 509.79 179.44 541.32 204.10 -1000 -1000 -1000 -10 -1 -1 -1
264 1393 Pedestrian -1 -1 -10 559.05 182.13 601.61 218.22 -1000 -1000 -1000 -10 -1 -1 -1
264 1558 Pedestrian -1 -1 -10 1012.62 197.85 1155.31 254.53 -1000 -1000 -1000 -10 -1 -1 -1
264 1555 Pedestrian -1 -1 -10 1167.12 205.90 1265.72 252.36 -1000 -1000 -1000 -10 -1 -1 -1
264 1468 Pedestrian -1 -1 -10 510.46 180.68 541.93 205.35 -1000 -1000 -1000 -10 -1 -1 -1
265 1393 Pedestrian -1 -1 -10 559.12 182.36 601.62 218.37 -1000 -1000 -1000 -10 -1 -1 -1
265 1558 Pedestrian -1 -1 -10 1040.95 199.78 1195.28 261.22 -1000 -1000 -1000 -10 -1 -1 -1
265 1468 Pedestrian -1 -1 -10 510.92 180.77 544.13 207.03 -1000 -1000 -1000 -10 -1 -1 -1
266 1393 Pedestrian -1 -1 -10 559.40 182.88 601.45 218.60 -1000 -1000 -1000 -10 -1 -1 -1
266 1558 Pedestrian -1 -1 -10 1073.01 201.38 1236.01 266.87 -1000 -1000 -1000 -10 -1 -1 -1
267 1393 Pedestrian -1 -1 -10 560.90 184.43 601.58 218.97 -1000 -1000 -1000 -10 -1 -1 -1
267 1558 Pedestrian -1 -1 -10 1096.90 201.81 1263.74 271.07 -1000 -1000 -1000 -10 -1 -1 -1
267 1468 Pedestrian -1 -1 -10 512.44 181.98 547.00 209.65 -1000 -1000 -1000 -10 -1 -1 -1
268 1393 Pedestrian -1 -1 -10 562.02 184.42 602.41 218.81 -1000 -1000 -1000 -10 -1 -1 -1
268 1558 Pedestrian -1 -1 -10 1123.18 203.68 1285.04 274.79 -1000 -1000 -1000 -10 -1 -1 -1
269 1393 Pedestrian -1 -1 -10 561.98 181.83 604.41 218.31 -1000 -1000 -1000 -10 -1 -1 -1
269 1468 Pedestrian -1 -1 -10 515.22 181.58 548.49 208.27 -1000 -1000 -1000 -10 -1 -1 -1
270 1468 Pedestrian -1 -1 -10 517.22 182.28 549.50 208.31 -1000 -1000 -1000 -10 -1 -1 -1
271 1393 Pedestrian -1 -1 -10 565.65 185.24 604.57 218.73 -1000 -1000 -1000 -10 -1 -1 -1
272 1393 Pedestrian -1 -1 -10 565.63 189.32 606.14 224.24 -1000 -1000 -1000 -10 -1 -1 -1
272 1468 Pedestrian -1 -1 -10 520.73 188.96 550.97 213.20 -1000 -1000 -1000 -10 -1 -1 -1
273 1393 Pedestrian -1 -1 -10 566.74 192.11 606.32 226.04 -1000 -1000 -1000 -10 -1 -1 -1
273 1468 Pedestrian -1 -1 -10 522.28 191.91 551.03 214.73 -1000 -1000 -1000 -10 -1 -1 -1
274 1393 Pedestrian -1 -1 -10 566.48 192.30 606.65 226.76 -1000 -1000 -1000 -10 -1 -1 -1
274 1468 Pedestrian -1 -1 -10 523.27 192.98 551.14 214.82 -1000 -1000 -1000 -10 -1 -1 -1
275 1393 Pedestrian -1 -1 -10 567.14 188.99 606.05 222.39 -1000 -1000 -1000 -10 -1 -1 -1
276 1393 Pedestrian -1 -1 -10 566.04 184.35 606.19 219.15 -1000 -1000 -1000 -10 -1 -1 -1
276 1468 Pedestrian -1 -1 -10 522.25 185.17 551.38 208.01 -1000 -1000 -1000 -10 -1 -1 -1
277 1393 Pedestrian -1 -1 -10 566.43 179.04 606.79 214.13 -1000 -1000 -1000 -10 -1 -1 -1
277 1468 Pedestrian -1 -1 -10 521.17 179.46 552.84 204.46 -1000 -1000 -1000 -10 -1 -1 -1
278 1393 Pedestrian -1 -1 -10 567.13 175.91 605.66 209.41 -1000 -1000 -1000 -10 -1 -1 -1
278 1468 Pedestrian -1 -1 -10 521.00 174.74 553.18 200.26 -1000 -1000 -1000 -10 -1 -1 -1
279 1393 Pedestrian -1 -1 -10 567.01 173.07 605.77 206.93 -1000 -1000 -1000 -10 -1 -1 -1
279 1468 Pedestrian -1 -1 -10 521.29 172.80 553.60 198.62 -1000 -1000 -1000 -10 -1 -1 -1
280 1468 Pedestrian -1 -1 -10 522.26 177.81 552.07 201.39 -1000 -1000 -1000 -10 -1 -1 -1
281 1468 Pedestrian -1 -1 -10 520.56 181.09 553.67 207.57 -1000 -1000 -1000 -10 -1 -1 -1
282 1468 Pedestrian -1 -1 -10 521.07 184.94 552.96 210.40 -1000 -1000 -1000 -10 -1 -1 -1
282 1393 Pedestrian -1 -1 -10 568.10 183.44 605.06 215.62 -1000 -1000 -1000 -10 -1 -1 -1
283 1468 Pedestrian -1 -1 -10 520.97 184.65 553.70 210.94 -1000 -1000 -1000 -10 -1 -1 -1
284 1393 Pedestrian -1 -1 -10 569.41 184.34 605.77 215.82 -1000 -1000 -1000 -10 -1 -1 -1
285 1468 Pedestrian -1 -1 -10 522.94 181.57 554.43 207.08 -1000 -1000 -1000 -10 -1 -1 -1
286 1393 Pedestrian -1 -1 -10 570.50 180.88 608.01 213.56 -1000 -1000 -1000 -10 -1 -1 -1
287 1468 Pedestrian -1 -1 -10 525.14 180.63 557.56 207.37 -1000 -1000 -1000 -10 -1 -1 -1
289 1393 Pedestrian -1 -1 -10 571.77 176.85 611.17 211.99 -1000 -1000 -1000 -10 -1 -1 -1
290 1393 Pedestrian -1 -1 -10 573.55 175.17 612.47 210.23 -1000 -1000 -1000 -10 -1 -1 -1
290 1468 Pedestrian -1 -1 -10 528.04 179.43 558.14 204.08 -1000 -1000 -1000 -10 -1 -1 -1
291 1393 Pedestrian -1 -1 -10 576.21 176.92 613.29 210.22 -1000 -1000 -1000 -10 -1 -1 -1
291 1468 Pedestrian -1 -1 -10 529.49 180.18 558.28 203.30 -1000 -1000 -1000 -10 -1 -1 -1
292 1468 Pedestrian -1 -1 -10 530.72 181.45 559.03 203.83 -1000 -1000 -1000 -10 -1 -1 -1
293 1468 Pedestrian -1 -1 -10 531.27 181.10 560.92 204.57 -1000 -1000 -1000 -10 -1 -1 -1
294 1468 Pedestrian -1 -1 -10 533.70 180.73 562.84 203.60 -1000 -1000 -1000 -10 -1 -1 -1
294 1393 Pedestrian -1 -1 -10 579.92 174.23 617.93 208.76 -1000 -1000 -1000 -10 -1 -1 -1
295 1468 Pedestrian -1 -1 -10 534.86 180.70 563.67 203.15 -1000 -1000 -1000 -10 -1 -1 -1
295 1393 Pedestrian -1 -1 -10 580.98 175.30 617.57 208.49 -1000 -1000 -1000 -10 -1 -1 -1
296 1468 Pedestrian -1 -1 -10 535.19 180.66 563.80 202.94 -1000 -1000 -1000 -10 -1 -1 -1
298 1468 Pedestrian -1 -1 -10 533.17 183.79 565.93 209.69 -1000 -1000 -1000 -10 -1 -1 -1
299 1468 Pedestrian -1 -1 -10 532.60 184.67 565.50 210.92 -1000 -1000 -1000 -10 -1 -1 -1
299 1393 Pedestrian -1 -1 -10 583.79 182.91 618.94 214.65 -1000 -1000 -1000 -10 -1 -1 -1
300 1468 Pedestrian -1 -1 -10 532.30 182.44 565.06 208.76 -1000 -1000 -1000 -10 -1 -1 -1
300 1578 Pedestrian -1 -1 -10 299.82 181.53 353.25 210.14 -1000 -1000 -1000 -10 -1 -1 -1
301 1468 Pedestrian -1 -1 -10 531.67 180.11 563.34 205.60 -1000 -1000 -1000 -10 -1 -1 -1
301 1578 Pedestrian -1 -1 -10 276.84 179.55 332.74 209.48 -1000 -1000 -1000 -10 -1 -1 -1
302 1468 Pedestrian -1 -1 -10 531.48 179.45 562.16 204.02 -1000 -1000 -1000 -10 -1 -1 -1
302 1578 Pedestrian -1 -1 -10 246.11 178.60 307.06 211.19 -1000 -1000 -1000 -10 -1 -1 -1
302 1393 Pedestrian -1 -1 -10 582.88 176.98 621.73 212.39 -1000 -1000 -1000 -10 -1 -1 -1
303 1468 Pedestrian -1 -1 -10 531.23 179.47 562.09 204.13 -1000 -1000 -1000 -10 -1 -1 -1
303 1578 Pedestrian -1 -1 -10 207.64 177.79 279.38 216.12 -1000 -1000 -1000 -10 -1 -1 -1
303 1393 Pedestrian -1 -1 -10 583.27 176.97 621.98 212.41 -1000 -1000 -1000 -10 -1 -1 -1
304 1468 Pedestrian -1 -1 -10 531.70 179.72 561.74 203.41 -1000 -1000 -1000 -10 -1 -1 -1
304 1578 Pedestrian -1 -1 -10 166.57 177.97 243.10 218.47 -1000 -1000 -1000 -10 -1 -1 -1
305 1468 Pedestrian -1 -1 -10 530.99 176.82 561.87 201.16 -1000 -1000 -1000 -10 -1 -1 -1
305 1578 Pedestrian -1 -1 -10 111.62 176.59 198.94 222.19 -1000 -1000 -1000 -10 -1 -1 -1
305 1393 Pedestrian -1 -1 -10 585.66 173.88 620.83 205.76 -1000 -1000 -1000 -10 -1 -1 -1
306 1468 Pedestrian -1 -1 -10 529.86 174.43 562.19 199.99 -1000 -1000 -1000 -10 -1 -1 -1
306 1578 Pedestrian -1 -1 -10 43.25 175.47 144.05 227.05 -1000 -1000 -1000 -10 -1 -1 -1
307 1468 Pedestrian -1 -1 -10 530.27 175.93 562.06 200.96 -1000 -1000 -1000 -10 -1 -1 -1
307 1578 Pedestrian -1 -1 -10 -9.05 176.32 99.20 233.14 -1000 -1000 -1000 -10 -1 -1 -1
307 1393 Pedestrian -1 -1 -10 586.46 174.51 620.79 205.51 -1000 -1000 -1000 -10 -1 -1 -1
308 1468 Pedestrian -1 -1 -10 530.57 178.20 561.36 202.10 -1000 -1000 -1000 -10 -1 -1 -1
309 1468 Pedestrian -1 -1 -10 530.39 179.51 560.53 202.69 -1000 -1000 -1000 -10 -1 -1 -1
309 1393 Pedestrian -1 -1 -10 586.16 176.86 621.54 208.85 -1000 -1000 -1000 -10 -1 -1 -1
310 1468 Pedestrian -1 -1 -10 529.34 179.95 559.57 203.02 -1000 -1000 -1000 -10 -1 -1 -1
310 1393 Pedestrian -1 -1 -10 585.60 177.04 621.70 209.75 -1000 -1000 -1000 -10 -1 -1 -1
311 1468 Pedestrian -1 -1 -10 528.43 179.74 559.24 203.18 -1000 -1000 -1000 -10 -1 -1 -1
312 1468 Pedestrian -1 -1 -10 526.73 179.42 558.38 203.39 -1000 -1000 -1000 -10 -1 -1 -1
312 1393 Pedestrian -1 -1 -10 585.21 177.52 620.08 209.10 -1000 -1000 -1000 -10 -1 -1 -1
313 1393 Pedestrian -1 -1 -10 584.53 177.31 621.00 210.51 -1000 -1000 -1000 -10 -1 -1 -1
314 1393 Pedestrian -1 -1 -10 584.39 180.34 619.27 211.93 -1000 -1000 -1000 -10 -1 -1 -1
314 1468 Pedestrian -1 -1 -10 525.42 182.21 557.88 206.98 -1000 -1000 -1000 -10 -1 -1 -1
315 1393 Pedestrian -1 -1 -10 583.95 179.47 619.52 211.69 -1000 -1000 -1000 -10 -1 -1 -1
316 1393 Pedestrian -1 -1 -10 583.72 178.41 618.71 209.98 -1000 -1000 -1000 -10 -1 -1 -1
316 1468 Pedestrian -1 -1 -10 524.37 181.83 554.52 204.56 -1000 -1000 -1000 -10 -1 -1 -1
317 1393 Pedestrian -1 -1 -10 584.13 177.92 617.42 207.73 -1000 -1000 -1000 -10 -1 -1 -1
317 1468 Pedestrian -1 -1 -10 523.15 180.67 553.81 203.86 -1000 -1000 -1000 -10 -1 -1 -1
318 1393 Pedestrian -1 -1 -10 585.13 177.98 616.36 205.60 -1000 -1000 -1000 -10 -1 -1 -1
318 1468 Pedestrian -1 -1 -10 521.98 179.89 553.10 203.54 -1000 -1000 -1000 -10 -1 -1 -1
319 1393 Pedestrian -1 -1 -10 585.81 177.70 616.07 204.04 -1000 -1000 -1000 -10 -1 -1 -1
319 1468 Pedestrian -1 -1 -10 521.34 179.44 552.26 203.00 -1000 -1000 -1000 -10 -1 -1 -1
320 1393 Pedestrian -1 -1 -10 585.20 176.70 618.00 205.29 -1000 -1000 -1000 -10 -1 -1 -1
320 1468 Pedestrian -1 -1 -10 521.41 179.63 552.32 203.23 -1000 -1000 -1000 -10 -1 -1 -1
321 1393 Pedestrian -1 -1 -10 585.98 178.64 620.48 208.90 -1000 -1000 -1000 -10 -1 -1 -1
321 1468 Pedestrian -1 -1 -10 521.63 181.69 551.18 204.11 -1000 -1000 -1000 -10 -1 -1 -1
322 1393 Pedestrian -1 -1 -10 586.65 178.91 621.27 209.46 -1000 -1000 -1000 -10 -1 -1 -1
322 1468 Pedestrian -1 -1 -10 522.18 182.70 550.59 203.98 -1000 -1000 -1000 -10 -1 -1 -1
323 1393 Pedestrian -1 -1 -10 589.14 178.82 620.75 206.36 -1000 -1000 -1000 -10 -1 -1 -1
323 1468 Pedestrian -1 -1 -10 521.81 181.18 551.51 203.45 -1000 -1000 -1000 -10 -1 -1 -1
323 1588 Pedestrian -1 -1 -10 1.69 229.89 233.28 369.56 -1000 -1000 -1000 -10 -1 -1 -1
324 1393 Pedestrian -1 -1 -10 589.23 175.31 621.51 203.51 -1000 -1000 -1000 -10 -1 -1 -1
324 1468 Pedestrian -1 -1 -10 521.52 179.45 551.50 201.92 -1000 -1000 -1000 -10 -1 -1 -1
324 1588 Pedestrian -1 -1 -10 1.13 217.35 256.62 371.42 -1000 -1000 -1000 -10 -1 -1 -1
325 1393 Pedestrian -1 -1 -10 590.62 176.91 620.67 202.89 -1000 -1000 -1000 -10 -1 -1 -1
325 1468 Pedestrian -1 -1 -10 520.49 180.05 550.83 202.74 -1000 -1000 -1000 -10 -1 -1 -1
325 1588 Pedestrian -1 -1 -10 7.32 210.86 274.68 371.75 -1000 -1000 -1000 -10 -1 -1 -1
326 1393 Pedestrian -1 -1 -10 589.74 176.81 620.93 203.73 -1000 -1000 -1000 -10 -1 -1 -1
326 1468 Pedestrian -1 -1 -10 519.82 180.99 549.58 203.01 -1000 -1000 -1000 -10 -1 -1 -1
326 1588 Pedestrian -1 -1 -10 12.37 205.28 291.10 372.37 -1000 -1000 -1000 -10 -1 -1 -1
327 1393 Pedestrian -1 -1 -10 589.08 177.40 622.59 206.58 -1000 -1000 -1000 -10 -1 -1 -1
327 1468 Pedestrian -1 -1 -10 517.73 182.25 549.27 205.56 -1000 -1000 -1000 -10 -1 -1 -1
327 1588 Pedestrian -1 -1 -10 17.89 202.07 304.98 373.07 -1000 -1000 -1000 -10 -1 -1 -1
328 1393 Pedestrian -1 -1 -10 587.68 177.87 622.63 208.66 -1000 -1000 -1000 -10 -1 -1 -1
328 1468 Pedestrian -1 -1 -10 514.62 182.42 548.08 207.31 -1000 -1000 -1000 -10 -1 -1 -1
328 1588 Pedestrian -1 -1 -10 22.48 199.97 316.70 373.67 -1000 -1000 -1000 -10 -1 -1 -1
329 1393 Pedestrian -1 -1 -10 586.19 178.26 621.45 209.59 -1000 -1000 -1000 -10 -1 -1 -1
329 1588 Pedestrian -1 -1 -10 27.27 199.64 326.18 374.00 -1000 -1000 -1000 -10 -1 -1 -1
330 1393 Pedestrian -1 -1 -10 583.82 177.22 619.70 209.41 -1000 -1000 -1000 -10 -1 -1 -1
330 1588 Pedestrian -1 -1 -10 30.58 199.67 334.82 374.65 -1000 -1000 -1000 -10 -1 -1 -1
331 1393 Pedestrian -1 -1 -10 582.52 176.93 616.84 207.88 -1000 -1000 -1000 -10 -1 -1 -1
331 1588 Pedestrian -1 -1 -10 32.60 199.11 343.34 375.09 -1000 -1000 -1000 -10 -1 -1 -1
331 1468 Pedestrian -1 -1 -10 505.30 182.30 540.43 208.63 -1000 -1000 -1000 -10 -1 -1 -1
332 1393 Pedestrian -1 -1 -10 580.69 174.79 615.06 205.98 -1000 -1000 -1000 -10 -1 -1 -1
332 1588 Pedestrian -1 -1 -10 31.92 196.20 352.55 375.22 -1000 -1000 -1000 -10 -1 -1 -1
332 1591 Pedestrian -1 -1 -10 468.17 175.41 496.35 191.52 -1000 -1000 -1000 -10 -1 -1 -1
332 1468 Pedestrian -1 -1 -10 502.80 182.51 536.27 207.33 -1000 -1000 -1000 -10 -1 -1 -1
333 1393 Pedestrian -1 -1 -10 581.08 176.91 610.83 203.60 -1000 -1000 -1000 -10 -1 -1 -1
333 1588 Pedestrian -1 -1 -10 40.59 189.94 370.39 372.59 -1000 -1000 -1000 -10 -1 -1 -1
333 1591 Pedestrian -1 -1 -10 461.19 172.86 490.66 189.72 -1000 -1000 -1000 -10 -1 -1 -1
333 1468 Pedestrian -1 -1 -10 499.89 180.94 532.24 204.57 -1000 -1000 -1000 -10 -1 -1 -1
334 1393 Pedestrian -1 -1 -10 578.38 176.59 607.53 202.52 -1000 -1000 -1000 -10 -1 -1 -1
334 1588 Pedestrian -1 -1 -10 60.90 184.94 385.98 364.26 -1000 -1000 -1000 -10 -1 -1 -1
334 1591 Pedestrian -1 -1 -10 452.27 171.12 482.54 188.44 -1000 -1000 -1000 -10 -1 -1 -1
334 1468 Pedestrian -1 -1 -10 495.30 178.64 529.60 203.64 -1000 -1000 -1000 -10 -1 -1 -1
335 1393 Pedestrian -1 -1 -10 576.22 175.43 605.31 201.20 -1000 -1000 -1000 -10 -1 -1 -1
335 1588 Pedestrian -1 -1 -10 87.87 182.84 396.57 352.40 -1000 -1000 -1000 -10 -1 -1 -1
335 1591 Pedestrian -1 -1 -10 442.75 169.55 475.91 188.63 -1000 -1000 -1000 -10 -1 -1 -1
335 1468 Pedestrian -1 -1 -10 491.43 176.32 527.95 203.16 -1000 -1000 -1000 -10 -1 -1 -1
336 1393 Pedestrian -1 -1 -10 573.39 172.81 604.59 200.59 -1000 -1000 -1000 -10 -1 -1 -1
336 1588 Pedestrian -1 -1 -10 116.67 183.04 402.20 339.02 -1000 -1000 -1000 -10 -1 -1 -1
336 1591 Pedestrian -1 -1 -10 433.94 168.71 469.76 189.46 -1000 -1000 -1000 -10 -1 -1 -1
336 1468 Pedestrian -1 -1 -10 488.61 177.09 524.08 203.11 -1000 -1000 -1000 -10 -1 -1 -1
337 1393 Pedestrian -1 -1 -10 571.35 173.76 602.40 201.27 -1000 -1000 -1000 -10 -1 -1 -1
337 1588 Pedestrian -1 -1 -10 137.58 182.74 412.40 332.68 -1000 -1000 -1000 -10 -1 -1 -1
337 1591 Pedestrian -1 -1 -10 424.26 170.14 460.88 191.48 -1000 -1000 -1000 -10 -1 -1 -1
337 1468 Pedestrian -1 -1 -10 486.38 178.24 520.97 203.43 -1000 -1000 -1000 -10 -1 -1 -1
338 1393 Pedestrian -1 -1 -10 569.62 175.65 599.60 202.00 -1000 -1000 -1000 -10 -1 -1 -1
338 1588 Pedestrian -1 -1 -10 155.86 184.04 422.23 329.91 -1000 -1000 -1000 -10 -1 -1 -1
338 1591 Pedestrian -1 -1 -10 414.01 171.81 452.95 194.84 -1000 -1000 -1000 -10 -1 -1 -1
338 1468 Pedestrian -1 -1 -10 483.79 180.22 518.98 205.75 -1000 -1000 -1000 -10 -1 -1 -1
339 1393 Pedestrian -1 -1 -10 567.62 175.96 598.15 202.76 -1000 -1000 -1000 -10 -1 -1 -1
339 1588 Pedestrian -1 -1 -10 176.24 187.40 427.84 325.45 -1000 -1000 -1000 -10 -1 -1 -1
339 1591 Pedestrian -1 -1 -10 405.59 176.09 443.45 198.51 -1000 -1000 -1000 -10 -1 -1 -1
339 1468 Pedestrian -1 -1 -10 481.02 181.98 517.35 208.45 -1000 -1000 -1000 -10 -1 -1 -1
340 1393 Pedestrian -1 -1 -10 565.88 175.70 596.89 202.99 -1000 -1000 -1000 -10 -1 -1 -1
340 1588 Pedestrian -1 -1 -10 194.80 188.56 434.98 320.73 -1000 -1000 -1000 -10 -1 -1 -1
340 1591 Pedestrian -1 -1 -10 394.88 177.63 434.38 201.18 -1000 -1000 -1000 -10 -1 -1 -1
340 1468 Pedestrian -1 -1 -10 477.82 182.07 515.44 209.73 -1000 -1000 -1000 -10 -1 -1 -1
341 1393 Pedestrian -1 -1 -10 564.07 175.56 595.42 203.08 -1000 -1000 -1000 -10 -1 -1 -1
341 1588 Pedestrian -1 -1 -10 213.29 188.35 440.93 314.05 -1000 -1000 -1000 -10 -1 -1 -1
341 1591 Pedestrian -1 -1 -10 382.95 177.18 425.22 202.58 -1000 -1000 -1000 -10 -1 -1 -1
341 1468 Pedestrian -1 -1 -10 475.41 182.49 513.61 210.86 -1000 -1000 -1000 -10 -1 -1 -1
342 1393 Pedestrian -1 -1 -10 562.99 178.43 593.09 204.54 -1000 -1000 -1000 -10 -1 -1 -1
342 1588 Pedestrian -1 -1 -10 227.64 186.06 448.64 309.08 -1000 -1000 -1000 -10 -1 -1 -1
342 1468 Pedestrian -1 -1 -10 473.70 184.16 511.42 212.00 -1000 -1000 -1000 -10 -1 -1 -1
343 1393 Pedestrian -1 -1 -10 560.76 180.45 592.10 207.90 -1000 -1000 -1000 -10 -1 -1 -1
343 1588 Pedestrian -1 -1 -10 242.13 186.11 455.15 305.63 -1000 -1000 -1000 -10 -1 -1 -1
343 1468 Pedestrian -1 -1 -10 470.88 187.71 509.87 216.56 -1000 -1000 -1000 -10 -1 -1 -1
344 1393 Pedestrian -1 -1 -10 559.07 180.08 590.92 208.19 -1000 -1000 -1000 -10 -1 -1 -1
344 1588 Pedestrian -1 -1 -10 255.82 185.62 460.94 301.78 -1000 -1000 -1000 -10 -1 -1 -1
344 1468 Pedestrian -1 -1 -10 468.41 188.42 507.71 217.63 -1000 -1000 -1000 -10 -1 -1 -1
345 1393 Pedestrian -1 -1 -10 557.52 178.70 587.14 204.91 -1000 -1000 -1000 -10 -1 -1 -1
345 1588 Pedestrian -1 -1 -10 268.31 182.99 464.73 295.39 -1000 -1000 -1000 -10 -1 -1 -1
345 1468 Pedestrian -1 -1 -10 466.77 185.23 505.89 214.48 -1000 -1000 -1000 -10 -1 -1 -1
346 1393 Pedestrian -1 -1 -10 555.11 177.40 584.30 203.38 -1000 -1000 -1000 -10 -1 -1 -1
346 1588 Pedestrian -1 -1 -10 277.27 187.49 451.69 289.36 -1000 -1000 -1000 -10 -1 -1 -1
346 1468 Pedestrian -1 -1 -10 464.82 183.27 504.29 212.88 -1000 -1000 -1000 -10 -1 -1 -1
347 1393 Pedestrian -1 -1 -10 554.04 179.20 581.13 203.04 -1000 -1000 -1000 -10 -1 -1 -1
347 1588 Pedestrian -1 -1 -10 298.53 189.59 461.92 285.10 -1000 -1000 -1000 -10 -1 -1 -1
347 1468 Pedestrian -1 -1 -10 461.54 182.88 501.79 213.24 -1000 -1000 -1000 -10 -1 -1 -1
348 1393 Pedestrian -1 -1 -10 551.45 180.60 579.01 205.01 -1000 -1000 -1000 -10 -1 -1 -1
348 1588 Pedestrian -1 -1 -10 308.89 192.69 468.19 286.14 -1000 -1000 -1000 -10 -1 -1 -1
348 1468 Pedestrian -1 -1 -10 457.96 185.72 498.99 216.71 -1000 -1000 -1000 -10 -1 -1 -1
349 1393 Pedestrian -1 -1 -10 549.62 182.14 577.66 207.15 -1000 -1000 -1000 -10 -1 -1 -1
349 1588 Pedestrian -1 -1 -10 317.52 193.51 473.97 285.90 -1000 -1000 -1000 -10 -1 -1 -1
349 1468 Pedestrian -1 -1 -10 454.24 188.01 494.84 218.25 -1000 -1000 -1000 -10 -1 -1 -1
350 1393 Pedestrian -1 -1 -10 548.41 182.90 576.09 207.56 -1000 -1000 -1000 -10 -1 -1 -1
350 1588 Pedestrian -1 -1 -10 325.29 192.10 478.94 283.55 -1000 -1000 -1000 -10 -1 -1 -1
350 1468 Pedestrian -1 -1 -10 449.30 186.97 490.82 217.61 -1000 -1000 -1000 -10 -1 -1 -1
351 1393 Pedestrian -1 -1 -10 546.68 181.86 572.50 204.49 -1000 -1000 -1000 -10 -1 -1 -1
351 1588 Pedestrian -1 -1 -10 327.71 191.76 473.11 280.10 -1000 -1000 -1000 -10 -1 -1 -1
351 1468 Pedestrian -1 -1 -10 447.19 184.28 489.76 215.45 -1000 -1000 -1000 -10 -1 -1 -1
352 1393 Pedestrian -1 -1 -10 543.29 179.37 569.42 202.12 -1000 -1000 -1000 -10 -1 -1 -1
352 1588 Pedestrian -1 -1 -10 337.99 189.36 478.81 275.58 -1000 -1000 -1000 -10 -1 -1 -1
353 1393 Pedestrian -1 -1 -10 539.14 177.79 566.81 201.95 -1000 -1000 -1000 -10 -1 -1 -1
353 1588 Pedestrian -1 -1 -10 346.54 186.76 479.42 268.83 -1000 -1000 -1000 -10 -1 -1 -1
353 1607 Pedestrian -1 -1 -10 -29.60 183.59 131.90 239.85 -1000 -1000 -1000 -10 -1 -1 -1
354 1393 Pedestrian -1 -1 -10 537.04 178.68 564.42 202.53 -1000 -1000 -1000 -10 -1 -1 -1
354 1588 Pedestrian -1 -1 -10 351.99 185.52 484.69 268.52 -1000 -1000 -1000 -10 -1 -1 -1
355 1393 Pedestrian -1 -1 -10 535.57 179.40 562.14 202.50 -1000 -1000 -1000 -10 -1 -1 -1
355 1588 Pedestrian -1 -1 -10 359.35 186.63 486.72 266.95 -1000 -1000 -1000 -10 -1 -1 -1
356 1588 Pedestrian -1 -1 -10 366.50 188.01 489.80 266.26 -1000 -1000 -1000 -10 -1 -1 -1
357 1588 Pedestrian -1 -1 -10 369.33 187.91 490.91 266.26 -1000 -1000 -1000 -10 -1 -1 -1
357 1591 Pedestrian -1 -1 -10 248.58 182.69 301.15 213.05 -1000 -1000 -1000 -10 -1 -1 -1
357 1393 Pedestrian -1 -1 -10 532.75 179.36 561.35 204.20 -1000 -1000 -1000 -10 -1 -1 -1
358 1588 Pedestrian -1 -1 -10 374.12 188.07 491.39 264.92 -1000 -1000 -1000 -10 -1 -1 -1
358 1591 Pedestrian -1 -1 -10 220.29 184.35 279.16 217.40 -1000 -1000 -1000 -10 -1 -1 -1
358 1393 Pedestrian -1 -1 -10 532.08 180.70 559.71 204.54 -1000 -1000 -1000 -10 -1 -1 -1
359 1588 Pedestrian -1 -1 -10 382.70 185.77 494.62 259.85 -1000 -1000 -1000 -10 -1 -1 -1
359 1591 Pedestrian -1 -1 -10 181.86 182.47 249.92 219.33 -1000 -1000 -1000 -10 -1 -1 -1
359 1393 Pedestrian -1 -1 -10 529.99 179.68 557.65 203.44 -1000 -1000 -1000 -10 -1 -1 -1
360 1588 Pedestrian -1 -1 -10 390.36 183.84 499.25 256.39 -1000 -1000 -1000 -10 -1 -1 -1
360 1393 Pedestrian -1 -1 -10 530.07 178.89 557.84 202.59 -1000 -1000 -1000 -10 -1 -1 -1
361 1588 Pedestrian -1 -1 -10 398.72 184.68 501.90 253.44 -1000 -1000 -1000 -10 -1 -1 -1
361 1393 Pedestrian -1 -1 -10 530.10 178.32 558.35 202.68 -1000 -1000 -1000 -10 -1 -1 -1
361 1607 Pedestrian -1 -1 -10 12.41 182.41 150.94 231.32 -1000 -1000 -1000 -10 -1 -1 -1
362 1588 Pedestrian -1 -1 -10 404.39 184.67 506.19 252.77 -1000 -1000 -1000 -10 -1 -1 -1
362 1393 Pedestrian -1 -1 -10 530.64 178.83 558.17 202.69 -1000 -1000 -1000 -10 -1 -1 -1
362 1607 Pedestrian -1 -1 -10 -19.87 183.95 121.27 235.90 -1000 -1000 -1000 -10 -1 -1 -1
363 1588 Pedestrian -1 -1 -10 408.57 183.65 509.71 251.71 -1000 -1000 -1000 -10 -1 -1 -1
363 1393 Pedestrian -1 -1 -10 531.32 178.99 558.14 202.43 -1000 -1000 -1000 -10 -1 -1 -1
364 1588 Pedestrian -1 -1 -10 414.44 184.43 511.12 249.82 -1000 -1000 -1000 -10 -1 -1 -1
364 1393 Pedestrian -1 -1 -10 532.69 178.90 559.04 202.15 -1000 -1000 -1000 -10 -1 -1 -1
365 1588 Pedestrian -1 -1 -10 419.85 184.65 514.47 248.91 -1000 -1000 -1000 -10 -1 -1 -1
365 1393 Pedestrian -1 -1 -10 533.73 179.01 559.61 201.88 -1000 -1000 -1000 -10 -1 -1 -1
365 1468 Pedestrian -1 -1 -10 388.86 184.89 440.27 224.38 -1000 -1000 -1000 -10 -1 -1 -1
366 1588 Pedestrian -1 -1 -10 424.70 186.82 516.11 249.19 -1000 -1000 -1000 -10 -1 -1 -1
366 1393 Pedestrian -1 -1 -10 534.47 179.78 559.93 202.36 -1000 -1000 -1000 -10 -1 -1 -1
366 1468 Pedestrian -1 -1 -10 386.67 184.86 439.85 226.44 -1000 -1000 -1000 -10 -1 -1 -1
367 1588 Pedestrian -1 -1 -10 429.94 188.00 519.55 249.52 -1000 -1000 -1000 -10 -1 -1 -1
367 1393 Pedestrian -1 -1 -10 534.79 179.44 561.14 202.97 -1000 -1000 -1000 -10 -1 -1 -1
367 1468 Pedestrian -1 -1 -10 384.19 186.75 438.32 228.97 -1000 -1000 -1000 -10 -1 -1 -1
368 1588 Pedestrian -1 -1 -10 432.36 187.58 523.66 250.75 -1000 -1000 -1000 -10 -1 -1 -1
368 1393 Pedestrian -1 -1 -10 535.04 180.01 561.88 204.02 -1000 -1000 -1000 -10 -1 -1 -1
368 1468 Pedestrian -1 -1 -10 378.85 187.60 434.72 230.84 -1000 -1000 -1000 -10 -1 -1 -1
369 1588 Pedestrian -1 -1 -10 436.51 188.95 524.54 250.30 -1000 -1000 -1000 -10 -1 -1 -1
369 1468 Pedestrian -1 -1 -10 374.91 189.88 431.33 233.04 -1000 -1000 -1000 -10 -1 -1 -1
370 1588 Pedestrian -1 -1 -10 440.29 189.78 526.02 249.88 -1000 -1000 -1000 -10 -1 -1 -1
370 1468 Pedestrian -1 -1 -10 370.59 189.26 431.42 234.88 -1000 -1000 -1000 -10 -1 -1 -1
370 1393 Pedestrian -1 -1 -10 534.94 179.11 562.96 204.24 -1000 -1000 -1000 -10 -1 -1 -1
371 1588 Pedestrian -1 -1 -10 443.55 190.26 527.22 249.34 -1000 -1000 -1000 -10 -1 -1 -1
371 1468 Pedestrian -1 -1 -10 364.97 191.29 427.71 237.72 -1000 -1000 -1000 -10 -1 -1 -1
372 1588 Pedestrian -1 -1 -10 447.54 189.68 528.95 247.47 -1000 -1000 -1000 -10 -1 -1 -1
372 1468 Pedestrian -1 -1 -10 355.57 192.17 419.92 239.58 -1000 -1000 -1000 -10 -1 -1 -1
373 1588 Pedestrian -1 -1 -10 450.48 189.61 531.43 247.48 -1000 -1000 -1000 -10 -1 -1 -1
373 1468 Pedestrian -1 -1 -10 347.69 192.29 415.47 241.80 -1000 -1000 -1000 -10 -1 -1 -1
374 1588 Pedestrian -1 -1 -10 452.99 186.77 533.99 245.14 -1000 -1000 -1000 -10 -1 -1 -1
374 1468 Pedestrian -1 -1 -10 341.88 189.05 416.25 242.11 -1000 -1000 -1000 -10 -1 -1 -1
374 1393 Pedestrian -1 -1 -10 540.44 179.07 566.72 202.53 -1000 -1000 -1000 -10 -1 -1 -1
375 1588 Pedestrian -1 -1 -10 457.87 182.11 535.58 238.29 -1000 -1000 -1000 -10 -1 -1 -1
375 1468 Pedestrian -1 -1 -10 333.19 183.71 411.60 238.00 -1000 -1000 -1000 -10 -1 -1 -1
376 1588 Pedestrian -1 -1 -10 459.79 176.55 537.82 233.32 -1000 -1000 -1000 -10 -1 -1 -1
376 1468 Pedestrian -1 -1 -10 322.70 178.97 407.12 236.13 -1000 -1000 -1000 -10 -1 -1 -1
377 1588 Pedestrian -1 -1 -10 463.74 174.78 539.18 229.88 -1000 -1000 -1000 -10 -1 -1 -1
377 1468 Pedestrian -1 -1 -10 311.33 178.05 402.97 239.09 -1000 -1000 -1000 -10 -1 -1 -1
378 1588 Pedestrian -1 -1 -10 467.88 176.58 539.57 228.77 -1000 -1000 -1000 -10 -1 -1 -1
378 1468 Pedestrian -1 -1 -10 300.47 179.40 397.14 242.48 -1000 -1000 -1000 -10 -1 -1 -1
378 1393 Pedestrian -1 -1 -10 545.70 172.09 571.86 195.30 -1000 -1000 -1000 -10 -1 -1 -1
379 1588 Pedestrian -1 -1 -10 471.06 177.88 543.06 230.58 -1000 -1000 -1000 -10 -1 -1 -1
379 1468 Pedestrian -1 -1 -10 287.00 181.07 390.28 247.47 -1000 -1000 -1000 -10 -1 -1 -1
380 1588 Pedestrian -1 -1 -10 473.88 177.27 545.03 229.75 -1000 -1000 -1000 -10 -1 -1 -1
380 1468 Pedestrian -1 -1 -10 273.10 182.17 383.12 251.75 -1000 -1000 -1000 -10 -1 -1 -1
380 1393 Pedestrian -1 -1 -10 548.16 171.15 574.59 194.24 -1000 -1000 -1000 -10 -1 -1 -1
381 1588 Pedestrian -1 -1 -10 477.04 176.93 546.76 228.56 -1000 -1000 -1000 -10 -1 -1 -1
381 1468 Pedestrian -1 -1 -10 254.63 183.00 374.13 257.54 -1000 -1000 -1000 -10 -1 -1 -1
381 1393 Pedestrian -1 -1 -10 549.41 171.81 575.63 194.35 -1000 -1000 -1000 -10 -1 -1 -1
382 1588 Pedestrian -1 -1 -10 481.05 175.29 548.95 225.75 -1000 -1000 -1000 -10 -1 -1 -1
382 1468 Pedestrian -1 -1 -10 235.26 183.20 363.65 261.92 -1000 -1000 -1000 -10 -1 -1 -1
383 1588 Pedestrian -1 -1 -10 483.98 174.81 551.60 225.38 -1000 -1000 -1000 -10 -1 -1 -1
383 1468 Pedestrian -1 -1 -10 215.66 183.53 351.64 265.32 -1000 -1000 -1000 -10 -1 -1 -1
384 1588 Pedestrian -1 -1 -10 487.70 175.08 553.87 224.85 -1000 -1000 -1000 -10 -1 -1 -1
384 1468 Pedestrian -1 -1 -10 189.60 184.60 337.33 271.74 -1000 -1000 -1000 -10 -1 -1 -1
385 1588 Pedestrian -1 -1 -10 490.50 175.68 555.25 224.59 -1000 -1000 -1000 -10 -1 -1 -1
385 1468 Pedestrian -1 -1 -10 160.91 186.01 321.00 278.52 -1000 -1000 -1000 -10 -1 -1 -1
386 1588 Pedestrian -1 -1 -10 491.99 176.08 556.30 225.01 -1000 -1000 -1000 -10 -1 -1 -1
386 1468 Pedestrian -1 -1 -10 125.93 188.48 302.79 288.58 -1000 -1000 -1000 -10 -1 -1 -1
387 1588 Pedestrian -1 -1 -10 493.68 176.85 557.11 225.32 -1000 -1000 -1000 -10 -1 -1 -1
387 1468 Pedestrian -1 -1 -10 84.51 191.02 279.92 298.96 -1000 -1000 -1000 -10 -1 -1 -1
388 1588 Pedestrian -1 -1 -10 496.08 178.44 557.62 225.66 -1000 -1000 -1000 -10 -1 -1 -1
388 1468 Pedestrian -1 -1 -10 39.07 192.68 257.40 310.87 -1000 -1000 -1000 -10 -1 -1 -1
389 1588 Pedestrian -1 -1 -10 496.91 179.24 558.30 226.57 -1000 -1000 -1000 -10 -1 -1 -1
389 1468 Pedestrian -1 -1 -10 7.69 195.71 243.07 323.28 -1000 -1000 -1000 -10 -1 -1 -1
