1 1914 Pedestrian -1 -1 -10 601.63 174.60 679.64 235.14 -1000 -1000 -1000 -10 -1 -1 -1
1 1915 Pedestrian -1 -1 -10 416.79 180.19 456.95 205.76 -1000 -1000 -1000 -10 -1 -1 -1
1 1916 Pedestrian -1 -1 -10 340.14 180.20 383.64 210.01 -1000 -1000 -1000 -10 -1 -1 -1
2 1914 Pedestrian -1 -1 -10 598.33 175.80 675.94 236.02 -1000 -1000 -1000 -10 -1 -1 -1
2 1915 Pedestrian -1 -1 -10 407.50 181.57 450.96 209.26 -1000 -1000 -1000 -10 -1 -1 -1
2 1916 Pedestrian -1 -1 -10 330.93 180.61 376.39 211.73 -1000 -1000 -1000 -10 -1 -1 -1
3 1914 Pedestrian -1 -1 -10 594.16 178.28 672.19 238.88 -1000 -1000 -1000 -10 -1 -1 -1
3 1915 Pedestrian -1 -1 -10 393.64 181.40 446.58 215.28 -1000 -1000 -1000 -10 -1 -1 -1
3 1916 Pedestrian -1 -1 -10 317.83 182.42 365.37 214.88 -1000 -1000 -1000 -10 -1 -1 -1
4 1914 Pedestrian -1 -1 -10 591.14 179.86 668.81 240.19 -1000 -1000 -1000 -10 -1 -1 -1
4 1915 Pedestrian -1 -1 -10 378.20 183.07 434.05 218.96 -1000 -1000 -1000 -10 -1 -1 -1
4 1916 Pedestrian -1 -1 -10 302.48 182.12 356.17 218.64 -1000 -1000 -1000 -10 -1 -1 -1
5 1914 Pedestrian -1 -1 -10 588.62 180.36 665.92 240.43 -1000 -1000 -1000 -10 -1 -1 -1
5 1915 Pedestrian -1 -1 -10 359.21 183.74 420.34 223.26 -1000 -1000 -1000 -10 -1 -1 -1
5 1916 Pedestrian -1 -1 -10 285.37 182.39 343.08 221.42 -1000 -1000 -1000 -10 -1 -1 -1
6 1914 Pedestrian -1 -1 -10 585.89 180.65 662.22 240.10 -1000 -1000 -1000 -10 -1 -1 -1
6 1915 Pedestrian -1 -1 -10 342.15 185.07 408.92 228.07 -1000 -1000 -1000 -10 -1 -1 -1
6 1916 Pedestrian -1 -1 -10 264.76 183.05 327.88 225.43 -1000 -1000 -1000 -10 -1 -1 -1
7 1914 Pedestrian -1 -1 -10 582.93 181.37 658.87 240.68 -1000 -1000 -1000 -10 -1 -1 -1
7 1915 Pedestrian -1 -1 -10 318.27 187.19 390.96 233.30 -1000 -1000 -1000 -10 -1 -1 -1
7 1916 Pedestrian -1 -1 -10 239.77 186.13 309.04 232.22 -1000 -1000 -1000 -10 -1 -1 -1
8 1914 Pedestrian -1 -1 -10 582.08 183.13 655.54 240.49 -1000 -1000 -1000 -10 -1 -1 -1
8 1915 Pedestrian -1 -1 -10 279.91 188.79 366.73 242.81 -1000 -1000 -1000 -10 -1 -1 -1
8 1916 Pedestrian -1 -1 -10 208.89 187.49 282.98 236.28 -1000 -1000 -1000 -10 -1 -1 -1
9 1914 Pedestrian -1 -1 -10 580.30 183.15 652.78 239.95 -1000 -1000 -1000 -10 -1 -1 -1
9 1915 Pedestrian -1 -1 -10 231.18 190.28 336.09 254.01 -1000 -1000 -1000 -10 -1 -1 -1
9 1916 Pedestrian -1 -1 -10 171.36 188.17 254.04 241.82 -1000 -1000 -1000 -10 -1 -1 -1
10 1914 Pedestrian -1 -1 -10 578.65 182.09 651.73 239.52 -1000 -1000 -1000 -10 -1 -1 -1
10 1915 Pedestrian -1 -1 -10 158.48 189.55 290.92 267.51 -1000 -1000 -1000 -10 -1 -1 -1
11 1914 Pedestrian -1 -1 -10 575.08 180.96 649.16 239.61 -1000 -1000 -1000 -10 -1 -1 -1
11 1915 Pedestrian -1 -1 -10 68.43 188.97 237.46 286.65 -1000 -1000 -1000 -10 -1 -1 -1
12 1914 Pedestrian -1 -1 -10 572.54 180.60 646.17 239.13 -1000 -1000 -1000 -10 -1 -1 -1
12 1915 Pedestrian -1 -1 -10 -3.34 189.45 188.55 304.06 -1000 -1000 -1000 -10 -1 -1 -1
13 1914 Pedestrian -1 -1 -10 571.84 181.26 642.26 237.32 -1000 -1000 -1000 -10 -1 -1 -1
14 1914 Pedestrian -1 -1 -10 568.55 179.86 639.12 236.28 -1000 -1000 -1000 -10 -1 -1 -1
15 1914 Pedestrian -1 -1 -10 566.52 178.70 636.55 234.95 -1000 -1000 -1000 -10 -1 -1 -1
16 1914 Pedestrian -1 -1 -10 564.27 176.99 634.29 233.76 -1000 -1000 -1000 -10 -1 -1 -1
17 1914 Pedestrian -1 -1 -10 560.96 176.71 631.17 234.04 -1000 -1000 -1000 -10 -1 -1 -1
18 1914 Pedestrian -1 -1 -10 560.07 178.10 628.41 233.98 -1000 -1000 -1000 -10 -1 -1 -1
19 1914 Pedestrian -1 -1 -10 558.01 178.60 624.73 233.47 -1000 -1000 -1000 -10 -1 -1 -1
20 1914 Pedestrian -1 -1 -10 557.52 179.41 623.03 233.56 -1000 -1000 -1000 -10 -1 -1 -1
21 1914 Pedestrian -1 -1 -10 557.59 179.77 622.68 233.78 -1000 -1000 -1000 -10 -1 -1 -1
22 1914 Pedestrian -1 -1 -10 558.20 180.04 622.97 234.06 -1000 -1000 -1000 -10 -1 -1 -1
23 1914 Pedestrian -1 -1 -10 558.73 180.17 623.27 234.31 -1000 -1000 -1000 -10 -1 -1 -1
24 1914 Pedestrian -1 -1 -10 559.77 180.40 622.94 233.59 -1000 -1000 -1000 -10 -1 -1 -1
25 1914 Pedestrian -1 -1 -10 558.93 178.87 623.77 233.82 -1000 -1000 -1000 -10 -1 -1 -1
26 1914 Pedestrian -1 -1 -10 559.44 176.72 624.95 232.78 -1000 -1000 -1000 -10 -1 -1 -1
27 1914 Pedestrian -1 -1 -10 561.28 176.84 624.89 231.42 -1000 -1000 -1000 -10 -1 -1 -1
28 1914 Pedestrian -1 -1 -10 561.45 175.27 626.03 231.20 -1000 -1000 -1000 -10 -1 -1 -1
29 1914 Pedestrian -1 -1 -10 562.75 173.83 626.82 229.82 -1000 -1000 -1000 -10 -1 -1 -1
30 1914 Pedestrian -1 -1 -10 563.59 172.65 629.11 230.51 -1000 -1000 -1000 -10 -1 -1 -1
31 1914 Pedestrian -1 -1 -10 565.60 172.84 629.69 229.74 -1000 -1000 -1000 -10 -1 -1 -1
32 1914 Pedestrian -1 -1 -10 566.64 173.82 630.54 231.02 -1000 -1000 -1000 -10 -1 -1 -1
33 1914 Pedestrian -1 -1 -10 568.96 175.24 629.98 229.89 -1000 -1000 -1000 -10 -1 -1 -1
34 1914 Pedestrian -1 -1 -10 570.98 176.77 632.09 231.61 -1000 -1000 -1000 -10 -1 -1 -1
35 1914 Pedestrian -1 -1 -10 571.95 175.83 633.13 231.07 -1000 -1000 -1000 -10 -1 -1 -1
36 1914 Pedestrian -1 -1 -10 573.46 174.75 633.49 229.06 -1000 -1000 -1000 -10 -1 -1 -1
37 1914 Pedestrian -1 -1 -10 574.24 173.71 634.54 228.49 -1000 -1000 -1000 -10 -1 -1 -1
38 1914 Pedestrian -1 -1 -10 574.33 172.90 634.96 228.23 -1000 -1000 -1000 -10 -1 -1 -1
39 1914 Pedestrian -1 -1 -10 574.70 173.34 635.86 229.49 -1000 -1000 -1000 -10 -1 -1 -1
40 1914 Pedestrian -1 -1 -10 575.31 173.26 636.71 230.03 -1000 -1000 -1000 -10 -1 -1 -1
41 1914 Pedestrian -1 -1 -10 575.86 173.69 636.27 229.78 -1000 -1000 -1000 -10 -1 -1 -1
42 1914 Pedestrian -1 -1 -10 577.11 176.31 634.67 229.62 -1000 -1000 -1000 -10 -1 -1 -1
43 1914 Pedestrian -1 -1 -10 576.40 176.14 634.87 230.51 -1000 -1000 -1000 -10 -1 -1 -1
44 1914 Pedestrian -1 -1 -10 576.64 176.06 635.22 230.74 -1000 -1000 -1000 -10 -1 -1 -1
45 1914 Pedestrian -1 -1 -10 575.76 175.63 635.90 232.24 -1000 -1000 -1000 -10 -1 -1 -1
46 1914 Pedestrian -1 -1 -10 575.94 175.84 635.86 232.53 -1000 -1000 -1000 -10 -1 -1 -1
47 1914 Pedestrian -1 -1 -10 576.14 176.02 634.58 231.40 -1000 -1000 -1000 -10 -1 -1 -1
48 1914 Pedestrian -1 -1 -10 576.53 175.92 633.37 229.82 -1000 -1000 -1000 -10 -1 -1 -1
49 1914 Pedestrian -1 -1 -10 576.08 176.11 632.69 229.82 -1000 -1000 -1000 -10 -1 -1 -1
50 1914 Pedestrian -1 -1 -10 575.73 176.07 633.47 231.26 -1000 -1000 -1000 -10 -1 -1 -1
51 1914 Pedestrian -1 -1 -10 575.32 176.83 632.80 232.06 -1000 -1000 -1000 -10 -1 -1 -1
52 1914 Pedestrian -1 -1 -10 574.96 176.44 631.85 231.18 -1000 -1000 -1000 -10 -1 -1 -1
53 1914 Pedestrian -1 -1 -10 575.55 177.36 630.39 229.85 -1000 -1000 -1000 -10 -1 -1 -1
54 1914 Pedestrian -1 -1 -10 574.94 177.34 629.44 229.26 -1000 -1000 -1000 -10 -1 -1 -1
55 1914 Pedestrian -1 -1 -10 573.32 175.87 628.34 228.24 -1000 -1000 -1000 -10 -1 -1 -1
56 1914 Pedestrian -1 -1 -10 571.62 174.18 627.21 227.04 -1000 -1000 -1000 -10 -1 -1 -1
57 1914 Pedestrian -1 -1 -10 569.49 173.50 625.71 227.16 -1000 -1000 -1000 -10 -1 -1 -1
58 1914 Pedestrian -1 -1 -10 567.86 175.08 623.40 228.17 -1000 -1000 -1000 -10 -1 -1 -1
59 1914 Pedestrian -1 -1 -10 567.01 178.12 621.99 230.66 -1000 -1000 -1000 -10 -1 -1 -1
60 1914 Pedestrian -1 -1 -10 566.18 181.96 619.33 232.39 -1000 -1000 -1000 -10 -1 -1 -1
61 1914 Pedestrian -1 -1 -10 565.15 181.30 618.71 231.94 -1000 -1000 -1000 -10 -1 -1 -1
62 1914 Pedestrian -1 -1 -10 563.95 176.24 618.46 227.75 -1000 -1000 -1000 -10 -1 -1 -1
63 1914 Pedestrian -1 -1 -10 563.37 170.51 618.41 222.56 -1000 -1000 -1000 -10 -1 -1 -1
64 1914 Pedestrian -1 -1 -10 563.16 169.59 617.33 220.61 -1000 -1000 -1000 -10 -1 -1 -1
65 1914 Pedestrian -1 -1 -10 562.45 172.91 618.00 225.33 -1000 -1000 -1000 -10 -1 -1 -1
66 1914 Pedestrian -1 -1 -10 561.83 176.87 615.99 227.77 -1000 -1000 -1000 -10 -1 -1 -1
68 1914 Pedestrian -1 -1 -10 562.01 176.00 616.48 227.29 -1000 -1000 -1000 -10 -1 -1 -1
69 1914 Pedestrian -1 -1 -10 562.08 174.86 616.72 226.43 -1000 -1000 -1000 -10 -1 -1 -1
70 1914 Pedestrian -1 -1 -10 563.09 174.56 615.98 224.28 -1000 -1000 -1000 -10 -1 -1 -1
71 1914 Pedestrian -1 -1 -10 563.27 173.65 615.94 223.05 -1000 -1000 -1000 -10 -1 -1 -1
72 1914 Pedestrian -1 -1 -10 563.45 174.18 616.49 223.93 -1000 -1000 -1000 -10 -1 -1 -1
73 1914 Pedestrian -1 -1 -10 563.97 174.51 617.34 224.65 -1000 -1000 -1000 -10 -1 -1 -1
73 1926 Pedestrian -1 -1 -10 473.87 181.31 508.77 203.98 -1000 -1000 -1000 -10 -1 -1 -1
73 1927 Pedestrian -1 -1 -10 541.14 175.77 565.58 194.60 -1000 -1000 -1000 -10 -1 -1 -1
74 1914 Pedestrian -1 -1 -10 563.84 174.18 617.31 224.54 -1000 -1000 -1000 -10 -1 -1 -1
74 1926 Pedestrian -1 -1 -10 466.93 183.00 503.44 206.76 -1000 -1000 -1000 -10 -1 -1 -1
74 1927 Pedestrian -1 -1 -10 538.06 175.91 566.23 197.61 -1000 -1000 -1000 -10 -1 -1 -1
75 1914 Pedestrian -1 -1 -10 564.06 174.64 617.56 225.01 -1000 -1000 -1000 -10 -1 -1 -1
75 1927 Pedestrian -1 -1 -10 532.66 178.36 560.19 199.54 -1000 -1000 -1000 -10 -1 -1 -1
76 1914 Pedestrian -1 -1 -10 564.37 175.24 617.71 225.43 -1000 -1000 -1000 -10 -1 -1 -1
76 1927 Pedestrian -1 -1 -10 527.20 178.71 556.09 200.91 -1000 -1000 -1000 -10 -1 -1 -1
77 1914 Pedestrian -1 -1 -10 564.72 175.31 617.77 225.20 -1000 -1000 -1000 -10 -1 -1 -1
77 1927 Pedestrian -1 -1 -10 521.16 179.09 552.79 203.44 -1000 -1000 -1000 -10 -1 -1 -1
78 1914 Pedestrian -1 -1 -10 565.32 178.15 618.05 227.48 -1000 -1000 -1000 -10 -1 -1 -1
78 1927 Pedestrian -1 -1 -10 513.96 180.67 549.66 208.18 -1000 -1000 -1000 -10 -1 -1 -1
79 1927 Pedestrian -1 -1 -10 506.27 185.17 545.46 215.46 -1000 -1000 -1000 -10 -1 -1 -1
80 1927 Pedestrian -1 -1 -10 497.18 187.37 540.47 220.90 -1000 -1000 -1000 -10 -1 -1 -1
80 1914 Pedestrian -1 -1 -10 567.12 182.87 617.92 230.20 -1000 -1000 -1000 -10 -1 -1 -1
81 1927 Pedestrian -1 -1 -10 486.44 188.09 533.76 224.54 -1000 -1000 -1000 -10 -1 -1 -1
81 1914 Pedestrian -1 -1 -10 567.35 182.86 618.19 230.00 -1000 -1000 -1000 -10 -1 -1 -1
82 1927 Pedestrian -1 -1 -10 471.71 188.58 525.60 229.89 -1000 -1000 -1000 -10 -1 -1 -1
82 1914 Pedestrian -1 -1 -10 567.64 182.71 618.58 229.92 -1000 -1000 -1000 -10 -1 -1 -1
83 1927 Pedestrian -1 -1 -10 453.24 188.77 516.07 236.61 -1000 -1000 -1000 -10 -1 -1 -1
83 1914 Pedestrian -1 -1 -10 568.09 181.74 619.29 229.16 -1000 -1000 -1000 -10 -1 -1 -1
84 1927 Pedestrian -1 -1 -10 427.95 188.85 502.91 245.33 -1000 -1000 -1000 -10 -1 -1 -1
84 1914 Pedestrian -1 -1 -10 567.66 179.75 619.23 227.44 -1000 -1000 -1000 -10 -1 -1 -1
85 1927 Pedestrian -1 -1 -10 389.00 187.58 484.61 258.82 -1000 -1000 -1000 -10 -1 -1 -1
85 1914 Pedestrian -1 -1 -10 567.31 177.42 619.50 225.77 -1000 -1000 -1000 -10 -1 -1 -1
85 1934 Pedestrian -1 -1 -10 -54.15 216.06 218.74 348.14 -1000 -1000 -1000 -10 -1 -1 -1
86 1927 Pedestrian -1 -1 -10 329.85 189.09 455.36 281.01 -1000 -1000 -1000 -10 -1 -1 -1
86 1914 Pedestrian -1 -1 -10 568.17 177.33 619.58 224.85 -1000 -1000 -1000 -10 -1 -1 -1
87 1914 Pedestrian -1 -1 -10 568.07 178.22 619.51 225.58 -1000 -1000 -1000 -10 -1 -1 -1
88 1914 Pedestrian -1 -1 -10 569.03 178.87 620.20 225.92 -1000 -1000 -1000 -10 -1 -1 -1
88 1934 Pedestrian -1 -1 -10 -14.86 207.84 321.14 370.95 -1000 -1000 -1000 -10 -1 -1 -1
89 1914 Pedestrian -1 -1 -10 569.12 178.74 620.18 225.61 -1000 -1000 -1000 -10 -1 -1 -1
90 1914 Pedestrian -1 -1 -10 568.63 179.33 619.42 225.67 -1000 -1000 -1000 -10 -1 -1 -1
91 1914 Pedestrian -1 -1 -10 568.51 178.47 619.88 225.42 -1000 -1000 -1000 -10 -1 -1 -1
92 1914 Pedestrian -1 -1 -10 568.66 177.37 619.86 224.13 -1000 -1000 -1000 -10 -1 -1 -1
93 1914 Pedestrian -1 -1 -10 568.45 176.97 619.29 223.26 -1000 -1000 -1000 -10 -1 -1 -1
94 1914 Pedestrian -1 -1 -10 568.50 177.67 619.05 223.59 -1000 -1000 -1000 -10 -1 -1 -1
95 1914 Pedestrian -1 -1 -10 567.99 178.84 618.95 225.04 -1000 -1000 -1000 -10 -1 -1 -1
96 1914 Pedestrian -1 -1 -10 567.10 178.91 618.75 225.65 -1000 -1000 -1000 -10 -1 -1 -1
97 1914 Pedestrian -1 -1 -10 565.93 179.08 618.24 226.25 -1000 -1000 -1000 -10 -1 -1 -1
98 1914 Pedestrian -1 -1 -10 565.18 178.24 617.19 225.05 -1000 -1000 -1000 -10 -1 -1 -1
99 1914 Pedestrian -1 -1 -10 564.22 176.53 615.83 222.99 -1000 -1000 -1000 -10 -1 -1 -1
100 1914 Pedestrian -1 -1 -10 562.75 176.49 615.57 224.16 -1000 -1000 -1000 -10 -1 -1 -1
101 1914 Pedestrian -1 -1 -10 563.18 178.48 615.54 225.66 -1000 -1000 -1000 -10 -1 -1 -1
102 1914 Pedestrian -1 -1 -10 562.45 180.47 614.46 227.33 -1000 -1000 -1000 -10 -1 -1 -1
103 1914 Pedestrian -1 -1 -10 561.57 179.93 614.21 227.39 -1000 -1000 -1000 -10 -1 -1 -1
104 1914 Pedestrian -1 -1 -10 561.10 177.81 614.32 225.78 -1000 -1000 -1000 -10 -1 -1 -1
105 1914 Pedestrian -1 -1 -10 560.35 176.11 615.20 225.77 -1000 -1000 -1000 -10 -1 -1 -1
106 1914 Pedestrian -1 -1 -10 560.84 176.23 615.84 226.18 -1000 -1000 -1000 -10 -1 -1 -1
107 1914 Pedestrian -1 -1 -10 561.39 176.84 615.56 226.03 -1000 -1000 -1000 -10 -1 -1 -1
108 1914 Pedestrian -1 -1 -10 562.09 176.74 616.77 226.31 -1000 -1000 -1000 -10 -1 -1 -1
109 1914 Pedestrian -1 -1 -10 562.32 176.80 617.07 226.47 -1000 -1000 -1000 -10 -1 -1 -1
110 1914 Pedestrian -1 -1 -10 561.84 175.80 617.73 226.63 -1000 -1000 -1000 -10 -1 -1 -1
111 1914 Pedestrian -1 -1 -10 561.82 175.42 617.88 226.50 -1000 -1000 -1000 -10 -1 -1 -1
111 1938 Pedestrian -1 -1 -10 506.84 179.56 535.76 202.75 -1000 -1000 -1000 -10 -1 -1 -1
112 1914 Pedestrian -1 -1 -10 562.43 175.59 619.13 227.28 -1000 -1000 -1000 -10 -1 -1 -1
112 1938 Pedestrian -1 -1 -10 502.31 179.88 532.38 203.98 -1000 -1000 -1000 -10 -1 -1 -1
113 1914 Pedestrian -1 -1 -10 563.61 177.12 619.56 228.21 -1000 -1000 -1000 -10 -1 -1 -1
113 1938 Pedestrian -1 -1 -10 495.63 181.15 529.05 207.94 -1000 -1000 -1000 -10 -1 -1 -1
114 1914 Pedestrian -1 -1 -10 564.26 178.14 620.62 229.56 -1000 -1000 -1000 -10 -1 -1 -1
114 1938 Pedestrian -1 -1 -10 487.34 182.16 523.33 211.07 -1000 -1000 -1000 -10 -1 -1 -1
114 1939 Pedestrian -1 -1 -10 940.04 170.36 1006.44 188.89 -1000 -1000 -1000 -10 -1 -1 -1
115 1914 Pedestrian -1 -1 -10 564.29 177.03 619.92 227.86 -1000 -1000 -1000 -10 -1 -1 -1
115 1938 Pedestrian -1 -1 -10 478.73 180.73 515.46 210.17 -1000 -1000 -1000 -10 -1 -1 -1
116 1914 Pedestrian -1 -1 -10 564.19 174.67 620.15 226.11 -1000 -1000 -1000 -10 -1 -1 -1
116 1938 Pedestrian -1 -1 -10 468.68 180.09 508.33 211.81 -1000 -1000 -1000 -10 -1 -1 -1
117 1914 Pedestrian -1 -1 -10 564.14 173.22 620.66 225.46 -1000 -1000 -1000 -10 -1 -1 -1
117 1938 Pedestrian -1 -1 -10 455.80 179.38 501.08 215.56 -1000 -1000 -1000 -10 -1 -1 -1
118 1914 Pedestrian -1 -1 -10 564.76 174.25 621.86 227.19 -1000 -1000 -1000 -10 -1 -1 -1
118 1938 Pedestrian -1 -1 -10 441.46 180.82 492.01 221.15 -1000 -1000 -1000 -10 -1 -1 -1
118 1940 Pedestrian -1 -1 -10 1009.47 161.75 1091.26 187.36 -1000 -1000 -1000 -10 -1 -1 -1
119 1914 Pedestrian -1 -1 -10 567.52 178.20 621.72 228.50 -1000 -1000 -1000 -10 -1 -1 -1
119 1938 Pedestrian -1 -1 -10 424.42 185.09 479.44 228.45 -1000 -1000 -1000 -10 -1 -1 -1
120 1914 Pedestrian -1 -1 -10 567.87 179.69 621.42 229.28 -1000 -1000 -1000 -10 -1 -1 -1
120 1938 Pedestrian -1 -1 -10 400.33 187.06 463.65 236.47 -1000 -1000 -1000 -10 -1 -1 -1
121 1914 Pedestrian -1 -1 -10 567.00 175.51 621.91 226.46 -1000 -1000 -1000 -10 -1 -1 -1
121 1938 Pedestrian -1 -1 -10 368.22 184.22 443.00 241.96 -1000 -1000 -1000 -10 -1 -1 -1
122 1914 Pedestrian -1 -1 -10 566.96 172.86 622.01 223.89 -1000 -1000 -1000 -10 -1 -1 -1
122 1938 Pedestrian -1 -1 -10 326.18 183.11 415.68 251.01 -1000 -1000 -1000 -10 -1 -1 -1
123 1914 Pedestrian -1 -1 -10 567.63 171.63 621.97 221.82 -1000 -1000 -1000 -10 -1 -1 -1
123 1938 Pedestrian -1 -1 -10 266.11 186.16 376.86 268.13 -1000 -1000 -1000 -10 -1 -1 -1
123 1945 Pedestrian -1 -1 -10 1118.40 159.51 1258.60 197.06 -1000 -1000 -1000 -10 -1 -1 -1
124 1914 Pedestrian -1 -1 -10 567.27 170.72 622.89 222.15 -1000 -1000 -1000 -10 -1 -1 -1
124 1945 Pedestrian -1 -1 -10 1123.18 156.24 1279.81 198.64 -1000 -1000 -1000 -10 -1 -1 -1
124 1946 Pedestrian -1 -1 -10 484.39 179.37 525.67 205.70 -1000 -1000 -1000 -10 -1 -1 -1
125 1914 Pedestrian -1 -1 -10 567.15 172.05 623.92 224.69 -1000 -1000 -1000 -10 -1 -1 -1
126 1914 Pedestrian -1 -1 -10 566.82 172.97 625.21 227.42 -1000 -1000 -1000 -10 -1 -1 -1
127 1914 Pedestrian -1 -1 -10 568.52 175.40 625.37 228.46 -1000 -1000 -1000 -10 -1 -1 -1
127 1949 Pedestrian -1 -1 -10 449.19 184.84 500.71 220.60 -1000 -1000 -1000 -10 -1 -1 -1
128 1914 Pedestrian -1 -1 -10 569.11 177.14 624.05 228.16 -1000 -1000 -1000 -10 -1 -1 -1
128 1949 Pedestrian -1 -1 -10 434.71 186.69 489.91 224.93 -1000 -1000 -1000 -10 -1 -1 -1
129 1914 Pedestrian -1 -1 -10 567.87 175.69 624.44 228.26 -1000 -1000 -1000 -10 -1 -1 -1
129 1949 Pedestrian -1 -1 -10 415.11 188.55 474.73 229.56 -1000 -1000 -1000 -10 -1 -1 -1
130 1914 Pedestrian -1 -1 -10 567.64 174.91 623.86 227.01 -1000 -1000 -1000 -10 -1 -1 -1
130 1949 Pedestrian -1 -1 -10 391.11 187.59 457.57 232.99 -1000 -1000 -1000 -10 -1 -1 -1
131 1914 Pedestrian -1 -1 -10 567.14 173.91 623.55 226.03 -1000 -1000 -1000 -10 -1 -1 -1
131 1949 Pedestrian -1 -1 -10 354.10 190.56 433.78 244.39 -1000 -1000 -1000 -10 -1 -1 -1
132 1914 Pedestrian -1 -1 -10 565.89 174.14 623.44 227.40 -1000 -1000 -1000 -10 -1 -1 -1
132 1949 Pedestrian -1 -1 -10 304.90 194.58 405.55 261.59 -1000 -1000 -1000 -10 -1 -1 -1
133 1914 Pedestrian -1 -1 -10 565.50 174.87 623.93 229.11 -1000 -1000 -1000 -10 -1 -1 -1
133 1949 Pedestrian -1 -1 -10 236.16 198.75 367.74 284.87 -1000 -1000 -1000 -10 -1 -1 -1
134 1914 Pedestrian -1 -1 -10 566.25 176.77 623.56 229.76 -1000 -1000 -1000 -10 -1 -1 -1
134 1938 Pedestrian -1 -1 -10 78.72 210.01 262.81 332.60 -1000 -1000 -1000 -10 -1 -1 -1
135 1914 Pedestrian -1 -1 -10 566.43 179.01 622.94 231.17 -1000 -1000 -1000 -10 -1 -1 -1
135 1938 Pedestrian -1 -1 -10 23.02 218.27 234.30 359.74 -1000 -1000 -1000 -10 -1 -1 -1
136 1914 Pedestrian -1 -1 -10 565.75 179.43 623.63 232.92 -1000 -1000 -1000 -10 -1 -1 -1
137 1914 Pedestrian -1 -1 -10 565.89 178.53 623.95 232.25 -1000 -1000 -1000 -10 -1 -1 -1
138 1914 Pedestrian -1 -1 -10 566.30 176.66 624.04 230.20 -1000 -1000 -1000 -10 -1 -1 -1
139 1914 Pedestrian -1 -1 -10 566.69 174.87 625.18 229.31 -1000 -1000 -1000 -10 -1 -1 -1
140 1914 Pedestrian -1 -1 -10 567.92 173.85 626.28 228.03 -1000 -1000 -1000 -10 -1 -1 -1
141 1914 Pedestrian -1 -1 -10 569.16 173.51 627.40 227.53 -1000 -1000 -1000 -10 -1 -1 -1
142 1914 Pedestrian -1 -1 -10 571.23 174.24 628.76 227.42 -1000 -1000 -1000 -10 -1 -1 -1
143 1914 Pedestrian -1 -1 -10 573.05 174.42 631.11 228.11 -1000 -1000 -1000 -10 -1 -1 -1
144 1914 Pedestrian -1 -1 -10 574.91 174.42 632.53 227.80 -1000 -1000 -1000 -10 -1 -1 -1
145 1914 Pedestrian -1 -1 -10 576.63 174.69 634.32 228.18 -1000 -1000 -1000 -10 -1 -1 -1
146 1914 Pedestrian -1 -1 -10 577.98 175.17 636.70 229.73 -1000 -1000 -1000 -10 -1 -1 -1
147 1914 Pedestrian -1 -1 -10 579.76 175.46 638.62 230.24 -1000 -1000 -1000 -10 -1 -1 -1
147 1954 Pedestrian -1 -1 -10 894.69 169.23 918.28 188.46 -1000 -1000 -1000 -10 -1 -1 -1
148 1914 Pedestrian -1 -1 -10 581.40 175.77 639.80 230.11 -1000 -1000 -1000 -10 -1 -1 -1
149 1914 Pedestrian -1 -1 -10 581.95 176.21 641.49 231.76 -1000 -1000 -1000 -10 -1 -1 -1
150 1914 Pedestrian -1 -1 -10 583.49 178.14 643.78 234.59 -1000 -1000 -1000 -10 -1 -1 -1
151 1914 Pedestrian -1 -1 -10 584.24 177.70 644.88 234.54 -1000 -1000 -1000 -10 -1 -1 -1
151 1956 Pedestrian -1 -1 -10 926.06 173.05 979.85 198.66 -1000 -1000 -1000 -10 -1 -1 -1
152 1914 Pedestrian -1 -1 -10 584.67 175.05 645.25 231.78 -1000 -1000 -1000 -10 -1 -1 -1
152 1956 Pedestrian -1 -1 -10 938.92 168.62 993.64 194.61 -1000 -1000 -1000 -10 -1 -1 -1
153 1914 Pedestrian -1 -1 -10 586.41 173.37 648.07 231.20 -1000 -1000 -1000 -10 -1 -1 -1
153 1956 Pedestrian -1 -1 -10 953.78 165.98 1009.86 192.49 -1000 -1000 -1000 -10 -1 -1 -1
154 1914 Pedestrian -1 -1 -10 588.39 173.84 649.44 231.06 -1000 -1000 -1000 -10 -1 -1 -1
154 1956 Pedestrian -1 -1 -10 972.22 165.10 1030.16 192.37 -1000 -1000 -1000 -10 -1 -1 -1
154 1957 Pedestrian -1 -1 -10 682.59 175.29 732.97 216.62 -1000 -1000 -1000 -10 -1 -1 -1
155 1914 Pedestrian -1 -1 -10 590.97 175.78 650.98 232.00 -1000 -1000 -1000 -10 -1 -1 -1
155 1956 Pedestrian -1 -1 -10 986.93 164.12 1045.18 191.20 -1000 -1000 -1000 -10 -1 -1 -1
155 1957 Pedestrian -1 -1 -10 688.21 178.33 739.14 220.05 -1000 -1000 -1000 -10 -1 -1 -1
156 1914 Pedestrian -1 -1 -10 592.23 176.79 652.06 232.83 -1000 -1000 -1000 -10 -1 -1 -1
156 1957 Pedestrian -1 -1 -10 693.10 180.05 747.42 224.49 -1000 -1000 -1000 -10 -1 -1 -1
157 1914 Pedestrian -1 -1 -10 593.31 176.18 653.86 232.86 -1000 -1000 -1000 -10 -1 -1 -1
157 1957 Pedestrian -1 -1 -10 697.38 179.65 756.28 227.87 -1000 -1000 -1000 -10 -1 -1 -1
158 1914 Pedestrian -1 -1 -10 594.20 174.96 656.08 233.05 -1000 -1000 -1000 -10 -1 -1 -1
158 1957 Pedestrian -1 -1 -10 701.69 179.84 764.25 231.01 -1000 -1000 -1000 -10 -1 -1 -1
158 1958 Pedestrian -1 -1 -10 1024.80 166.36 1117.85 199.47 -1000 -1000 -1000 -10 -1 -1 -1
159 1914 Pedestrian -1 -1 -10 596.39 174.80 656.89 231.60 -1000 -1000 -1000 -10 -1 -1 -1
159 1957 Pedestrian -1 -1 -10 707.49 179.92 774.60 234.65 -1000 -1000 -1000 -10 -1 -1 -1
159 1959 Pedestrian -1 -1 -10 1126.67 148.19 1258.79 208.99 -1000 -1000 -1000 -10 -1 -1 -1
160 1914 Pedestrian -1 -1 -10 597.84 174.57 657.99 231.11 -1000 -1000 -1000 -10 -1 -1 -1
160 1957 Pedestrian -1 -1 -10 712.60 178.98 787.80 240.23 -1000 -1000 -1000 -10 -1 -1 -1
160 1958 Pedestrian -1 -1 -10 1052.73 165.01 1157.87 202.67 -1000 -1000 -1000 -10 -1 -1 -1
161 1914 Pedestrian -1 -1 -10 598.62 175.04 659.78 232.73 -1000 -1000 -1000 -10 -1 -1 -1
161 1957 Pedestrian -1 -1 -10 719.09 179.17 801.76 246.43 -1000 -1000 -1000 -10 -1 -1 -1
161 1958 Pedestrian -1 -1 -10 1086.04 164.54 1199.69 205.15 -1000 -1000 -1000 -10 -1 -1 -1
162 1914 Pedestrian -1 -1 -10 599.82 175.68 660.41 232.90 -1000 -1000 -1000 -10 -1 -1 -1
162 1957 Pedestrian -1 -1 -10 727.31 179.08 818.99 253.54 -1000 -1000 -1000 -10 -1 -1 -1
162 1958 Pedestrian -1 -1 -10 1113.68 164.38 1231.93 206.48 -1000 -1000 -1000 -10 -1 -1 -1
163 1914 Pedestrian -1 -1 -10 600.90 174.91 660.64 231.25 -1000 -1000 -1000 -10 -1 -1 -1
163 1957 Pedestrian -1 -1 -10 737.48 180.72 836.53 260.60 -1000 -1000 -1000 -10 -1 -1 -1
163 1958 Pedestrian -1 -1 -10 1128.35 164.47 1255.57 210.32 -1000 -1000 -1000 -10 -1 -1 -1
164 1914 Pedestrian -1 -1 -10 601.77 175.35 661.45 231.56 -1000 -1000 -1000 -10 -1 -1 -1
164 1957 Pedestrian -1 -1 -10 750.25 182.12 858.38 268.32 -1000 -1000 -1000 -10 -1 -1 -1
165 1914 Pedestrian -1 -1 -10 601.62 177.26 661.32 233.32 -1000 -1000 -1000 -10 -1 -1 -1
165 1957 Pedestrian -1 -1 -10 762.40 183.38 889.17 283.78 -1000 -1000 -1000 -10 -1 -1 -1
166 1914 Pedestrian -1 -1 -10 601.74 178.51 662.18 235.00 -1000 -1000 -1000 -10 -1 -1 -1
166 1957 Pedestrian -1 -1 -10 778.85 183.78 926.27 299.29 -1000 -1000 -1000 -10 -1 -1 -1
167 1914 Pedestrian -1 -1 -10 601.07 178.83 662.52 236.28 -1000 -1000 -1000 -10 -1 -1 -1
167 1957 Pedestrian -1 -1 -10 801.57 185.04 971.99 316.14 -1000 -1000 -1000 -10 -1 -1 -1
168 1914 Pedestrian -1 -1 -10 601.66 178.38 662.25 234.87 -1000 -1000 -1000 -10 -1 -1 -1
168 1957 Pedestrian -1 -1 -10 834.83 192.10 1036.35 343.02 -1000 -1000 -1000 -10 -1 -1 -1
169 1914 Pedestrian -1 -1 -10 602.02 178.36 662.09 234.05 -1000 -1000 -1000 -10 -1 -1 -1
169 1957 Pedestrian -1 -1 -10 888.41 195.19 1125.11 363.45 -1000 -1000 -1000 -10 -1 -1 -1
170 1914 Pedestrian -1 -1 -10 601.41 178.19 662.99 235.07 -1000 -1000 -1000 -10 -1 -1 -1
170 1957 Pedestrian -1 -1 -10 928.76 200.73 1179.11 372.42 -1000 -1000 -1000 -10 -1 -1 -1
171 1914 Pedestrian -1 -1 -10 600.31 179.60 662.90 237.36 -1000 -1000 -1000 -10 -1 -1 -1
171 1957 Pedestrian -1 -1 -10 976.42 212.47 1215.82 373.98 -1000 -1000 -1000 -10 -1 -1 -1
172 1914 Pedestrian -1 -1 -10 600.19 180.34 663.56 238.75 -1000 -1000 -1000 -10 -1 -1 -1
173 1914 Pedestrian -1 -1 -10 600.14 180.33 664.27 239.52 -1000 -1000 -1000 -10 -1 -1 -1
174 1914 Pedestrian -1 -1 -10 599.98 180.23 664.86 240.20 -1000 -1000 -1000 -10 -1 -1 -1
175 1914 Pedestrian -1 -1 -10 599.74 179.86 665.22 240.48 -1000 -1000 -1000 -10 -1 -1 -1
176 1914 Pedestrian -1 -1 -10 599.20 179.08 664.81 240.03 -1000 -1000 -1000 -10 -1 -1 -1
177 1914 Pedestrian -1 -1 -10 599.30 178.78 665.38 240.37 -1000 -1000 -1000 -10 -1 -1 -1
178 1914 Pedestrian -1 -1 -10 599.39 178.57 665.07 239.86 -1000 -1000 -1000 -10 -1 -1 -1
179 1914 Pedestrian -1 -1 -10 598.85 178.62 664.62 240.10 -1000 -1000 -1000 -10 -1 -1 -1
180 1914 Pedestrian -1 -1 -10 598.80 179.04 664.75 240.79 -1000 -1000 -1000 -10 -1 -1 -1
181 1914 Pedestrian -1 -1 -10 598.96 179.02 664.26 240.08 -1000 -1000 -1000 -10 -1 -1 -1
182 1914 Pedestrian -1 -1 -10 597.89 177.22 665.08 240.26 -1000 -1000 -1000 -10 -1 -1 -1
183 1914 Pedestrian -1 -1 -10 597.84 175.85 664.81 238.80 -1000 -1000 -1000 -10 -1 -1 -1
184 1914 Pedestrian -1 -1 -10 598.09 174.34 664.56 236.85 -1000 -1000 -1000 -10 -1 -1 -1
185 1914 Pedestrian -1 -1 -10 597.86 173.29 663.41 234.78 -1000 -1000 -1000 -10 -1 -1 -1
186 1914 Pedestrian -1 -1 -10 597.32 173.04 662.79 234.38 -1000 -1000 -1000 -10 -1 -1 -1
187 1914 Pedestrian -1 -1 -10 597.21 172.67 662.26 233.52 -1000 -1000 -1000 -10 -1 -1 -1
188 1914 Pedestrian -1 -1 -10 596.20 172.27 662.82 234.71 -1000 -1000 -1000 -10 -1 -1 -1
189 1914 Pedestrian -1 -1 -10 596.23 172.64 662.93 235.08 -1000 -1000 -1000 -10 -1 -1 -1
190 1914 Pedestrian -1 -1 -10 596.60 173.67 662.96 235.63 -1000 -1000 -1000 -10 -1 -1 -1
191 1914 Pedestrian -1 -1 -10 596.23 173.77 664.09 237.28 -1000 -1000 -1000 -10 -1 -1 -1
192 1914 Pedestrian -1 -1 -10 595.87 174.79 664.11 238.87 -1000 -1000 -1000 -10 -1 -1 -1
193 1914 Pedestrian -1 -1 -10 595.83 175.54 663.87 239.50 -1000 -1000 -1000 -10 -1 -1 -1
194 1914 Pedestrian -1 -1 -10 596.28 176.29 663.97 239.92 -1000 -1000 -1000 -10 -1 -1 -1
195 1914 Pedestrian -1 -1 -10 596.21 176.11 664.19 240.10 -1000 -1000 -1000 -10 -1 -1 -1
196 1914 Pedestrian -1 -1 -10 596.11 176.17 664.37 240.54 -1000 -1000 -1000 -10 -1 -1 -1
197 1914 Pedestrian -1 -1 -10 596.75 176.52 664.32 240.22 -1000 -1000 -1000 -10 -1 -1 -1
198 1914 Pedestrian -1 -1 -10 596.66 175.86 664.33 239.74 -1000 -1000 -1000 -10 -1 -1 -1
199 1914 Pedestrian -1 -1 -10 596.95 175.50 664.14 238.92 -1000 -1000 -1000 -10 -1 -1 -1
200 1914 Pedestrian -1 -1 -10 596.29 174.38 664.39 238.78 -1000 -1000 -1000 -10 -1 -1 -1
201 1914 Pedestrian -1 -1 -10 596.89 174.66 664.74 238.93 -1000 -1000 -1000 -10 -1 -1 -1
202 1914 Pedestrian -1 -1 -10 597.19 174.84 664.48 238.50 -1000 -1000 -1000 -10 -1 -1 -1
203 1914 Pedestrian -1 -1 -10 597.18 175.39 664.68 239.23 -1000 -1000 -1000 -10 -1 -1 -1
204 1914 Pedestrian -1 -1 -10 596.61 175.52 664.61 239.92 -1000 -1000 -1000 -10 -1 -1 -1
205 1914 Pedestrian -1 -1 -10 596.55 176.06 664.27 240.30 -1000 -1000 -1000 -10 -1 -1 -1
206 1914 Pedestrian -1 -1 -10 596.83 176.31 664.12 240.19 -1000 -1000 -1000 -10 -1 -1 -1
207 1914 Pedestrian -1 -1 -10 596.58 175.95 663.45 239.51 -1000 -1000 -1000 -10 -1 -1 -1
208 1914 Pedestrian -1 -1 -10 596.14 175.55 662.77 238.86 -1000 -1000 -1000 -10 -1 -1 -1
209 1914 Pedestrian -1 -1 -10 595.22 175.44 662.34 239.30 -1000 -1000 -1000 -10 -1 -1 -1
209 1962 Pedestrian -1 -1 -10 718.26 125.71 803.69 198.06 -1000 -1000 -1000 -10 -1 -1 -1
210 1914 Pedestrian -1 -1 -10 594.79 176.17 661.38 239.54 -1000 -1000 -1000 -10 -1 -1 -1
210 1962 Pedestrian -1 -1 -10 722.78 121.82 812.69 197.49 -1000 -1000 -1000 -10 -1 -1 -1
211 1914 Pedestrian -1 -1 -10 593.72 176.31 658.90 238.24 -1000 -1000 -1000 -10 -1 -1 -1
211 1962 Pedestrian -1 -1 -10 728.78 115.62 827.04 197.24 -1000 -1000 -1000 -10 -1 -1 -1
212 1914 Pedestrian -1 -1 -10 592.30 175.89 656.80 237.05 -1000 -1000 -1000 -10 -1 -1 -1
212 1962 Pedestrian -1 -1 -10 734.58 108.95 850.30 203.62 -1000 -1000 -1000 -10 -1 -1 -1
213 1914 Pedestrian -1 -1 -10 591.07 175.60 655.51 236.66 -1000 -1000 -1000 -10 -1 -1 -1
213 1962 Pedestrian -1 -1 -10 739.94 98.24 878.33 209.09 -1000 -1000 -1000 -10 -1 -1 -1
214 1914 Pedestrian -1 -1 -10 589.22 176.30 654.10 237.74 -1000 -1000 -1000 -10 -1 -1 -1
214 1962 Pedestrian -1 -1 -10 749.60 85.08 916.39 214.91 -1000 -1000 -1000 -10 -1 -1 -1
215 1914 Pedestrian -1 -1 -10 587.63 176.85 652.42 238.17 -1000 -1000 -1000 -10 -1 -1 -1
215 1962 Pedestrian -1 -1 -10 764.04 70.34 971.70 226.39 -1000 -1000 -1000 -10 -1 -1 -1
216 1914 Pedestrian -1 -1 -10 586.44 176.39 650.56 237.03 -1000 -1000 -1000 -10 -1 -1 -1
216 1962 Pedestrian -1 -1 -10 786.80 43.94 1058.42 239.43 -1000 -1000 -1000 -10 -1 -1 -1
217 1914 Pedestrian -1 -1 -10 584.98 175.64 648.76 235.90 -1000 -1000 -1000 -10 -1 -1 -1
217 1962 Pedestrian -1 -1 -10 782.21 14.72 1137.95 264.34 -1000 -1000 -1000 -10 -1 -1 -1
218 1914 Pedestrian -1 -1 -10 583.75 175.96 647.78 236.62 -1000 -1000 -1000 -10 -1 -1 -1
218 1962 Pedestrian -1 -1 -10 780.87 2.58 1174.08 271.14 -1000 -1000 -1000 -10 -1 -1 -1
219 1914 Pedestrian -1 -1 -10 582.49 175.88 646.41 236.55 -1000 -1000 -1000 -10 -1 -1 -1
219 1962 Pedestrian -1 -1 -10 772.91 -3.16 1194.83 278.59 -1000 -1000 -1000 -10 -1 -1 -1
220 1914 Pedestrian -1 -1 -10 582.05 176.46 645.26 236.49 -1000 -1000 -1000 -10 -1 -1 -1
220 1962 Pedestrian -1 -1 -10 765.28 -5.26 1214.22 290.24 -1000 -1000 -1000 -10 -1 -1 -1
221 1914 Pedestrian -1 -1 -10 581.54 176.61 643.83 235.77 -1000 -1000 -1000 -10 -1 -1 -1
221 1962 Pedestrian -1 -1 -10 764.29 -5.87 1216.74 286.45 -1000 -1000 -1000 -10 -1 -1 -1
222 1914 Pedestrian -1 -1 -10 580.78 176.69 642.78 235.70 -1000 -1000 -1000 -10 -1 -1 -1
222 1962 Pedestrian -1 -1 -10 757.73 -5.55 1218.68 287.29 -1000 -1000 -1000 -10 -1 -1 -1
223 1914 Pedestrian -1 -1 -10 581.08 177.45 642.17 235.44 -1000 -1000 -1000 -10 -1 -1 -1
223 1962 Pedestrian -1 -1 -10 746.00 -5.28 1220.55 291.65 -1000 -1000 -1000 -10 -1 -1 -1
224 1914 Pedestrian -1 -1 -10 581.72 178.12 641.94 235.17 -1000 -1000 -1000 -10 -1 -1 -1
224 1962 Pedestrian -1 -1 -10 742.94 -4.11 1220.15 289.68 -1000 -1000 -1000 -10 -1 -1 -1
225 1914 Pedestrian -1 -1 -10 581.10 178.68 641.14 235.48 -1000 -1000 -1000 -10 -1 -1 -1
225 1962 Pedestrian -1 -1 -10 734.48 -4.00 1221.78 291.90 -1000 -1000 -1000 -10 -1 -1 -1
226 1914 Pedestrian -1 -1 -10 579.96 178.73 640.11 235.53 -1000 -1000 -1000 -10 -1 -1 -1
226 1962 Pedestrian -1 -1 -10 726.89 -3.87 1226.18 296.23 -1000 -1000 -1000 -10 -1 -1 -1
227 1914 Pedestrian -1 -1 -10 579.39 179.30 639.18 235.66 -1000 -1000 -1000 -10 -1 -1 -1
227 1962 Pedestrian -1 -1 -10 726.61 -3.43 1224.85 292.31 -1000 -1000 -1000 -10 -1 -1 -1
228 1914 Pedestrian -1 -1 -10 578.26 180.22 637.99 236.39 -1000 -1000 -1000 -10 -1 -1 -1
228 1962 Pedestrian -1 -1 -10 725.01 -1.89 1227.10 293.21 -1000 -1000 -1000 -10 -1 -1 -1
229 1914 Pedestrian -1 -1 -10 577.96 181.06 636.74 236.29 -1000 -1000 -1000 -10 -1 -1 -1
229 1962 Pedestrian -1 -1 -10 720.93 -0.83 1234.95 299.85 -1000 -1000 -1000 -10 -1 -1 -1
230 1914 Pedestrian -1 -1 -10 577.37 180.95 635.80 235.69 -1000 -1000 -1000 -10 -1 -1 -1
230 1962 Pedestrian -1 -1 -10 720.38 -1.30 1234.93 297.90 -1000 -1000 -1000 -10 -1 -1 -1
231 1914 Pedestrian -1 -1 -10 576.73 181.09 634.54 235.17 -1000 -1000 -1000 -10 -1 -1 -1
231 1962 Pedestrian -1 -1 -10 721.05 -1.80 1237.00 296.97 -1000 -1000 -1000 -10 -1 -1 -1
232 1914 Pedestrian -1 -1 -10 576.58 180.77 634.61 234.94 -1000 -1000 -1000 -10 -1 -1 -1
232 1962 Pedestrian -1 -1 -10 717.08 -1.85 1242.12 301.85 -1000 -1000 -1000 -10 -1 -1 -1
233 1914 Pedestrian -1 -1 -10 576.76 180.37 634.24 234.02 -1000 -1000 -1000 -10 -1 -1 -1
233 1962 Pedestrian -1 -1 -10 717.99 -1.76 1248.03 305.39 -1000 -1000 -1000 -10 -1 -1 -1
234 1914 Pedestrian -1 -1 -10 576.15 179.94 633.61 233.53 -1000 -1000 -1000 -10 -1 -1 -1
234 1962 Pedestrian -1 -1 -10 725.84 -1.43 1247.07 300.55 -1000 -1000 -1000 -10 -1 -1 -1
235 1914 Pedestrian -1 -1 -10 576.44 180.18 633.19 232.96 -1000 -1000 -1000 -10 -1 -1 -1
235 1962 Pedestrian -1 -1 -10 732.77 -1.35 1250.34 299.26 -1000 -1000 -1000 -10 -1 -1 -1
236 1914 Pedestrian -1 -1 -10 576.49 180.06 633.01 232.60 -1000 -1000 -1000 -10 -1 -1 -1
236 1962 Pedestrian -1 -1 -10 741.72 -1.22 1255.79 299.00 -1000 -1000 -1000 -10 -1 -1 -1
237 1914 Pedestrian -1 -1 -10 576.16 179.73 633.13 232.86 -1000 -1000 -1000 -10 -1 -1 -1
237 1962 Pedestrian -1 -1 -10 751.97 -1.10 1261.57 298.96 -1000 -1000 -1000 -10 -1 -1 -1
238 1914 Pedestrian -1 -1 -10 576.43 179.63 633.22 232.66 -1000 -1000 -1000 -10 -1 -1 -1
238 1962 Pedestrian -1 -1 -10 764.23 -0.97 1270.99 301.37 -1000 -1000 -1000 -10 -1 -1 -1
239 1914 Pedestrian -1 -1 -10 577.02 178.67 633.48 231.21 -1000 -1000 -1000 -10 -1 -1 -1
239 1962 Pedestrian -1 -1 -10 785.82 -0.86 1283.75 302.13 -1000 -1000 -1000 -10 -1 -1 -1
240 1914 Pedestrian -1 -1 -10 578.01 178.92 633.21 229.97 -1000 -1000 -1000 -10 -1 -1 -1
240 1962 Pedestrian -1 -1 -10 817.19 -0.01 1301.57 303.48 -1000 -1000 -1000 -10 -1 -1 -1
241 1914 Pedestrian -1 -1 -10 578.09 179.41 633.02 230.04 -1000 -1000 -1000 -10 -1 -1 -1
241 1962 Pedestrian -1 -1 -10 848.79 -0.39 1346.11 327.51 -1000 -1000 -1000 -10 -1 -1 -1
242 1914 Pedestrian -1 -1 -10 578.09 179.36 633.98 230.79 -1000 -1000 -1000 -10 -1 -1 -1
243 1914 Pedestrian -1 -1 -10 578.61 179.41 634.36 230.48 -1000 -1000 -1000 -10 -1 -1 -1
244 1914 Pedestrian -1 -1 -10 578.47 177.72 635.36 229.66 -1000 -1000 -1000 -10 -1 -1 -1
245 1914 Pedestrian -1 -1 -10 578.36 176.70 635.55 228.86 -1000 -1000 -1000 -10 -1 -1 -1
246 1914 Pedestrian -1 -1 -10 578.93 176.33 636.61 228.86 -1000 -1000 -1000 -10 -1 -1 -1
247 1914 Pedestrian -1 -1 -10 579.64 176.52 637.12 228.73 -1000 -1000 -1000 -10 -1 -1 -1
248 1914 Pedestrian -1 -1 -10 580.21 176.61 637.68 228.91 -1000 -1000 -1000 -10 -1 -1 -1
249 1914 Pedestrian -1 -1 -10 581.27 176.50 638.54 228.72 -1000 -1000 -1000 -10 -1 -1 -1
250 1914 Pedestrian -1 -1 -10 582.11 175.97 640.06 228.89 -1000 -1000 -1000 -10 -1 -1 -1
251 1914 Pedestrian -1 -1 -10 583.05 175.89 640.98 228.92 -1000 -1000 -1000 -10 -1 -1 -1
252 1914 Pedestrian -1 -1 -10 583.75 175.62 641.92 229.04 -1000 -1000 -1000 -10 -1 -1 -1
253 1914 Pedestrian -1 -1 -10 585.41 176.01 642.61 228.58 -1000 -1000 -1000 -10 -1 -1 -1
254 1914 Pedestrian -1 -1 -10 587.06 177.42 643.21 228.93 -1000 -1000 -1000 -10 -1 -1 -1
255 1914 Pedestrian -1 -1 -10 588.96 178.40 644.38 229.21 -1000 -1000 -1000 -10 -1 -1 -1
256 1914 Pedestrian -1 -1 -10 590.40 178.69 645.60 229.34 -1000 -1000 -1000 -10 -1 -1 -1
257 1914 Pedestrian -1 -1 -10 591.88 178.13 647.38 229.09 -1000 -1000 -1000 -10 -1 -1 -1
258 1914 Pedestrian -1 -1 -10 593.51 177.87 649.35 229.03 -1000 -1000 -1000 -10 -1 -1 -1
259 1914 Pedestrian -1 -1 -10 594.33 177.88 650.32 229.13 -1000 -1000 -1000 -10 -1 -1 -1
260 1914 Pedestrian -1 -1 -10 595.09 178.25 651.02 229.32 -1000 -1000 -1000 -10 -1 -1 -1
261 1914 Pedestrian -1 -1 -10 596.11 178.24 652.03 229.28 -1000 -1000 -1000 -10 -1 -1 -1
262 1914 Pedestrian -1 -1 -10 595.94 176.22 654.22 229.57 -1000 -1000 -1000 -10 -1 -1 -1
263 1914 Pedestrian -1 -1 -10 597.00 176.18 655.02 229.34 -1000 -1000 -1000 -10 -1 -1 -1
264 1914 Pedestrian -1 -1 -10 598.16 176.37 655.72 229.19 -1000 -1000 -1000 -10 -1 -1 -1
265 1914 Pedestrian -1 -1 -10 599.40 176.40 656.87 229.25 -1000 -1000 -1000 -10 -1 -1 -1
266 1914 Pedestrian -1 -1 -10 600.89 176.57 658.06 229.00 -1000 -1000 -1000 -10 -1 -1 -1
267 1914 Pedestrian -1 -1 -10 601.09 176.68 658.07 228.57 -1000 -1000 -1000 -10 -1 -1 -1
268 1914 Pedestrian -1 -1 -10 603.09 177.73 659.11 228.56 -1000 -1000 -1000 -10 -1 -1 -1
269 1914 Pedestrian -1 -1 -10 604.77 178.47 659.96 228.37 -1000 -1000 -1000 -10 -1 -1 -1
270 1914 Pedestrian -1 -1 -10 605.46 177.69 661.38 228.18 -1000 -1000 -1000 -10 -1 -1 -1
271 1914 Pedestrian -1 -1 -10 606.36 177.63 662.65 228.50 -1000 -1000 -1000 -10 -1 -1 -1
271 1971 Pedestrian -1 -1 -10 577.97 177.34 608.28 199.10 -1000 -1000 -1000 -10 -1 -1 -1
272 1914 Pedestrian -1 -1 -10 606.71 177.22 663.59 228.70 -1000 -1000 -1000 -10 -1 -1 -1
272 1971 Pedestrian -1 -1 -10 572.53 178.26 602.32 199.53 -1000 -1000 -1000 -10 -1 -1 -1
273 1914 Pedestrian -1 -1 -10 607.29 177.30 664.27 228.95 -1000 -1000 -1000 -10 -1 -1 -1
273 1971 Pedestrian -1 -1 -10 563.94 178.73 595.55 201.23 -1000 -1000 -1000 -10 -1 -1 -1
274 1914 Pedestrian -1 -1 -10 608.03 177.58 664.52 228.81 -1000 -1000 -1000 -10 -1 -1 -1
274 1971 Pedestrian -1 -1 -10 556.31 178.89 589.84 202.71 -1000 -1000 -1000 -10 -1 -1 -1
274 1973 Pedestrian -1 -1 -10 521.60 180.99 554.25 201.94 -1000 -1000 -1000 -10 -1 -1 -1
275 1914 Pedestrian -1 -1 -10 608.20 177.56 664.58 228.70 -1000 -1000 -1000 -10 -1 -1 -1
275 1971 Pedestrian -1 -1 -10 548.19 178.69 584.73 204.56 -1000 -1000 -1000 -10 -1 -1 -1
275 1973 Pedestrian -1 -1 -10 512.54 180.78 547.66 203.29 -1000 -1000 -1000 -10 -1 -1 -1
276 1914 Pedestrian -1 -1 -10 608.38 177.17 664.35 227.90 -1000 -1000 -1000 -10 -1 -1 -1
276 1971 Pedestrian -1 -1 -10 538.97 178.64 578.02 206.13 -1000 -1000 -1000 -10 -1 -1 -1
276 1973 Pedestrian -1 -1 -10 499.97 180.66 539.39 205.97 -1000 -1000 -1000 -10 -1 -1 -1
277 1914 Pedestrian -1 -1 -10 608.37 175.51 665.35 227.34 -1000 -1000 -1000 -10 -1 -1 -1
277 1971 Pedestrian -1 -1 -10 527.41 178.82 571.01 209.42 -1000 -1000 -1000 -10 -1 -1 -1
277 1973 Pedestrian -1 -1 -10 486.94 181.14 528.93 208.08 -1000 -1000 -1000 -10 -1 -1 -1
278 1914 Pedestrian -1 -1 -10 609.10 175.39 665.84 227.10 -1000 -1000 -1000 -10 -1 -1 -1
278 1971 Pedestrian -1 -1 -10 513.62 178.95 562.54 213.05 -1000 -1000 -1000 -10 -1 -1 -1
278 1973 Pedestrian -1 -1 -10 471.97 181.99 517.44 211.14 -1000 -1000 -1000 -10 -1 -1 -1
279 1914 Pedestrian -1 -1 -10 609.86 175.35 666.64 227.34 -1000 -1000 -1000 -10 -1 -1 -1
279 1971 Pedestrian -1 -1 -10 498.13 180.46 551.70 217.39 -1000 -1000 -1000 -10 -1 -1 -1
279 1973 Pedestrian -1 -1 -10 453.04 181.62 506.46 215.93 -1000 -1000 -1000 -10 -1 -1 -1
280 1914 Pedestrian -1 -1 -10 611.26 175.75 667.40 227.36 -1000 -1000 -1000 -10 -1 -1 -1
280 1971 Pedestrian -1 -1 -10 479.47 180.59 542.96 224.31 -1000 -1000 -1000 -10 -1 -1 -1
280 1973 Pedestrian -1 -1 -10 431.49 181.33 490.95 219.68 -1000 -1000 -1000 -10 -1 -1 -1
281 1914 Pedestrian -1 -1 -10 612.19 175.63 668.33 227.58 -1000 -1000 -1000 -10 -1 -1 -1
281 1971 Pedestrian -1 -1 -10 458.77 181.88 529.70 230.46 -1000 -1000 -1000 -10 -1 -1 -1
281 1973 Pedestrian -1 -1 -10 405.83 182.82 470.64 224.67 -1000 -1000 -1000 -10 -1 -1 -1
282 1914 Pedestrian -1 -1 -10 613.47 175.79 669.29 227.75 -1000 -1000 -1000 -10 -1 -1 -1
282 1971 Pedestrian -1 -1 -10 430.69 184.08 513.31 240.10 -1000 -1000 -1000 -10 -1 -1 -1
282 1973 Pedestrian -1 -1 -10 372.76 184.24 445.65 231.48 -1000 -1000 -1000 -10 -1 -1 -1
283 1914 Pedestrian -1 -1 -10 614.71 175.94 669.85 227.59 -1000 -1000 -1000 -10 -1 -1 -1
283 1971 Pedestrian -1 -1 -10 389.73 184.76 491.65 253.34 -1000 -1000 -1000 -10 -1 -1 -1
283 1973 Pedestrian -1 -1 -10 329.06 184.90 414.01 240.40 -1000 -1000 -1000 -10 -1 -1 -1
284 1914 Pedestrian -1 -1 -10 615.13 175.75 670.37 227.72 -1000 -1000 -1000 -10 -1 -1 -1
284 1973 Pedestrian -1 -1 -10 302.64 186.60 428.10 267.82 -1000 -1000 -1000 -10 -1 -1 -1
285 1914 Pedestrian -1 -1 -10 616.30 175.83 670.88 227.39 -1000 -1000 -1000 -10 -1 -1 -1
285 1973 Pedestrian -1 -1 -10 220.11 189.74 396.66 301.64 -1000 -1000 -1000 -10 -1 -1 -1
286 1914 Pedestrian -1 -1 -10 617.60 175.76 671.38 226.58 -1000 -1000 -1000 -10 -1 -1 -1
287 1914 Pedestrian -1 -1 -10 618.55 175.67 671.87 226.12 -1000 -1000 -1000 -10 -1 -1 -1
288 1914 Pedestrian -1 -1 -10 619.56 175.60 672.50 225.65 -1000 -1000 -1000 -10 -1 -1 -1
289 1914 Pedestrian -1 -1 -10 620.09 175.66 673.07 225.68 -1000 -1000 -1000 -10 -1 -1 -1
290 1914 Pedestrian -1 -1 -10 620.41 175.52 673.48 225.63 -1000 -1000 -1000 -10 -1 -1 -1
291 1914 Pedestrian -1 -1 -10 620.36 175.77 673.34 225.86 -1000 -1000 -1000 -10 -1 -1 -1
292 1914 Pedestrian -1 -1 -10 619.66 175.80 672.94 226.25 -1000 -1000 -1000 -10 -1 -1 -1
293 1914 Pedestrian -1 -1 -10 618.87 175.73 672.41 226.48 -1000 -1000 -1000 -10 -1 -1 -1
