1 2162 Pedestrian -1 -1 -10 469.89 180.47 577.36 216.25 -1000 -1000 -1000 -10 -1 -1 -1
1 2163 Pedestrian -1 -1 -10 572.66 201.75 672.61 270.50 -1000 -1000 -1000 -10 -1 -1 -1
2 2162 Pedestrian -1 -1 -10 479.87 179.63 590.66 216.58 -1000 -1000 -1000 -10 -1 -1 -1
2 2163 Pedestrian -1 -1 -10 588.56 199.56 689.08 268.63 -1000 -1000 -1000 -10 -1 -1 -1
3 2162 Pedestrian -1 -1 -10 494.00 179.18 603.95 215.92 -1000 -1000 -1000 -10 -1 -1 -1
3 2163 Pedestrian -1 -1 -10 613.34 207.40 702.74 268.45 -1000 -1000 -1000 -10 -1 -1 -1
4 2162 Pedestrian -1 -1 -10 506.37 179.37 617.81 216.76 -1000 -1000 -1000 -10 -1 -1 -1
4 2163 Pedestrian -1 -1 -10 631.83 204.33 723.02 266.37 -1000 -1000 -1000 -10 -1 -1 -1
5 2162 Pedestrian -1 -1 -10 521.07 180.43 629.32 216.79 -1000 -1000 -1000 -10 -1 -1 -1
5 2163 Pedestrian -1 -1 -10 644.22 194.62 747.43 265.11 -1000 -1000 -1000 -10 -1 -1 -1
6 2162 Pedestrian -1 -1 -10 535.02 182.76 638.87 217.64 -1000 -1000 -1000 -10 -1 -1 -1
6 2163 Pedestrian -1 -1 -10 662.97 195.68 765.75 265.85 -1000 -1000 -1000 -10 -1 -1 -1
7 2162 Pedestrian -1 -1 -10 546.82 181.43 650.36 216.28 -1000 -1000 -1000 -10 -1 -1 -1
7 2163 Pedestrian -1 -1 -10 677.50 191.75 786.42 266.56 -1000 -1000 -1000 -10 -1 -1 -1
8 2162 Pedestrian -1 -1 -10 560.91 181.30 660.75 215.04 -1000 -1000 -1000 -10 -1 -1 -1
8 2163 Pedestrian -1 -1 -10 694.36 189.71 804.73 266.06 -1000 -1000 -1000 -10 -1 -1 -1
9 2162 Pedestrian -1 -1 -10 574.97 181.09 674.88 214.88 -1000 -1000 -1000 -10 -1 -1 -1
9 2163 Pedestrian -1 -1 -10 713.42 191.80 819.89 265.74 -1000 -1000 -1000 -10 -1 -1 -1
9 2169 Pedestrian -1 -1 -10 729.43 169.51 793.20 253.82 -1000 -1000 -1000 -10 -1 -1 -1
10 2162 Pedestrian -1 -1 -10 585.67 181.18 683.27 214.26 -1000 -1000 -1000 -10 -1 -1 -1
10 2163 Pedestrian -1 -1 -10 731.60 191.80 837.97 265.80 -1000 -1000 -1000 -10 -1 -1 -1
10 2169 Pedestrian -1 -1 -10 749.94 168.62 813.07 252.42 -1000 -1000 -1000 -10 -1 -1 -1
11 2162 Pedestrian -1 -1 -10 594.25 180.53 694.02 214.39 -1000 -1000 -1000 -10 -1 -1 -1
11 2163 Pedestrian -1 -1 -10 752.26 193.81 854.38 264.86 -1000 -1000 -1000 -10 -1 -1 -1
11 2169 Pedestrian -1 -1 -10 767.01 167.18 831.32 252.85 -1000 -1000 -1000 -10 -1 -1 -1
12 2162 Pedestrian -1 -1 -10 606.41 180.45 704.24 213.70 -1000 -1000 -1000 -10 -1 -1 -1
12 2163 Pedestrian -1 -1 -10 770.08 193.37 871.64 264.41 -1000 -1000 -1000 -10 -1 -1 -1
12 2169 Pedestrian -1 -1 -10 785.74 167.49 848.97 252.65 -1000 -1000 -1000 -10 -1 -1 -1
13 2163 Pedestrian -1 -1 -10 786.49 189.57 890.21 262.91 -1000 -1000 -1000 -10 -1 -1 -1
14 2163 Pedestrian -1 -1 -10 804.83 190.19 906.81 262.86 -1000 -1000 -1000 -10 -1 -1 -1
15 2163 Pedestrian -1 -1 -10 826.99 197.77 918.65 262.53 -1000 -1000 -1000 -10 -1 -1 -1
15 2169 Pedestrian -1 -1 -10 844.08 169.85 903.34 250.25 -1000 -1000 -1000 -10 -1 -1 -1
16 2163 Pedestrian -1 -1 -10 842.85 195.03 936.93 261.67 -1000 -1000 -1000 -10 -1 -1 -1
16 2169 Pedestrian -1 -1 -10 855.90 170.23 912.95 249.05 -1000 -1000 -1000 -10 -1 -1 -1
17 2163 Pedestrian -1 -1 -10 860.97 195.74 953.81 261.49 -1000 -1000 -1000 -10 -1 -1 -1
18 2163 Pedestrian -1 -1 -10 876.71 192.03 972.18 260.03 -1000 -1000 -1000 -10 -1 -1 -1
18 2162 Pedestrian -1 -1 -10 657.50 178.25 750.09 210.00 -1000 -1000 -1000 -10 -1 -1 -1
19 2163 Pedestrian -1 -1 -10 892.72 189.58 990.10 259.45 -1000 -1000 -1000 -10 -1 -1 -1
20 2163 Pedestrian -1 -1 -10 910.19 187.93 1007.52 258.39 -1000 -1000 -1000 -10 -1 -1 -1
21 2163 Pedestrian -1 -1 -10 928.01 189.09 1022.65 257.87 -1000 -1000 -1000 -10 -1 -1 -1
22 2163 Pedestrian -1 -1 -10 944.90 187.51 1039.91 257.29 -1000 -1000 -1000 -10 -1 -1 -1
23 2163 Pedestrian -1 -1 -10 961.60 186.15 1056.69 256.92 -1000 -1000 -1000 -10 -1 -1 -1
24 2163 Pedestrian -1 -1 -10 973.58 179.61 1075.46 257.04 -1000 -1000 -1000 -10 -1 -1 -1
24 2170 Pedestrian -1 -1 -10 711.82 181.33 746.58 205.96 -1000 -1000 -1000 -10 -1 -1 -1
25 2163 Pedestrian -1 -1 -10 992.91 183.66 1087.71 256.41 -1000 -1000 -1000 -10 -1 -1 -1
25 2170 Pedestrian -1 -1 -10 718.44 181.79 752.31 205.81 -1000 -1000 -1000 -10 -1 -1 -1
26 2163 Pedestrian -1 -1 -10 1010.42 184.01 1103.03 255.95 -1000 -1000 -1000 -10 -1 -1 -1
26 2170 Pedestrian -1 -1 -10 722.48 181.48 756.95 205.98 -1000 -1000 -1000 -10 -1 -1 -1
27 2163 Pedestrian -1 -1 -10 1026.83 183.88 1117.27 254.64 -1000 -1000 -1000 -10 -1 -1 -1
27 2170 Pedestrian -1 -1 -10 725.99 181.03 762.08 206.81 -1000 -1000 -1000 -10 -1 -1 -1
28 2163 Pedestrian -1 -1 -10 1046.06 188.15 1130.84 254.21 -1000 -1000 -1000 -10 -1 -1 -1
28 2170 Pedestrian -1 -1 -10 729.88 181.04 765.38 206.42 -1000 -1000 -1000 -10 -1 -1 -1
29 2163 Pedestrian -1 -1 -10 1061.34 187.49 1146.56 254.01 -1000 -1000 -1000 -10 -1 -1 -1
29 2170 Pedestrian -1 -1 -10 733.07 181.21 768.31 206.53 -1000 -1000 -1000 -10 -1 -1 -1
30 2163 Pedestrian -1 -1 -10 1075.10 181.55 1164.18 251.84 -1000 -1000 -1000 -10 -1 -1 -1
30 2170 Pedestrian -1 -1 -10 736.18 181.20 770.16 205.73 -1000 -1000 -1000 -10 -1 -1 -1
36 2170 Pedestrian -1 -1 -10 746.80 182.42 775.94 203.14 -1000 -1000 -1000 -10 -1 -1 -1
37 2170 Pedestrian -1 -1 -10 749.88 182.87 776.90 201.93 -1000 -1000 -1000 -10 -1 -1 -1
38 2170 Pedestrian -1 -1 -10 751.09 183.22 777.53 201.66 -1000 -1000 -1000 -10 -1 -1 -1
39 2170 Pedestrian -1 -1 -10 751.45 183.52 777.84 201.72 -1000 -1000 -1000 -10 -1 -1 -1
40 2170 Pedestrian -1 -1 -10 751.71 184.07 776.73 201.19 -1000 -1000 -1000 -10 -1 -1 -1
