1 2171 Pedestrian -1 -1 -10 892.57 217.52 1245.62 372.15 -1000 -1000 -1000 -10 -1 -1 -1
2 2171 Pedestrian -1 -1 -10 914.07 221.92 1254.73 371.41 -1000 -1000 -1000 -10 -1 -1 -1
3 2171 Pedestrian -1 -1 -10 959.52 242.46 1254.57 372.26 -1000 -1000 -1000 -10 -1 -1 -1
7 2172 Pedestrian -1 -1 -10 756.30 163.27 774.47 216.36 -1000 -1000 -1000 -10 -1 -1 -1
8 2172 Pedestrian -1 -1 -10 759.29 168.57 775.62 216.21 -1000 -1000 -1000 -10 -1 -1 -1
9 2172 Pedestrian -1 -1 -10 763.56 169.78 779.41 215.86 -1000 -1000 -1000 -10 -1 -1 -1
10 2172 Pedestrian -1 -1 -10 765.86 164.33 784.11 217.23 -1000 -1000 -1000 -10 -1 -1 -1
11 2172 Pedestrian -1 -1 -10 772.41 159.38 793.04 218.87 -1000 -1000 -1000 -10 -1 -1 -1
16 2179 Pedestrian -1 -1 -10 814.30 171.18 837.80 236.59 -1000 -1000 -1000 -10 -1 -1 -1
17 2179 Pedestrian -1 -1 -10 822.57 169.34 848.49 241.28 -1000 -1000 -1000 -10 -1 -1 -1
18 2179 Pedestrian -1 -1 -10 835.54 167.51 863.16 244.00 -1000 -1000 -1000 -10 -1 -1 -1
19 2179 Pedestrian -1 -1 -10 849.50 168.91 877.12 245.09 -1000 -1000 -1000 -10 -1 -1 -1
20 2179 Pedestrian -1 -1 -10 863.97 162.44 894.66 247.11 -1000 -1000 -1000 -10 -1 -1 -1
21 2179 Pedestrian -1 -1 -10 880.22 157.64 913.20 248.38 -1000 -1000 -1000 -10 -1 -1 -1
22 2179 Pedestrian -1 -1 -10 899.36 154.75 935.35 253.44 -1000 -1000 -1000 -10 -1 -1 -1
23 2179 Pedestrian -1 -1 -10 918.24 154.14 957.94 262.32 -1000 -1000 -1000 -10 -1 -1 -1
24 2179 Pedestrian -1 -1 -10 939.43 157.28 982.50 273.47 -1000 -1000 -1000 -10 -1 -1 -1
25 2179 Pedestrian -1 -1 -10 965.37 159.33 1011.68 283.01 -1000 -1000 -1000 -10 -1 -1 -1
26 2179 Pedestrian -1 -1 -10 993.29 159.78 1043.73 291.79 -1000 -1000 -1000 -10 -1 -1 -1
29 2202 Pedestrian -1 -1 -10 1165.59 149.44 1237.40 327.97 -1000 -1000 -1000 -10 -1 -1 -1
43 2202 Pedestrian -1 -1 -10 1170.69 185.40 1211.87 274.32 -1000 -1000 -1000 -10 -1 -1 -1
64 2245 Pedestrian -1 -1 -10 801.43 165.06 832.90 251.44 -1000 -1000 -1000 -10 -1 -1 -1
65 2245 Pedestrian -1 -1 -10 807.37 166.54 839.28 253.60 -1000 -1000 -1000 -10 -1 -1 -1
66 2245 Pedestrian -1 -1 -10 816.33 164.67 850.50 257.05 -1000 -1000 -1000 -10 -1 -1 -1
68 2245 Pedestrian -1 -1 -10 833.24 162.00 871.46 265.42 -1000 -1000 -1000 -10 -1 -1 -1
69 2245 Pedestrian -1 -1 -10 847.16 162.48 887.38 270.74 -1000 -1000 -1000 -10 -1 -1 -1
70 2245 Pedestrian -1 -1 -10 864.58 162.24 908.29 278.07 -1000 -1000 -1000 -10 -1 -1 -1
71 2245 Pedestrian -1 -1 -10 882.48 164.54 929.25 285.97 -1000 -1000 -1000 -10 -1 -1 -1
72 2245 Pedestrian -1 -1 -10 901.50 162.63 952.95 293.48 -1000 -1000 -1000 -10 -1 -1 -1
72 2269 Pedestrian -1 -1 -10 963.67 164.50 993.98 260.86 -1000 -1000 -1000 -10 -1 -1 -1
72 2273 Pedestrian -1 -1 -10 762.96 166.92 789.58 251.02 -1000 -1000 -1000 -10 -1 -1 -1
73 2245 Pedestrian -1 -1 -10 921.19 160.93 977.87 301.77 -1000 -1000 -1000 -10 -1 -1 -1
73 2273 Pedestrian -1 -1 -10 766.19 164.93 794.21 253.32 -1000 -1000 -1000 -10 -1 -1 -1
74 2245 Pedestrian -1 -1 -10 951.26 157.32 1012.51 305.96 -1000 -1000 -1000 -10 -1 -1 -1
74 2273 Pedestrian -1 -1 -10 769.83 159.34 800.73 256.58 -1000 -1000 -1000 -10 -1 -1 -1
75 2245 Pedestrian -1 -1 -10 984.30 156.60 1051.53 317.89 -1000 -1000 -1000 -10 -1 -1 -1
75 2273 Pedestrian -1 -1 -10 775.70 159.54 807.97 260.21 -1000 -1000 -1000 -10 -1 -1 -1
76 2273 Pedestrian -1 -1 -10 785.98 163.55 819.65 268.70 -1000 -1000 -1000 -10 -1 -1 -1
77 2273 Pedestrian -1 -1 -10 797.03 160.58 833.97 275.88 -1000 -1000 -1000 -10 -1 -1 -1
78 2273 Pedestrian -1 -1 -10 806.38 156.90 847.20 284.59 -1000 -1000 -1000 -10 -1 -1 -1
78 2202 Pedestrian -1 -1 -10 1112.88 161.34 1173.80 302.12 -1000 -1000 -1000 -10 -1 -1 -1
79 2273 Pedestrian -1 -1 -10 818.02 158.26 861.59 293.94 -1000 -1000 -1000 -10 -1 -1 -1
79 2293 Pedestrian -1 -1 -10 1151.51 160.37 1229.83 326.38 -1000 -1000 -1000 -10 -1 -1 -1
79 2294 Pedestrian -1 -1 -10 792.68 191.99 817.25 261.39 -1000 -1000 -1000 -10 -1 -1 -1
80 2273 Pedestrian -1 -1 -10 833.41 157.67 880.76 304.25 -1000 -1000 -1000 -10 -1 -1 -1
81 2273 Pedestrian -1 -1 -10 847.94 155.33 899.31 315.79 -1000 -1000 -1000 -10 -1 -1 -1
82 2273 Pedestrian -1 -1 -10 868.75 152.49 924.64 326.91 -1000 -1000 -1000 -10 -1 -1 -1
83 2273 Pedestrian -1 -1 -10 891.27 148.59 952.76 340.86 -1000 -1000 -1000 -10 -1 -1 -1
84 2273 Pedestrian -1 -1 -10 917.82 143.04 986.87 358.63 -1000 -1000 -1000 -10 -1 -1 -1
84 2307 Pedestrian -1 -1 -10 11.13 166.30 71.56 318.28 -1000 -1000 -1000 -10 -1 -1 -1
85 2273 Pedestrian -1 -1 -10 953.59 141.84 1027.72 371.13 -1000 -1000 -1000 -10 -1 -1 -1
85 2311 Pedestrian -1 -1 -10 885.41 214.15 917.34 308.81 -1000 -1000 -1000 -10 -1 -1 -1
87 2293 Pedestrian -1 -1 -10 1091.30 135.28 1204.80 372.44 -1000 -1000 -1000 -10 -1 -1 -1
87 2273 Pedestrian -1 -1 -10 988.36 197.64 1041.88 354.00 -1000 -1000 -1000 -10 -1 -1 -1
88 2293 Pedestrian -1 -1 -10 1114.72 120.92 1233.79 374.61 -1000 -1000 -1000 -10 -1 -1 -1
89 2273 Pedestrian -1 -1 -10 1034.90 201.76 1095.08 372.34 -1000 -1000 -1000 -10 -1 -1 -1
90 2320 Pedestrian -1 -1 -10 623.46 167.78 652.37 223.29 -1000 -1000 -1000 -10 -1 -1 -1
91 2320 Pedestrian -1 -1 -10 626.47 171.12 653.28 222.71 -1000 -1000 -1000 -10 -1 -1 -1
91 2322 Pedestrian -1 -1 -10 463.26 149.37 559.58 223.01 -1000 -1000 -1000 -10 -1 -1 -1
94 2322 Pedestrian -1 -1 -10 445.47 151.17 548.16 229.73 -1000 -1000 -1000 -10 -1 -1 -1
95 2322 Pedestrian -1 -1 -10 437.03 150.53 543.37 231.87 -1000 -1000 -1000 -10 -1 -1 -1
95 2320 Pedestrian -1 -1 -10 640.18 175.52 663.65 220.45 -1000 -1000 -1000 -10 -1 -1 -1
96 2322 Pedestrian -1 -1 -10 430.05 149.55 539.84 233.47 -1000 -1000 -1000 -10 -1 -1 -1
96 2307 Pedestrian -1 -1 -10 5.81 159.63 79.70 341.98 -1000 -1000 -1000 -10 -1 -1 -1
97 2322 Pedestrian -1 -1 -10 424.51 148.19 537.60 234.63 -1000 -1000 -1000 -10 -1 -1 -1
98 2322 Pedestrian -1 -1 -10 417.21 147.52 533.06 235.83 -1000 -1000 -1000 -10 -1 -1 -1
98 2307 Pedestrian -1 -1 -10 20.85 167.07 87.68 322.08 -1000 -1000 -1000 -10 -1 -1 -1
99 2346 Pedestrian -1 -1 -10 356.56 180.68 412.89 216.50 -1000 -1000 -1000 -10 -1 -1 -1
99 2320 Pedestrian -1 -1 -10 650.25 174.41 678.13 226.90 -1000 -1000 -1000 -10 -1 -1 -1
100 2320 Pedestrian -1 -1 -10 653.53 174.38 681.99 228.23 -1000 -1000 -1000 -10 -1 -1 -1
100 2269 Pedestrian -1 -1 -10 959.59 164.99 984.40 240.18 -1000 -1000 -1000 -10 -1 -1 -1
101 2320 Pedestrian -1 -1 -10 657.48 175.55 685.09 228.39 -1000 -1000 -1000 -10 -1 -1 -1
101 2269 Pedestrian -1 -1 -10 966.06 164.67 993.06 244.31 -1000 -1000 -1000 -10 -1 -1 -1
101 2202 Pedestrian -1 -1 -10 1084.43 165.68 1124.67 256.19 -1000 -1000 -1000 -10 -1 -1 -1
101 2322 Pedestrian -1 -1 -10 390.09 141.89 520.11 240.69 -1000 -1000 -1000 -10 -1 -1 -1
103 2320 Pedestrian -1 -1 -10 663.50 171.01 692.05 226.15 -1000 -1000 -1000 -10 -1 -1 -1
103 2322 Pedestrian -1 -1 -10 367.88 136.41 508.45 243.07 -1000 -1000 -1000 -10 -1 -1 -1
104 2322 Pedestrian -1 -1 -10 358.16 135.81 502.21 244.79 -1000 -1000 -1000 -10 -1 -1 -1
105 2322 Pedestrian -1 -1 -10 347.55 136.60 496.63 248.74 -1000 -1000 -1000 -10 -1 -1 -1
105 2357 Pedestrian -1 -1 -10 1013.95 159.72 1049.47 248.30 -1000 -1000 -1000 -10 -1 -1 -1
105 2358 Pedestrian -1 -1 -10 303.65 179.39 355.29 221.26 -1000 -1000 -1000 -10 -1 -1 -1
105 2320 Pedestrian -1 -1 -10 670.11 171.52 698.17 225.86 -1000 -1000 -1000 -10 -1 -1 -1
106 2357 Pedestrian -1 -1 -10 1027.00 162.18 1063.73 253.67 -1000 -1000 -1000 -10 -1 -1 -1
106 2320 Pedestrian -1 -1 -10 674.00 174.67 700.63 226.69 -1000 -1000 -1000 -10 -1 -1 -1
107 2357 Pedestrian -1 -1 -10 1042.55 163.98 1080.98 259.79 -1000 -1000 -1000 -10 -1 -1 -1
107 2322 Pedestrian -1 -1 -10 320.94 133.12 483.18 254.39 -1000 -1000 -1000 -10 -1 -1 -1
108 2357 Pedestrian -1 -1 -10 1058.98 163.69 1098.48 262.71 -1000 -1000 -1000 -10 -1 -1 -1
108 2364 Pedestrian -1 -1 -10 484.56 173.65 506.30 232.12 -1000 -1000 -1000 -10 -1 -1 -1
108 2320 Pedestrian -1 -1 -10 679.12 174.06 707.99 232.24 -1000 -1000 -1000 -10 -1 -1 -1
109 2357 Pedestrian -1 -1 -10 1076.74 161.37 1118.08 265.38 -1000 -1000 -1000 -10 -1 -1 -1
110 2357 Pedestrian -1 -1 -10 1094.72 159.26 1138.08 268.91 -1000 -1000 -1000 -10 -1 -1 -1
110 2322 Pedestrian -1 -1 -10 269.67 122.70 463.80 266.71 -1000 -1000 -1000 -10 -1 -1 -1
110 2320 Pedestrian -1 -1 -10 683.49 172.59 710.42 228.55 -1000 -1000 -1000 -10 -1 -1 -1
111 2357 Pedestrian -1 -1 -10 1115.39 159.91 1160.07 272.78 -1000 -1000 -1000 -10 -1 -1 -1
112 2357 Pedestrian -1 -1 -10 1140.70 159.81 1185.60 272.45 -1000 -1000 -1000 -10 -1 -1 -1
112 2369 Pedestrian -1 -1 -10 465.13 173.14 489.36 238.30 -1000 -1000 -1000 -10 -1 -1 -1
112 2322 Pedestrian -1 -1 -10 229.65 119.68 442.74 275.38 -1000 -1000 -1000 -10 -1 -1 -1
113 2357 Pedestrian -1 -1 -10 1164.72 161.22 1212.36 281.20 -1000 -1000 -1000 -10 -1 -1 -1
113 2369 Pedestrian -1 -1 -10 460.17 173.07 485.82 242.11 -1000 -1000 -1000 -10 -1 -1 -1
113 2322 Pedestrian -1 -1 -10 203.70 118.36 432.15 283.18 -1000 -1000 -1000 -10 -1 -1 -1
114 2357 Pedestrian -1 -1 -10 1188.84 157.80 1239.77 287.22 -1000 -1000 -1000 -10 -1 -1 -1
114 2369 Pedestrian -1 -1 -10 453.09 174.83 480.05 247.52 -1000 -1000 -1000 -10 -1 -1 -1
114 2307 Pedestrian -1 -1 -10 43.98 164.25 82.17 249.69 -1000 -1000 -1000 -10 -1 -1 -1
115 2369 Pedestrian -1 -1 -10 446.36 177.60 473.45 250.71 -1000 -1000 -1000 -10 -1 -1 -1
115 2377 Pedestrian -1 -1 -10 10.69 154.36 50.12 252.06 -1000 -1000 -1000 -10 -1 -1 -1
115 2322 Pedestrian -1 -1 -10 146.36 113.07 404.89 295.97 -1000 -1000 -1000 -10 -1 -1 -1
116 2369 Pedestrian -1 -1 -10 438.57 176.65 466.81 252.88 -1000 -1000 -1000 -10 -1 -1 -1
116 2322 Pedestrian -1 -1 -10 110.68 106.48 393.14 302.96 -1000 -1000 -1000 -10 -1 -1 -1
117 2369 Pedestrian -1 -1 -10 429.77 177.97 458.29 254.61 -1000 -1000 -1000 -10 -1 -1 -1
117 2322 Pedestrian -1 -1 -10 69.62 100.12 378.65 311.46 -1000 -1000 -1000 -10 -1 -1 -1
118 2369 Pedestrian -1 -1 -10 419.47 179.10 449.01 258.06 -1000 -1000 -1000 -10 -1 -1 -1
118 2322 Pedestrian -1 -1 -10 30.15 91.94 365.55 318.62 -1000 -1000 -1000 -10 -1 -1 -1
119 2369 Pedestrian -1 -1 -10 407.86 176.89 440.07 262.41 -1000 -1000 -1000 -10 -1 -1 -1
119 2322 Pedestrian -1 -1 -10 0.95 85.72 364.34 332.38 -1000 -1000 -1000 -10 -1 -1 -1
120 2369 Pedestrian -1 -1 -10 394.42 177.88 428.93 268.86 -1000 -1000 -1000 -10 -1 -1 -1
120 2322 Pedestrian -1 -1 -10 -21.71 79.43 366.01 346.56 -1000 -1000 -1000 -10 -1 -1 -1
121 2369 Pedestrian -1 -1 -10 380.12 179.22 416.99 275.12 -1000 -1000 -1000 -10 -1 -1 -1
122 2369 Pedestrian -1 -1 -10 364.05 181.35 402.98 281.72 -1000 -1000 -1000 -10 -1 -1 -1
122 2322 Pedestrian -1 -1 -10 -48.50 76.53 350.19 359.45 -1000 -1000 -1000 -10 -1 -1 -1
123 2369 Pedestrian -1 -1 -10 346.94 182.95 387.72 287.20 -1000 -1000 -1000 -10 -1 -1 -1
123 2381 Pedestrian -1 -1 -10 684.32 183.16 705.33 238.24 -1000 -1000 -1000 -10 -1 -1 -1
124 2369 Pedestrian -1 -1 -10 330.43 183.28 373.87 293.40 -1000 -1000 -1000 -10 -1 -1 -1
124 2381 Pedestrian -1 -1 -10 680.03 172.66 705.60 239.69 -1000 -1000 -1000 -10 -1 -1 -1
125 2369 Pedestrian -1 -1 -10 312.74 182.60 359.63 299.78 -1000 -1000 -1000 -10 -1 -1 -1
125 2381 Pedestrian -1 -1 -10 679.91 180.23 703.16 240.95 -1000 -1000 -1000 -10 -1 -1 -1
125 2322 Pedestrian -1 -1 -10 -81.39 72.49 305.84 363.52 -1000 -1000 -1000 -10 -1 -1 -1
126 2369 Pedestrian -1 -1 -10 292.95 182.61 344.27 308.39 -1000 -1000 -1000 -10 -1 -1 -1
126 2322 Pedestrian -1 -1 -10 -83.39 75.30 277.11 362.98 -1000 -1000 -1000 -10 -1 -1 -1
127 2369 Pedestrian -1 -1 -10 266.01 184.22 321.87 320.31 -1000 -1000 -1000 -10 -1 -1 -1
127 2322 Pedestrian -1 -1 -10 -86.92 86.60 242.69 367.67 -1000 -1000 -1000 -10 -1 -1 -1
128 2369 Pedestrian -1 -1 -10 234.16 184.86 295.42 332.03 -1000 -1000 -1000 -10 -1 -1 -1
129 2369 Pedestrian -1 -1 -10 197.01 184.34 265.66 347.82 -1000 -1000 -1000 -10 -1 -1 -1
129 2377 Pedestrian -1 -1 -10 9.80 184.24 39.05 249.42 -1000 -1000 -1000 -10 -1 -1 -1
130 2369 Pedestrian -1 -1 -10 151.74 185.51 228.26 366.72 -1000 -1000 -1000 -10 -1 -1 -1
131 2369 Pedestrian -1 -1 -10 100.96 189.05 181.02 374.66 -1000 -1000 -1000 -10 -1 -1 -1
134 2387 Pedestrian -1 -1 -10 109.28 184.56 206.39 271.19 -1000 -1000 -1000 -10 -1 -1 -1
135 2387 Pedestrian -1 -1 -10 85.76 189.12 184.55 277.14 -1000 -1000 -1000 -10 -1 -1 -1
135 2381 Pedestrian -1 -1 -10 664.42 176.76 692.42 251.33 -1000 -1000 -1000 -10 -1 -1 -1
136 2387 Pedestrian -1 -1 -10 58.12 200.66 153.96 285.71 -1000 -1000 -1000 -10 -1 -1 -1
136 2381 Pedestrian -1 -1 -10 665.08 183.43 690.92 252.59 -1000 -1000 -1000 -10 -1 -1 -1
137 2387 Pedestrian -1 -1 -10 27.29 207.62 123.22 292.12 -1000 -1000 -1000 -10 -1 -1 -1
139 2381 Pedestrian -1 -1 -10 666.01 184.53 691.69 253.85 -1000 -1000 -1000 -10 -1 -1 -1
140 2381 Pedestrian -1 -1 -10 668.22 186.76 693.21 254.46 -1000 -1000 -1000 -10 -1 -1 -1
141 2381 Pedestrian -1 -1 -10 669.64 177.50 697.74 253.86 -1000 -1000 -1000 -10 -1 -1 -1
148 2394 Pedestrian -1 -1 -10 706.55 175.67 735.21 260.56 -1000 -1000 -1000 -10 -1 -1 -1
149 2394 Pedestrian -1 -1 -10 715.97 195.65 738.70 262.59 -1000 -1000 -1000 -10 -1 -1 -1
153 2399 Pedestrian -1 -1 -10 1155.63 207.62 1220.99 305.12 -1000 -1000 -1000 -10 -1 -1 -1
161 2407 Pedestrian -1 -1 -10 911.82 250.01 1145.10 371.77 -1000 -1000 -1000 -10 -1 -1 -1
161 2408 Pedestrian -1 -1 -10 860.97 202.68 925.68 267.22 -1000 -1000 -1000 -10 -1 -1 -1
162 2408 Pedestrian -1 -1 -10 877.08 205.74 944.67 273.26 -1000 -1000 -1000 -10 -1 -1 -1
163 2399 Pedestrian -1 -1 -10 1151.10 178.26 1219.41 282.54 -1000 -1000 -1000 -10 -1 -1 -1
164 2399 Pedestrian -1 -1 -10 1167.05 177.15 1237.13 285.07 -1000 -1000 -1000 -10 -1 -1 -1
165 2399 Pedestrian -1 -1 -10 1181.31 175.55 1248.03 281.43 -1000 -1000 -1000 -10 -1 -1 -1
179 2422 Pedestrian -1 -1 -10 1151.45 205.71 1220.85 277.20 -1000 -1000 -1000 -10 -1 -1 -1
180 2423 Pedestrian -1 -1 -10 772.35 181.25 806.69 249.46 -1000 -1000 -1000 -10 -1 -1 -1
181 2423 Pedestrian -1 -1 -10 766.69 181.47 802.13 251.62 -1000 -1000 -1000 -10 -1 -1 -1
181 2422 Pedestrian -1 -1 -10 1151.24 208.62 1213.30 270.79 -1000 -1000 -1000 -10 -1 -1 -1
182 2424 Pedestrian -1 -1 -10 993.99 0.00 1042.60 39.09 -1000 -1000 -1000 -10 -1 -1 -1
182 2422 Pedestrian -1 -1 -10 1147.01 207.83 1212.99 271.78 -1000 -1000 -1000 -10 -1 -1 -1
183 2422 Pedestrian -1 -1 -10 1144.03 207.05 1213.45 271.86 -1000 -1000 -1000 -10 -1 -1 -1
184 2422 Pedestrian -1 -1 -10 1141.32 206.20 1214.34 271.65 -1000 -1000 -1000 -10 -1 -1 -1
185 2422 Pedestrian -1 -1 -10 1141.81 206.95 1216.51 271.22 -1000 -1000 -1000 -10 -1 -1 -1
186 2422 Pedestrian -1 -1 -10 1143.88 207.41 1221.62 272.24 -1000 -1000 -1000 -10 -1 -1 -1
222 2423 Pedestrian -1 -1 -10 733.85 166.72 783.89 269.86 -1000 -1000 -1000 -10 -1 -1 -1
224 2430 Pedestrian -1 -1 -10 747.35 212.63 794.53 283.12 -1000 -1000 -1000 -10 -1 -1 -1
225 2430 Pedestrian -1 -1 -10 756.11 212.75 806.03 287.30 -1000 -1000 -1000 -10 -1 -1 -1
227 2430 Pedestrian -1 -1 -10 775.92 222.30 828.19 300.08 -1000 -1000 -1000 -10 -1 -1 -1
228 2435 Pedestrian -1 -1 -10 798.73 182.28 843.74 309.11 -1000 -1000 -1000 -10 -1 -1 -1
228 2430 Pedestrian -1 -1 -10 785.65 223.06 846.48 312.97 -1000 -1000 -1000 -10 -1 -1 -1
229 2435 Pedestrian -1 -1 -10 809.49 186.10 858.12 322.35 -1000 -1000 -1000 -10 -1 -1 -1
229 2430 Pedestrian -1 -1 -10 795.48 224.35 864.28 325.77 -1000 -1000 -1000 -10 -1 -1 -1
229 2437 Pedestrian -1 -1 -10 912.26 159.53 992.60 327.01 -1000 -1000 -1000 -10 -1 -1 -1
230 2435 Pedestrian -1 -1 -10 827.00 187.19 879.24 332.47 -1000 -1000 -1000 -10 -1 -1 -1
230 2430 Pedestrian -1 -1 -10 806.40 231.21 879.39 338.39 -1000 -1000 -1000 -10 -1 -1 -1
230 2437 Pedestrian -1 -1 -10 924.38 159.98 1009.86 337.46 -1000 -1000 -1000 -10 -1 -1 -1
230 2407 Pedestrian -1 -1 -10 837.91 229.02 1067.75 370.30 -1000 -1000 -1000 -10 -1 -1 -1
231 2435 Pedestrian -1 -1 -10 842.96 184.79 903.58 352.15 -1000 -1000 -1000 -10 -1 -1 -1
231 2430 Pedestrian -1 -1 -10 819.69 229.82 905.85 356.83 -1000 -1000 -1000 -10 -1 -1 -1
231 2437 Pedestrian -1 -1 -10 953.68 159.73 1045.02 349.35 -1000 -1000 -1000 -10 -1 -1 -1
231 2407 Pedestrian -1 -1 -10 863.05 229.16 1072.00 372.10 -1000 -1000 -1000 -10 -1 -1 -1
232 2435 Pedestrian -1 -1 -10 863.83 183.14 930.95 368.46 -1000 -1000 -1000 -10 -1 -1 -1
232 2430 Pedestrian -1 -1 -10 834.82 238.76 924.53 369.71 -1000 -1000 -1000 -10 -1 -1 -1
232 2437 Pedestrian -1 -1 -10 981.12 160.49 1079.57 363.80 -1000 -1000 -1000 -10 -1 -1 -1
232 2407 Pedestrian -1 -1 -10 895.30 237.54 1081.38 373.37 -1000 -1000 -1000 -10 -1 -1 -1
233 2435 Pedestrian -1 -1 -10 884.83 186.53 955.07 376.88 -1000 -1000 -1000 -10 -1 -1 -1
233 2430 Pedestrian -1 -1 -10 855.48 247.10 945.73 376.43 -1000 -1000 -1000 -10 -1 -1 -1
233 2437 Pedestrian -1 -1 -10 1007.80 157.67 1113.40 371.89 -1000 -1000 -1000 -10 -1 -1 -1
233 2407 Pedestrian -1 -1 -10 930.70 244.08 1102.96 374.08 -1000 -1000 -1000 -10 -1 -1 -1
234 2435 Pedestrian -1 -1 -10 911.30 191.10 983.67 379.64 -1000 -1000 -1000 -10 -1 -1 -1
234 2430 Pedestrian -1 -1 -10 883.73 257.61 972.47 378.49 -1000 -1000 -1000 -10 -1 -1 -1
234 2437 Pedestrian -1 -1 -10 1048.14 156.75 1159.02 376.23 -1000 -1000 -1000 -10 -1 -1 -1
235 2437 Pedestrian -1 -1 -10 1099.47 156.43 1213.20 377.93 -1000 -1000 -1000 -10 -1 -1 -1
235 2407 Pedestrian -1 -1 -10 904.11 205.26 1112.27 373.96 -1000 -1000 -1000 -10 -1 -1 -1
236 2437 Pedestrian -1 -1 -10 1139.69 152.13 1253.26 377.91 -1000 -1000 -1000 -10 -1 -1 -1
236 2407 Pedestrian -1 -1 -10 942.90 198.64 1149.64 373.94 -1000 -1000 -1000 -10 -1 -1 -1
237 2437 Pedestrian -1 -1 -10 1134.08 179.20 1235.60 369.68 -1000 -1000 -1000 -10 -1 -1 -1
237 2443 Pedestrian -1 -1 -10 553.54 173.47 574.19 230.45 -1000 -1000 -1000 -10 -1 -1 -1
238 2443 Pedestrian -1 -1 -10 545.28 172.54 566.83 231.80 -1000 -1000 -1000 -10 -1 -1 -1
239 2443 Pedestrian -1 -1 -10 538.34 171.69 560.29 231.85 -1000 -1000 -1000 -10 -1 -1 -1
239 2444 Pedestrian -1 -1 -10 931.79 12.19 1241.21 273.99 -1000 -1000 -1000 -10 -1 -1 -1
239 2445 Pedestrian -1 -1 -10 730.82 172.85 746.06 215.72 -1000 -1000 -1000 -10 -1 -1 -1
240 2443 Pedestrian -1 -1 -10 526.34 170.69 549.73 234.78 -1000 -1000 -1000 -10 -1 -1 -1
240 2444 Pedestrian -1 -1 -10 932.34 8.96 1243.44 272.29 -1000 -1000 -1000 -10 -1 -1 -1
240 2445 Pedestrian -1 -1 -10 728.62 167.31 745.79 215.63 -1000 -1000 -1000 -10 -1 -1 -1
241 2443 Pedestrian -1 -1 -10 518.09 172.62 542.11 238.18 -1000 -1000 -1000 -10 -1 -1 -1
241 2444 Pedestrian -1 -1 -10 932.05 3.61 1248.72 272.08 -1000 -1000 -1000 -10 -1 -1 -1
242 2443 Pedestrian -1 -1 -10 503.81 168.50 530.96 241.71 -1000 -1000 -1000 -10 -1 -1 -1
242 2444 Pedestrian -1 -1 -10 933.34 1.60 1256.76 276.91 -1000 -1000 -1000 -10 -1 -1 -1
243 2443 Pedestrian -1 -1 -10 491.12 166.91 519.67 243.82 -1000 -1000 -1000 -10 -1 -1 -1
243 2454 Pedestrian -1 -1 -10 740.98 163.95 759.31 220.21 -1000 -1000 -1000 -10 -1 -1 -1
244 2443 Pedestrian -1 -1 -10 478.59 167.01 507.35 244.15 -1000 -1000 -1000 -10 -1 -1 -1
244 2444 Pedestrian -1 -1 -10 950.03 3.13 1260.26 269.00 -1000 -1000 -1000 -10 -1 -1 -1
245 2443 Pedestrian -1 -1 -10 466.04 167.02 496.38 248.09 -1000 -1000 -1000 -10 -1 -1 -1
245 2461 Pedestrian -1 -1 -10 714.32 168.45 731.84 223.89 -1000 -1000 -1000 -10 -1 -1 -1
245 2445 Pedestrian -1 -1 -10 730.47 165.62 750.92 223.46 -1000 -1000 -1000 -10 -1 -1 -1
246 2443 Pedestrian -1 -1 -10 453.47 168.35 485.55 253.43 -1000 -1000 -1000 -10 -1 -1 -1
246 2461 Pedestrian -1 -1 -10 712.37 168.27 730.47 225.61 -1000 -1000 -1000 -10 -1 -1 -1
246 2445 Pedestrian -1 -1 -10 730.51 167.70 750.60 224.56 -1000 -1000 -1000 -10 -1 -1 -1
247 2443 Pedestrian -1 -1 -10 441.53 169.73 473.87 254.68 -1000 -1000 -1000 -10 -1 -1 -1
247 2461 Pedestrian -1 -1 -10 712.79 166.58 731.65 226.54 -1000 -1000 -1000 -10 -1 -1 -1
247 2445 Pedestrian -1 -1 -10 728.77 167.68 749.47 225.97 -1000 -1000 -1000 -10 -1 -1 -1
248 2443 Pedestrian -1 -1 -10 428.61 168.03 463.53 259.63 -1000 -1000 -1000 -10 -1 -1 -1
248 2445 Pedestrian -1 -1 -10 727.75 169.30 748.74 227.98 -1000 -1000 -1000 -10 -1 -1 -1
249 2443 Pedestrian -1 -1 -10 413.67 169.39 449.77 263.65 -1000 -1000 -1000 -10 -1 -1 -1
249 2468 Pedestrian -1 -1 -10 456.93 173.07 484.23 248.54 -1000 -1000 -1000 -10 -1 -1 -1
250 2443 Pedestrian -1 -1 -10 396.34 168.65 434.93 269.60 -1000 -1000 -1000 -10 -1 -1 -1
250 2468 Pedestrian -1 -1 -10 447.40 168.58 477.61 252.04 -1000 -1000 -1000 -10 -1 -1 -1
250 2445 Pedestrian -1 -1 -10 725.47 169.58 747.47 230.75 -1000 -1000 -1000 -10 -1 -1 -1
251 2443 Pedestrian -1 -1 -10 377.46 167.42 418.71 275.76 -1000 -1000 -1000 -10 -1 -1 -1
251 2468 Pedestrian -1 -1 -10 438.66 173.75 468.41 255.87 -1000 -1000 -1000 -10 -1 -1 -1
251 2445 Pedestrian -1 -1 -10 723.70 169.81 746.82 233.81 -1000 -1000 -1000 -10 -1 -1 -1
252 2443 Pedestrian -1 -1 -10 359.39 167.63 403.57 283.93 -1000 -1000 -1000 -10 -1 -1 -1
252 2468 Pedestrian -1 -1 -10 429.01 176.59 459.67 261.14 -1000 -1000 -1000 -10 -1 -1 -1
252 2445 Pedestrian -1 -1 -10 724.17 171.99 747.92 237.95 -1000 -1000 -1000 -10 -1 -1 -1
252 2461 Pedestrian -1 -1 -10 707.93 173.56 728.51 239.03 -1000 -1000 -1000 -10 -1 -1 -1
253 2443 Pedestrian -1 -1 -10 339.16 166.74 386.80 292.28 -1000 -1000 -1000 -10 -1 -1 -1
253 2468 Pedestrian -1 -1 -10 420.18 177.52 452.42 266.21 -1000 -1000 -1000 -10 -1 -1 -1
253 2445 Pedestrian -1 -1 -10 726.77 171.15 752.15 241.53 -1000 -1000 -1000 -10 -1 -1 -1
253 2461 Pedestrian -1 -1 -10 708.66 171.45 730.77 241.56 -1000 -1000 -1000 -10 -1 -1 -1
254 2443 Pedestrian -1 -1 -10 314.85 167.89 366.58 302.16 -1000 -1000 -1000 -10 -1 -1 -1
254 2468 Pedestrian -1 -1 -10 409.72 175.77 444.86 272.16 -1000 -1000 -1000 -10 -1 -1 -1
254 2445 Pedestrian -1 -1 -10 731.58 171.56 758.12 245.24 -1000 -1000 -1000 -10 -1 -1 -1
254 2461 Pedestrian -1 -1 -10 710.91 171.86 733.87 244.08 -1000 -1000 -1000 -10 -1 -1 -1
254 2471 Pedestrian -1 -1 -10 455.32 181.67 478.25 245.43 -1000 -1000 -1000 -10 -1 -1 -1
255 2443 Pedestrian -1 -1 -10 292.05 169.08 348.85 314.23 -1000 -1000 -1000 -10 -1 -1 -1
255 2468 Pedestrian -1 -1 -10 399.99 174.55 438.30 278.75 -1000 -1000 -1000 -10 -1 -1 -1
255 2445 Pedestrian -1 -1 -10 737.06 170.99 764.49 247.56 -1000 -1000 -1000 -10 -1 -1 -1
255 2461 Pedestrian -1 -1 -10 715.88 168.22 741.18 247.64 -1000 -1000 -1000 -10 -1 -1 -1
255 2471 Pedestrian -1 -1 -10 450.67 183.45 473.69 247.43 -1000 -1000 -1000 -10 -1 -1 -1
256 2443 Pedestrian -1 -1 -10 268.86 171.59 330.63 327.10 -1000 -1000 -1000 -10 -1 -1 -1
256 2468 Pedestrian -1 -1 -10 387.32 178.27 427.01 285.69 -1000 -1000 -1000 -10 -1 -1 -1
256 2445 Pedestrian -1 -1 -10 744.21 171.26 772.25 249.48 -1000 -1000 -1000 -10 -1 -1 -1
256 2461 Pedestrian -1 -1 -10 720.71 167.49 747.24 250.57 -1000 -1000 -1000 -10 -1 -1 -1
256 2471 Pedestrian -1 -1 -10 443.94 180.93 468.24 248.45 -1000 -1000 -1000 -10 -1 -1 -1
256 2473 Pedestrian -1 -1 -10 335.00 176.15 369.29 280.88 -1000 -1000 -1000 -10 -1 -1 -1
257 2443 Pedestrian -1 -1 -10 241.39 171.23 310.18 342.86 -1000 -1000 -1000 -10 -1 -1 -1
257 2468 Pedestrian -1 -1 -10 371.63 180.08 413.91 293.52 -1000 -1000 -1000 -10 -1 -1 -1
257 2445 Pedestrian -1 -1 -10 751.76 171.03 781.43 254.19 -1000 -1000 -1000 -10 -1 -1 -1
257 2461 Pedestrian -1 -1 -10 727.80 168.10 755.15 254.53 -1000 -1000 -1000 -10 -1 -1 -1
257 2471 Pedestrian -1 -1 -10 438.61 184.24 462.47 250.63 -1000 -1000 -1000 -10 -1 -1 -1
257 2473 Pedestrian -1 -1 -10 326.03 176.19 361.75 285.74 -1000 -1000 -1000 -10 -1 -1 -1
258 2443 Pedestrian -1 -1 -10 207.08 169.28 282.70 357.99 -1000 -1000 -1000 -10 -1 -1 -1
258 2468 Pedestrian -1 -1 -10 357.89 177.98 403.84 301.75 -1000 -1000 -1000 -10 -1 -1 -1
258 2445 Pedestrian -1 -1 -10 761.55 170.21 792.56 257.74 -1000 -1000 -1000 -10 -1 -1 -1
258 2461 Pedestrian -1 -1 -10 735.70 169.66 763.61 258.63 -1000 -1000 -1000 -10 -1 -1 -1
258 2471 Pedestrian -1 -1 -10 434.55 186.63 459.05 254.97 -1000 -1000 -1000 -10 -1 -1 -1
258 2473 Pedestrian -1 -1 -10 311.70 177.72 349.71 294.69 -1000 -1000 -1000 -10 -1 -1 -1
259 2443 Pedestrian -1 -1 -10 165.08 164.73 247.11 369.76 -1000 -1000 -1000 -10 -1 -1 -1
259 2468 Pedestrian -1 -1 -10 343.27 178.66 392.49 310.58 -1000 -1000 -1000 -10 -1 -1 -1
259 2445 Pedestrian -1 -1 -10 773.92 168.05 806.23 260.21 -1000 -1000 -1000 -10 -1 -1 -1
259 2461 Pedestrian -1 -1 -10 745.90 167.30 775.48 261.60 -1000 -1000 -1000 -10 -1 -1 -1
259 2471 Pedestrian -1 -1 -10 429.46 185.54 455.43 258.08 -1000 -1000 -1000 -10 -1 -1 -1
259 2473 Pedestrian -1 -1 -10 298.76 178.11 339.18 303.27 -1000 -1000 -1000 -10 -1 -1 -1
259 2475 Pedestrian -1 -1 -10 388.24 183.92 421.27 270.28 -1000 -1000 -1000 -10 -1 -1 -1
260 2443 Pedestrian -1 -1 -10 113.88 163.38 198.99 374.96 -1000 -1000 -1000 -10 -1 -1 -1
260 2468 Pedestrian -1 -1 -10 325.12 177.36 378.87 320.74 -1000 -1000 -1000 -10 -1 -1 -1
260 2445 Pedestrian -1 -1 -10 768.10 164.30 802.29 263.07 -1000 -1000 -1000 -10 -1 -1 -1
260 2471 Pedestrian -1 -1 -10 425.77 183.80 453.12 260.24 -1000 -1000 -1000 -10 -1 -1 -1
260 2473 Pedestrian -1 -1 -10 284.09 175.68 327.16 310.11 -1000 -1000 -1000 -10 -1 -1 -1
260 2475 Pedestrian -1 -1 -10 379.75 179.16 416.80 275.92 -1000 -1000 -1000 -10 -1 -1 -1
261 2468 Pedestrian -1 -1 -10 307.05 174.86 365.65 331.77 -1000 -1000 -1000 -10 -1 -1 -1
261 2445 Pedestrian -1 -1 -10 772.41 159.25 809.39 266.68 -1000 -1000 -1000 -10 -1 -1 -1
261 2471 Pedestrian -1 -1 -10 422.98 181.37 451.89 262.16 -1000 -1000 -1000 -10 -1 -1 -1
261 2473 Pedestrian -1 -1 -10 267.98 174.01 313.42 317.17 -1000 -1000 -1000 -10 -1 -1 -1
261 2475 Pedestrian -1 -1 -10 373.85 177.16 414.15 282.53 -1000 -1000 -1000 -10 -1 -1 -1
262 2468 Pedestrian -1 -1 -10 282.82 173.72 347.75 348.30 -1000 -1000 -1000 -10 -1 -1 -1
262 2445 Pedestrian -1 -1 -10 786.67 158.52 825.53 271.00 -1000 -1000 -1000 -10 -1 -1 -1
262 2471 Pedestrian -1 -1 -10 419.36 179.36 449.52 264.24 -1000 -1000 -1000 -10 -1 -1 -1
262 2473 Pedestrian -1 -1 -10 247.58 171.87 296.16 326.61 -1000 -1000 -1000 -10 -1 -1 -1
262 2475 Pedestrian -1 -1 -10 369.69 177.72 413.25 291.47 -1000 -1000 -1000 -10 -1 -1 -1
263 2468 Pedestrian -1 -1 -10 254.27 172.30 326.35 366.44 -1000 -1000 -1000 -10 -1 -1 -1
263 2445 Pedestrian -1 -1 -10 804.00 159.47 845.25 276.85 -1000 -1000 -1000 -10 -1 -1 -1
263 2471 Pedestrian -1 -1 -10 415.67 179.54 446.79 267.34 -1000 -1000 -1000 -10 -1 -1 -1
263 2475 Pedestrian -1 -1 -10 358.64 177.41 406.47 301.45 -1000 -1000 -1000 -10 -1 -1 -1
264 2471 Pedestrian -1 -1 -10 411.23 179.02 443.79 270.64 -1000 -1000 -1000 -10 -1 -1 -1
264 2475 Pedestrian -1 -1 -10 348.87 175.32 400.92 309.14 -1000 -1000 -1000 -10 -1 -1 -1
264 2473 Pedestrian -1 -1 -10 209.97 170.82 272.18 366.00 -1000 -1000 -1000 -10 -1 -1 -1
265 2471 Pedestrian -1 -1 -10 405.75 179.21 440.12 275.29 -1000 -1000 -1000 -10 -1 -1 -1
265 2475 Pedestrian -1 -1 -10 334.67 173.61 392.03 320.03 -1000 -1000 -1000 -10 -1 -1 -1
265 2485 Pedestrian -1 -1 -10 849.29 158.48 901.57 293.09 -1000 -1000 -1000 -10 -1 -1 -1
265 2486 Pedestrian -1 -1 -10 895.41 160.62 957.85 294.12 -1000 -1000 -1000 -10 -1 -1 -1
265 2473 Pedestrian -1 -1 -10 167.78 167.25 235.05 373.93 -1000 -1000 -1000 -10 -1 -1 -1
265 2468 Pedestrian -1 -1 -10 228.32 213.50 279.41 346.72 -1000 -1000 -1000 -10 -1 -1 -1
266 2471 Pedestrian -1 -1 -10 401.39 180.14 436.82 278.32 -1000 -1000 -1000 -10 -1 -1 -1
266 2475 Pedestrian -1 -1 -10 315.53 175.00 379.12 336.21 -1000 -1000 -1000 -10 -1 -1 -1
266 2486 Pedestrian -1 -1 -10 879.89 153.92 948.64 301.48 -1000 -1000 -1000 -10 -1 -1 -1
266 2487 Pedestrian -1 -1 -10 77.50 166.43 152.28 373.03 -1000 -1000 -1000 -10 -1 -1 -1
267 2471 Pedestrian -1 -1 -10 394.91 179.01 432.02 279.97 -1000 -1000 -1000 -10 -1 -1 -1
267 2475 Pedestrian -1 -1 -10 292.20 177.06 362.00 352.95 -1000 -1000 -1000 -10 -1 -1 -1
267 2486 Pedestrian -1 -1 -10 896.51 150.51 970.81 311.06 -1000 -1000 -1000 -10 -1 -1 -1
267 2487 Pedestrian -1 -1 -10 60.30 165.41 135.32 372.56 -1000 -1000 -1000 -10 -1 -1 -1
267 2443 Pedestrian -1 -1 -10 -6.72 166.37 74.89 373.96 -1000 -1000 -1000 -10 -1 -1 -1
267 2473 Pedestrian -1 -1 -10 136.58 222.88 194.20 374.45 -1000 -1000 -1000 -10 -1 -1 -1
268 2471 Pedestrian -1 -1 -10 385.63 177.01 424.81 283.24 -1000 -1000 -1000 -10 -1 -1 -1
268 2475 Pedestrian -1 -1 -10 262.49 176.08 339.69 369.52 -1000 -1000 -1000 -10 -1 -1 -1
268 2486 Pedestrian -1 -1 -10 925.18 146.69 1006.92 324.76 -1000 -1000 -1000 -10 -1 -1 -1
268 2487 Pedestrian -1 -1 -10 75.30 231.32 130.45 373.58 -1000 -1000 -1000 -10 -1 -1 -1
268 2443 Pedestrian -1 -1 -10 -15.56 162.54 63.59 373.35 -1000 -1000 -1000 -10 -1 -1 -1
269 2471 Pedestrian -1 -1 -10 376.86 178.51 417.34 287.33 -1000 -1000 -1000 -10 -1 -1 -1
269 2475 Pedestrian -1 -1 -10 225.08 174.31 307.15 375.39 -1000 -1000 -1000 -10 -1 -1 -1
269 2486 Pedestrian -1 -1 -10 960.96 142.79 1052.24 343.55 -1000 -1000 -1000 -10 -1 -1 -1
269 2487 Pedestrian -1 -1 -10 53.07 256.22 102.47 373.69 -1000 -1000 -1000 -10 -1 -1 -1
270 2471 Pedestrian -1 -1 -10 367.23 179.57 410.00 294.23 -1000 -1000 -1000 -10 -1 -1 -1
270 2475 Pedestrian -1 -1 -10 168.54 174.15 256.42 378.18 -1000 -1000 -1000 -10 -1 -1 -1
270 2486 Pedestrian -1 -1 -10 1003.09 141.52 1104.72 367.07 -1000 -1000 -1000 -10 -1 -1 -1
271 2471 Pedestrian -1 -1 -10 355.41 177.44 401.06 300.41 -1000 -1000 -1000 -10 -1 -1 -1
271 2492 Pedestrian -1 -1 -10 1087.13 139.80 1215.65 372.74 -1000 -1000 -1000 -10 -1 -1 -1
271 2493 Pedestrian -1 -1 -10 444.98 173.27 464.10 228.75 -1000 -1000 -1000 -10 -1 -1 -1
271 2468 Pedestrian -1 -1 -10 130.54 223.29 190.01 374.71 -1000 -1000 -1000 -10 -1 -1 -1
272 2471 Pedestrian -1 -1 -10 344.16 176.91 392.34 306.54 -1000 -1000 -1000 -10 -1 -1 -1
272 2493 Pedestrian -1 -1 -10 445.24 176.22 464.09 230.90 -1000 -1000 -1000 -10 -1 -1 -1
272 2495 Pedestrian -1 -1 -10 -25.75 172.96 143.48 372.94 -1000 -1000 -1000 -10 -1 -1 -1
273 2471 Pedestrian -1 -1 -10 331.48 176.61 382.93 314.14 -1000 -1000 -1000 -10 -1 -1 -1
273 2493 Pedestrian -1 -1 -10 444.24 178.67 464.12 236.38 -1000 -1000 -1000 -10 -1 -1 -1
274 2471 Pedestrian -1 -1 -10 317.85 181.24 372.39 325.48 -1000 -1000 -1000 -10 -1 -1 -1
274 2493 Pedestrian -1 -1 -10 443.66 181.64 463.84 240.45 -1000 -1000 -1000 -10 -1 -1 -1
274 2497 Pedestrian -1 -1 -10 421.84 180.38 441.03 238.58 -1000 -1000 -1000 -10 -1 -1 -1
275 2471 Pedestrian -1 -1 -10 304.27 183.79 362.84 337.81 -1000 -1000 -1000 -10 -1 -1 -1
275 2493 Pedestrian -1 -1 -10 441.80 184.16 462.24 243.78 -1000 -1000 -1000 -10 -1 -1 -1
275 2497 Pedestrian -1 -1 -10 420.08 182.15 440.17 242.97 -1000 -1000 -1000 -10 -1 -1 -1
275 2495 Pedestrian -1 -1 -10 37.35 252.79 143.32 374.10 -1000 -1000 -1000 -10 -1 -1 -1
276 2471 Pedestrian -1 -1 -10 286.82 184.32 349.53 347.45 -1000 -1000 -1000 -10 -1 -1 -1
276 2493 Pedestrian -1 -1 -10 439.14 183.17 460.60 245.96 -1000 -1000 -1000 -10 -1 -1 -1
276 2497 Pedestrian -1 -1 -10 417.67 179.58 439.49 245.62 -1000 -1000 -1000 -10 -1 -1 -1
277 2471 Pedestrian -1 -1 -10 264.74 182.22 332.47 355.37 -1000 -1000 -1000 -10 -1 -1 -1
277 2493 Pedestrian -1 -1 -10 437.24 182.48 459.41 247.29 -1000 -1000 -1000 -10 -1 -1 -1
277 2497 Pedestrian -1 -1 -10 414.10 176.93 437.47 247.42 -1000 -1000 -1000 -10 -1 -1 -1
277 2495 Pedestrian -1 -1 -10 36.23 282.99 119.04 373.16 -1000 -1000 -1000 -10 -1 -1 -1
278 2471 Pedestrian -1 -1 -10 236.27 179.33 311.68 367.92 -1000 -1000 -1000 -10 -1 -1 -1
278 2493 Pedestrian -1 -1 -10 435.64 180.96 458.46 247.43 -1000 -1000 -1000 -10 -1 -1 -1
278 2497 Pedestrian -1 -1 -10 410.45 175.87 434.18 247.18 -1000 -1000 -1000 -10 -1 -1 -1
279 2471 Pedestrian -1 -1 -10 205.47 181.42 284.57 373.16 -1000 -1000 -1000 -10 -1 -1 -1
279 2493 Pedestrian -1 -1 -10 430.51 179.94 454.36 249.33 -1000 -1000 -1000 -10 -1 -1 -1
279 2497 Pedestrian -1 -1 -10 405.20 174.07 429.86 248.45 -1000 -1000 -1000 -10 -1 -1 -1
280 2471 Pedestrian -1 -1 -10 168.67 181.24 252.43 375.99 -1000 -1000 -1000 -10 -1 -1 -1
280 2493 Pedestrian -1 -1 -10 427.26 178.05 452.36 251.22 -1000 -1000 -1000 -10 -1 -1 -1
280 2497 Pedestrian -1 -1 -10 402.66 175.66 427.05 249.44 -1000 -1000 -1000 -10 -1 -1 -1
281 2471 Pedestrian -1 -1 -10 124.47 181.43 212.54 376.44 -1000 -1000 -1000 -10 -1 -1 -1
281 2493 Pedestrian -1 -1 -10 424.07 179.02 450.13 255.03 -1000 -1000 -1000 -10 -1 -1 -1
281 2497 Pedestrian -1 -1 -10 398.15 173.89 424.09 252.74 -1000 -1000 -1000 -10 -1 -1 -1
282 2471 Pedestrian -1 -1 -10 69.37 179.55 161.53 376.34 -1000 -1000 -1000 -10 -1 -1 -1
282 2493 Pedestrian -1 -1 -10 420.02 181.74 446.88 259.82 -1000 -1000 -1000 -10 -1 -1 -1
282 2497 Pedestrian -1 -1 -10 393.87 173.80 419.06 250.33 -1000 -1000 -1000 -10 -1 -1 -1
283 2493 Pedestrian -1 -1 -10 414.34 180.88 442.78 263.90 -1000 -1000 -1000 -10 -1 -1 -1
283 2497 Pedestrian -1 -1 -10 386.19 174.44 414.03 259.55 -1000 -1000 -1000 -10 -1 -1 -1
283 2504 Pedestrian -1 -1 -10 668.79 179.20 690.30 244.36 -1000 -1000 -1000 -10 -1 -1 -1
283 2475 Pedestrian -1 -1 -10 -3.98 181.07 77.97 374.77 -1000 -1000 -1000 -10 -1 -1 -1
284 2493 Pedestrian -1 -1 -10 407.82 178.81 438.65 268.84 -1000 -1000 -1000 -10 -1 -1 -1
284 2497 Pedestrian -1 -1 -10 378.02 173.24 407.94 265.16 -1000 -1000 -1000 -10 -1 -1 -1
284 2504 Pedestrian -1 -1 -10 673.68 178.62 696.05 246.34 -1000 -1000 -1000 -10 -1 -1 -1
285 2493 Pedestrian -1 -1 -10 399.92 177.12 432.67 272.98 -1000 -1000 -1000 -10 -1 -1 -1
285 2497 Pedestrian -1 -1 -10 369.82 173.50 401.16 269.94 -1000 -1000 -1000 -10 -1 -1 -1
285 2504 Pedestrian -1 -1 -10 681.69 177.76 705.28 248.98 -1000 -1000 -1000 -10 -1 -1 -1
286 2493 Pedestrian -1 -1 -10 391.55 177.11 425.93 278.38 -1000 -1000 -1000 -10 -1 -1 -1
286 2497 Pedestrian -1 -1 -10 359.30 173.48 391.99 274.17 -1000 -1000 -1000 -10 -1 -1 -1
286 2504 Pedestrian -1 -1 -10 687.66 178.16 712.45 252.94 -1000 -1000 -1000 -10 -1 -1 -1
287 2493 Pedestrian -1 -1 -10 380.37 178.30 416.97 286.29 -1000 -1000 -1000 -10 -1 -1 -1
287 2497 Pedestrian -1 -1 -10 345.77 173.09 380.74 281.54 -1000 -1000 -1000 -10 -1 -1 -1
287 2504 Pedestrian -1 -1 -10 695.12 177.47 721.48 256.98 -1000 -1000 -1000 -10 -1 -1 -1
288 2493 Pedestrian -1 -1 -10 366.38 178.38 405.51 293.77 -1000 -1000 -1000 -10 -1 -1 -1
288 2497 Pedestrian -1 -1 -10 330.88 171.66 368.39 289.20 -1000 -1000 -1000 -10 -1 -1 -1
288 2504 Pedestrian -1 -1 -10 701.51 174.80 729.83 260.54 -1000 -1000 -1000 -10 -1 -1 -1
289 2493 Pedestrian -1 -1 -10 350.23 177.64 392.25 302.07 -1000 -1000 -1000 -10 -1 -1 -1
289 2497 Pedestrian -1 -1 -10 313.83 170.20 353.83 296.19 -1000 -1000 -1000 -10 -1 -1 -1
289 2504 Pedestrian -1 -1 -10 709.30 173.77 739.12 264.17 -1000 -1000 -1000 -10 -1 -1 -1
290 2493 Pedestrian -1 -1 -10 332.22 177.10 377.77 312.07 -1000 -1000 -1000 -10 -1 -1 -1
290 2497 Pedestrian -1 -1 -10 293.48 167.71 336.49 304.18 -1000 -1000 -1000 -10 -1 -1 -1
290 2504 Pedestrian -1 -1 -10 716.57 171.64 748.14 267.54 -1000 -1000 -1000 -10 -1 -1 -1
291 2493 Pedestrian -1 -1 -10 311.05 176.39 359.89 321.72 -1000 -1000 -1000 -10 -1 -1 -1
291 2497 Pedestrian -1 -1 -10 269.58 165.82 315.75 313.57 -1000 -1000 -1000 -10 -1 -1 -1
291 2504 Pedestrian -1 -1 -10 725.02 168.98 758.60 271.19 -1000 -1000 -1000 -10 -1 -1 -1
292 2497 Pedestrian -1 -1 -10 269.46 170.85 320.24 331.47 -1000 -1000 -1000 -10 -1 -1 -1
292 2504 Pedestrian -1 -1 -10 733.21 166.66 770.00 277.72 -1000 -1000 -1000 -10 -1 -1 -1
292 2492 Pedestrian -1 -1 -10 1147.16 217.90 1213.19 316.47 -1000 -1000 -1000 -10 -1 -1 -1
293 2497 Pedestrian -1 -1 -10 247.28 172.17 303.84 349.74 -1000 -1000 -1000 -10 -1 -1 -1
293 2504 Pedestrian -1 -1 -10 745.33 167.88 784.25 285.20 -1000 -1000 -1000 -10 -1 -1 -1
294 2504 Pedestrian -1 -1 -10 760.19 166.61 801.99 292.88 -1000 -1000 -1000 -10 -1 -1 -1
294 2512 Pedestrian -1 -1 -10 195.99 172.17 255.12 367.88 -1000 -1000 -1000 -10 -1 -1 -1
295 2504 Pedestrian -1 -1 -10 774.97 165.16 819.48 300.73 -1000 -1000 -1000 -10 -1 -1 -1
295 2513 Pedestrian -1 -1 -10 142.10 170.93 205.59 373.54 -1000 -1000 -1000 -10 -1 -1 -1
295 2514 Pedestrian -1 -1 -10 493.86 166.19 513.57 225.41 -1000 -1000 -1000 -10 -1 -1 -1
296 2504 Pedestrian -1 -1 -10 791.78 161.88 840.77 311.13 -1000 -1000 -1000 -10 -1 -1 -1
296 2514 Pedestrian -1 -1 -10 493.05 168.90 511.94 225.69 -1000 -1000 -1000 -10 -1 -1 -1
296 2517 Pedestrian -1 -1 -10 59.35 169.92 138.98 373.75 -1000 -1000 -1000 -10 -1 -1 -1
297 2504 Pedestrian -1 -1 -10 813.30 162.65 866.21 323.32 -1000 -1000 -1000 -10 -1 -1 -1
297 2514 Pedestrian -1 -1 -10 488.14 164.62 510.08 230.71 -1000 -1000 -1000 -10 -1 -1 -1
297 2518 Pedestrian -1 -1 -10 -1.27 168.64 75.18 372.92 -1000 -1000 -1000 -10 -1 -1 -1
297 2520 Pedestrian -1 -1 -10 429.81 168.76 457.53 253.47 -1000 -1000 -1000 -10 -1 -1 -1
298 2504 Pedestrian -1 -1 -10 836.17 161.61 894.30 337.96 -1000 -1000 -1000 -10 -1 -1 -1
298 2514 Pedestrian -1 -1 -10 485.19 165.00 508.27 234.48 -1000 -1000 -1000 -10 -1 -1 -1
298 2520 Pedestrian -1 -1 -10 422.35 170.29 451.16 257.96 -1000 -1000 -1000 -10 -1 -1 -1
299 2504 Pedestrian -1 -1 -10 865.26 160.62 931.42 360.52 -1000 -1000 -1000 -10 -1 -1 -1
299 2514 Pedestrian -1 -1 -10 479.62 166.14 503.61 238.92 -1000 -1000 -1000 -10 -1 -1 -1
299 2520 Pedestrian -1 -1 -10 410.56 170.12 441.33 263.52 -1000 -1000 -1000 -10 -1 -1 -1
300 2504 Pedestrian -1 -1 -10 896.25 158.65 966.04 370.73 -1000 -1000 -1000 -10 -1 -1 -1
300 2514 Pedestrian -1 -1 -10 472.44 170.32 496.70 243.83 -1000 -1000 -1000 -10 -1 -1 -1
300 2520 Pedestrian -1 -1 -10 395.68 171.66 428.31 270.00 -1000 -1000 -1000 -10 -1 -1 -1
301 2514 Pedestrian -1 -1 -10 464.69 170.60 491.34 251.81 -1000 -1000 -1000 -10 -1 -1 -1
301 2520 Pedestrian -1 -1 -10 382.26 173.39 416.90 276.75 -1000 -1000 -1000 -10 -1 -1 -1
302 2514 Pedestrian -1 -1 -10 455.30 169.60 484.56 259.04 -1000 -1000 -1000 -10 -1 -1 -1
302 2520 Pedestrian -1 -1 -10 367.05 172.17 405.08 285.60 -1000 -1000 -1000 -10 -1 -1 -1
303 2514 Pedestrian -1 -1 -10 444.52 167.09 476.57 265.85 -1000 -1000 -1000 -10 -1 -1 -1
303 2520 Pedestrian -1 -1 -10 346.05 171.91 387.14 293.51 -1000 -1000 -1000 -10 -1 -1 -1
303 2528 Pedestrian -1 -1 -10 800.39 171.84 834.43 231.55 -1000 -1000 -1000 -10 -1 -1 -1
303 2529 Pedestrian -1 -1 -10 542.98 179.29 556.73 219.85 -1000 -1000 -1000 -10 -1 -1 -1
304 2514 Pedestrian -1 -1 -10 432.89 164.64 467.66 271.87 -1000 -1000 -1000 -10 -1 -1 -1
304 2520 Pedestrian -1 -1 -10 320.90 171.88 365.54 301.44 -1000 -1000 -1000 -10 -1 -1 -1
304 2528 Pedestrian -1 -1 -10 806.97 170.62 841.67 231.61 -1000 -1000 -1000 -10 -1 -1 -1
304 2492 Pedestrian -1 -1 -10 1113.65 209.03 1201.00 325.83 -1000 -1000 -1000 -10 -1 -1 -1
305 2514 Pedestrian -1 -1 -10 421.10 161.66 457.63 274.97 -1000 -1000 -1000 -10 -1 -1 -1
305 2520 Pedestrian -1 -1 -10 293.73 171.95 343.09 313.66 -1000 -1000 -1000 -10 -1 -1 -1
305 2528 Pedestrian -1 -1 -10 818.04 171.60 853.43 234.01 -1000 -1000 -1000 -10 -1 -1 -1
305 2492 Pedestrian -1 -1 -10 1137.89 210.92 1224.61 324.62 -1000 -1000 -1000 -10 -1 -1 -1
306 2514 Pedestrian -1 -1 -10 403.84 160.31 442.48 278.53 -1000 -1000 -1000 -10 -1 -1 -1
306 2520 Pedestrian -1 -1 -10 257.11 170.75 311.93 324.05 -1000 -1000 -1000 -10 -1 -1 -1
306 2528 Pedestrian -1 -1 -10 827.45 170.29 864.76 236.56 -1000 -1000 -1000 -10 -1 -1 -1
306 2493 Pedestrian -1 -1 -10 236.04 240.60 288.43 371.97 -1000 -1000 -1000 -10 -1 -1 -1
307 2528 Pedestrian -1 -1 -10 838.23 168.72 876.48 237.38 -1000 -1000 -1000 -10 -1 -1 -1
307 2512 Pedestrian -1 -1 -10 186.71 169.24 248.36 357.33 -1000 -1000 -1000 -10 -1 -1 -1
307 2513 Pedestrian -1 -1 -10 186.25 245.66 234.71 371.24 -1000 -1000 -1000 -10 -1 -1 -1
307 2518 Pedestrian -1 -1 -10 26.78 232.28 85.12 372.29 -1000 -1000 -1000 -10 -1 -1 -1
308 2528 Pedestrian -1 -1 -10 850.78 169.79 890.14 241.23 -1000 -1000 -1000 -10 -1 -1 -1
308 2535 Pedestrian -1 -1 -10 341.38 154.71 403.66 315.22 -1000 -1000 -1000 -10 -1 -1 -1
308 2497 Pedestrian -1 -1 -10 111.20 166.44 187.83 373.92 -1000 -1000 -1000 -10 -1 -1 -1
308 2517 Pedestrian -1 -1 -10 111.88 252.48 172.04 374.16 -1000 -1000 -1000 -10 -1 -1 -1
309 2528 Pedestrian -1 -1 -10 862.37 169.06 903.78 244.96 -1000 -1000 -1000 -10 -1 -1 -1
309 2537 Pedestrian -1 -1 -10 527.59 178.12 541.92 222.98 -1000 -1000 -1000 -10 -1 -1 -1
309 2518 Pedestrian -1 -1 -10 21.11 178.41 107.29 374.40 -1000 -1000 -1000 -10 -1 -1 -1
310 2528 Pedestrian -1 -1 -10 874.54 169.30 918.18 249.70 -1000 -1000 -1000 -10 -1 -1 -1
310 2537 Pedestrian -1 -1 -10 525.60 178.55 540.51 224.91 -1000 -1000 -1000 -10 -1 -1 -1
310 2493 Pedestrian -1 -1 -10 239.26 235.46 306.07 374.98 -1000 -1000 -1000 -10 -1 -1 -1
311 2528 Pedestrian -1 -1 -10 890.02 170.43 934.58 253.13 -1000 -1000 -1000 -10 -1 -1 -1
311 2512 Pedestrian -1 -1 -10 159.88 150.09 240.65 371.72 -1000 -1000 -1000 -10 -1 -1 -1
312 2528 Pedestrian -1 -1 -10 905.69 168.32 953.01 256.70 -1000 -1000 -1000 -10 -1 -1 -1
312 2518 Pedestrian -1 -1 -10 30.72 143.86 140.15 373.33 -1000 -1000 -1000 -10 -1 -1 -1
313 2528 Pedestrian -1 -1 -10 922.59 167.09 972.12 260.44 -1000 -1000 -1000 -10 -1 -1 -1
313 2543 Pedestrian -1 -1 -10 494.38 177.24 511.86 239.55 -1000 -1000 -1000 -10 -1 -1 -1
314 2528 Pedestrian -1 -1 -10 943.37 165.45 996.08 264.64 -1000 -1000 -1000 -10 -1 -1 -1
314 2545 Pedestrian -1 -1 -10 508.06 176.18 529.04 237.21 -1000 -1000 -1000 -10 -1 -1 -1
315 2528 Pedestrian -1 -1 -10 965.11 162.01 1022.08 269.19 -1000 -1000 -1000 -10 -1 -1 -1
315 2545 Pedestrian -1 -1 -10 505.39 176.00 527.00 238.90 -1000 -1000 -1000 -10 -1 -1 -1
315 2497 Pedestrian -1 -1 -10 37.99 204.34 98.42 311.60 -1000 -1000 -1000 -10 -1 -1 -1
315 2543 Pedestrian -1 -1 -10 487.79 174.15 505.91 238.60 -1000 -1000 -1000 -10 -1 -1 -1
316 2528 Pedestrian -1 -1 -10 988.14 158.00 1049.92 274.32 -1000 -1000 -1000 -10 -1 -1 -1
316 2497 Pedestrian -1 -1 -10 14.21 216.92 76.66 318.41 -1000 -1000 -1000 -10 -1 -1 -1
316 2543 Pedestrian -1 -1 -10 482.45 172.72 501.39 239.51 -1000 -1000 -1000 -10 -1 -1 -1
317 2528 Pedestrian -1 -1 -10 1016.94 156.23 1083.37 280.66 -1000 -1000 -1000 -10 -1 -1 -1
317 2543 Pedestrian -1 -1 -10 477.25 176.85 496.53 243.98 -1000 -1000 -1000 -10 -1 -1 -1
317 2545 Pedestrian -1 -1 -10 498.30 177.50 520.56 241.81 -1000 -1000 -1000 -10 -1 -1 -1
318 2528 Pedestrian -1 -1 -10 1049.32 155.64 1121.21 289.12 -1000 -1000 -1000 -10 -1 -1 -1
318 2543 Pedestrian -1 -1 -10 470.93 175.72 491.69 247.25 -1000 -1000 -1000 -10 -1 -1 -1
318 2545 Pedestrian -1 -1 -10 494.45 173.61 519.39 245.42 -1000 -1000 -1000 -10 -1 -1 -1
319 2528 Pedestrian -1 -1 -10 1086.75 151.93 1166.97 299.61 -1000 -1000 -1000 -10 -1 -1 -1
319 2543 Pedestrian -1 -1 -10 464.68 175.17 486.61 250.89 -1000 -1000 -1000 -10 -1 -1 -1
319 2545 Pedestrian -1 -1 -10 489.93 177.77 515.03 249.62 -1000 -1000 -1000 -10 -1 -1 -1
320 2543 Pedestrian -1 -1 -10 460.11 175.14 483.77 255.87 -1000 -1000 -1000 -10 -1 -1 -1
320 2545 Pedestrian -1 -1 -10 487.39 181.71 512.77 253.51 -1000 -1000 -1000 -10 -1 -1 -1
320 2492 Pedestrian -1 -1 -10 1134.89 154.71 1249.87 313.89 -1000 -1000 -1000 -10 -1 -1 -1
321 2543 Pedestrian -1 -1 -10 453.92 178.47 477.68 258.23 -1000 -1000 -1000 -10 -1 -1 -1
321 2545 Pedestrian -1 -1 -10 483.30 182.18 509.39 255.74 -1000 -1000 -1000 -10 -1 -1 -1
322 2543 Pedestrian -1 -1 -10 447.99 175.96 473.81 261.86 -1000 -1000 -1000 -10 -1 -1 -1
322 2545 Pedestrian -1 -1 -10 477.60 179.37 505.76 259.01 -1000 -1000 -1000 -10 -1 -1 -1
322 2551 Pedestrian -1 -1 -10 411.15 170.64 432.12 230.01 -1000 -1000 -1000 -10 -1 -1 -1
323 2543 Pedestrian -1 -1 -10 442.48 178.44 468.81 265.10 -1000 -1000 -1000 -10 -1 -1 -1
323 2545 Pedestrian -1 -1 -10 472.84 179.70 501.81 262.02 -1000 -1000 -1000 -10 -1 -1 -1
323 2551 Pedestrian -1 -1 -10 406.16 169.39 428.49 232.55 -1000 -1000 -1000 -10 -1 -1 -1
324 2543 Pedestrian -1 -1 -10 435.15 173.90 463.93 268.92 -1000 -1000 -1000 -10 -1 -1 -1
324 2545 Pedestrian -1 -1 -10 467.29 179.25 497.80 266.71 -1000 -1000 -1000 -10 -1 -1 -1
324 2551 Pedestrian -1 -1 -10 399.48 171.78 421.75 234.69 -1000 -1000 -1000 -10 -1 -1 -1
325 2543 Pedestrian -1 -1 -10 428.16 174.27 458.90 275.71 -1000 -1000 -1000 -10 -1 -1 -1
325 2545 Pedestrian -1 -1 -10 462.08 180.45 494.00 271.83 -1000 -1000 -1000 -10 -1 -1 -1
326 2543 Pedestrian -1 -1 -10 418.90 173.44 451.07 280.43 -1000 -1000 -1000 -10 -1 -1 -1
326 2545 Pedestrian -1 -1 -10 455.83 183.56 488.94 277.60 -1000 -1000 -1000 -10 -1 -1 -1
327 2543 Pedestrian -1 -1 -10 409.47 173.80 444.11 288.98 -1000 -1000 -1000 -10 -1 -1 -1
327 2545 Pedestrian -1 -1 -10 448.83 181.12 485.19 283.88 -1000 -1000 -1000 -10 -1 -1 -1
327 2555 Pedestrian -1 -1 -10 742.40 157.92 770.78 241.41 -1000 -1000 -1000 -10 -1 -1 -1
327 2556 Pedestrian -1 -1 -10 710.26 158.36 734.44 239.07 -1000 -1000 -1000 -10 -1 -1 -1
328 2543 Pedestrian -1 -1 -10 397.98 172.83 434.46 293.44 -1000 -1000 -1000 -10 -1 -1 -1
328 2545 Pedestrian -1 -1 -10 441.67 183.43 479.77 290.89 -1000 -1000 -1000 -10 -1 -1 -1
328 2555 Pedestrian -1 -1 -10 751.62 160.29 777.94 237.82 -1000 -1000 -1000 -10 -1 -1 -1
328 2556 Pedestrian -1 -1 -10 716.03 159.86 740.39 241.02 -1000 -1000 -1000 -10 -1 -1 -1
329 2543 Pedestrian -1 -1 -10 384.82 169.76 424.13 298.41 -1000 -1000 -1000 -10 -1 -1 -1
329 2545 Pedestrian -1 -1 -10 430.95 182.23 472.01 296.74 -1000 -1000 -1000 -10 -1 -1 -1
329 2555 Pedestrian -1 -1 -10 759.47 159.18 788.24 243.95 -1000 -1000 -1000 -10 -1 -1 -1
330 2543 Pedestrian -1 -1 -10 370.72 169.72 412.42 304.69 -1000 -1000 -1000 -10 -1 -1 -1
330 2545 Pedestrian -1 -1 -10 418.92 182.97 462.81 304.99 -1000 -1000 -1000 -10 -1 -1 -1
330 2555 Pedestrian -1 -1 -10 767.22 157.89 798.13 249.19 -1000 -1000 -1000 -10 -1 -1 -1
330 2556 Pedestrian -1 -1 -10 729.03 158.09 757.21 251.88 -1000 -1000 -1000 -10 -1 -1 -1
331 2545 Pedestrian -1 -1 -10 402.81 183.02 449.98 314.44 -1000 -1000 -1000 -10 -1 -1 -1
331 2555 Pedestrian -1 -1 -10 774.00 157.46 806.01 251.31 -1000 -1000 -1000 -10 -1 -1 -1
331 2556 Pedestrian -1 -1 -10 733.51 157.90 763.21 256.26 -1000 -1000 -1000 -10 -1 -1 -1
331 2535 Pedestrian -1 -1 -10 345.24 173.28 400.39 319.14 -1000 -1000 -1000 -10 -1 -1 -1
332 2545 Pedestrian -1 -1 -10 384.42 182.84 435.23 324.28 -1000 -1000 -1000 -10 -1 -1 -1
332 2555 Pedestrian -1 -1 -10 784.81 157.82 819.28 257.41 -1000 -1000 -1000 -10 -1 -1 -1
332 2556 Pedestrian -1 -1 -10 739.82 159.24 770.24 259.06 -1000 -1000 -1000 -10 -1 -1 -1
332 2564 Pedestrian -1 -1 -10 889.24 180.25 910.45 240.90 -1000 -1000 -1000 -10 -1 -1 -1
332 2535 Pedestrian -1 -1 -10 329.23 176.71 385.12 329.45 -1000 -1000 -1000 -10 -1 -1 -1
333 2555 Pedestrian -1 -1 -10 794.52 159.09 831.03 264.07 -1000 -1000 -1000 -10 -1 -1 -1
333 2556 Pedestrian -1 -1 -10 746.60 158.38 779.18 264.47 -1000 -1000 -1000 -10 -1 -1 -1
333 2564 Pedestrian -1 -1 -10 896.07 182.46 918.46 246.34 -1000 -1000 -1000 -10 -1 -1 -1
333 2535 Pedestrian -1 -1 -10 312.46 174.13 371.57 338.29 -1000 -1000 -1000 -10 -1 -1 -1
333 2543 Pedestrian -1 -1 -10 358.63 179.09 406.03 329.48 -1000 -1000 -1000 -10 -1 -1 -1
334 2555 Pedestrian -1 -1 -10 804.42 157.48 843.21 268.77 -1000 -1000 -1000 -10 -1 -1 -1
334 2556 Pedestrian -1 -1 -10 753.35 157.93 787.66 268.94 -1000 -1000 -1000 -10 -1 -1 -1
334 2535 Pedestrian -1 -1 -10 287.95 172.57 349.20 345.57 -1000 -1000 -1000 -10 -1 -1 -1
334 2543 Pedestrian -1 -1 -10 339.52 180.65 391.78 339.84 -1000 -1000 -1000 -10 -1 -1 -1
335 2555 Pedestrian -1 -1 -10 814.59 155.02 855.94 273.64 -1000 -1000 -1000 -10 -1 -1 -1
335 2556 Pedestrian -1 -1 -10 761.10 155.50 798.37 275.10 -1000 -1000 -1000 -10 -1 -1 -1
335 2535 Pedestrian -1 -1 -10 261.25 172.46 325.65 357.81 -1000 -1000 -1000 -10 -1 -1 -1
335 2543 Pedestrian -1 -1 -10 317.37 184.06 372.75 352.46 -1000 -1000 -1000 -10 -1 -1 -1
336 2555 Pedestrian -1 -1 -10 829.05 153.20 873.64 281.54 -1000 -1000 -1000 -10 -1 -1 -1
336 2556 Pedestrian -1 -1 -10 771.18 155.06 810.11 278.98 -1000 -1000 -1000 -10 -1 -1 -1
336 2535 Pedestrian -1 -1 -10 232.38 172.81 300.23 368.30 -1000 -1000 -1000 -10 -1 -1 -1
336 2543 Pedestrian -1 -1 -10 294.18 184.56 355.04 367.75 -1000 -1000 -1000 -10 -1 -1 -1
336 2568 Pedestrian -1 -1 -10 923.91 177.86 958.64 258.07 -1000 -1000 -1000 -10 -1 -1 -1
336 2569 Pedestrian -1 -1 -10 959.23 173.72 987.54 253.49 -1000 -1000 -1000 -10 -1 -1 -1
337 2555 Pedestrian -1 -1 -10 843.13 151.60 891.43 292.11 -1000 -1000 -1000 -10 -1 -1 -1
337 2556 Pedestrian -1 -1 -10 784.21 153.45 826.25 284.32 -1000 -1000 -1000 -10 -1 -1 -1
337 2535 Pedestrian -1 -1 -10 199.56 175.02 269.06 373.15 -1000 -1000 -1000 -10 -1 -1 -1
337 2543 Pedestrian -1 -1 -10 266.20 182.95 330.67 373.51 -1000 -1000 -1000 -10 -1 -1 -1
337 2568 Pedestrian -1 -1 -10 935.89 178.86 971.28 260.57 -1000 -1000 -1000 -10 -1 -1 -1
337 2514 Pedestrian -1 -1 -10 190.50 224.03 224.73 308.41 -1000 -1000 -1000 -10 -1 -1 -1
338 2555 Pedestrian -1 -1 -10 860.88 150.25 910.32 294.50 -1000 -1000 -1000 -10 -1 -1 -1
338 2556 Pedestrian -1 -1 -10 795.84 150.94 840.48 288.52 -1000 -1000 -1000 -10 -1 -1 -1
338 2535 Pedestrian -1 -1 -10 204.26 176.81 276.26 374.84 -1000 -1000 -1000 -10 -1 -1 -1
338 2569 Pedestrian -1 -1 -10 958.12 179.82 989.55 268.01 -1000 -1000 -1000 -10 -1 -1 -1
339 2555 Pedestrian -1 -1 -10 880.91 148.10 931.93 297.59 -1000 -1000 -1000 -10 -1 -1 -1
339 2556 Pedestrian -1 -1 -10 808.21 147.88 856.71 296.83 -1000 -1000 -1000 -10 -1 -1 -1
339 2535 Pedestrian -1 -1 -10 185.53 179.07 258.92 375.00 -1000 -1000 -1000 -10 -1 -1 -1
339 2512 Pedestrian -1 -1 -10 93.33 159.55 175.28 374.91 -1000 -1000 -1000 -10 -1 -1 -1
