1 2578 Pedestrian -1 -1 -10 933.80 157.54 954.51 220.01 -1000 -1000 -1000 -10 -1 -1 -1
1 2579 Pedestrian -1 -1 -10 956.64 158.07 980.19 216.95 -1000 -1000 -1000 -10 -1 -1 -1
1 2580 Pedestrian -1 -1 -10 1061.21 154.94 1215.26 210.67 -1000 -1000 -1000 -10 -1 -1 -1
2 2578 Pedestrian -1 -1 -10 934.52 156.95 955.29 219.64 -1000 -1000 -1000 -10 -1 -1 -1
2 2579 Pedestrian -1 -1 -10 957.35 158.69 980.50 216.47 -1000 -1000 -1000 -10 -1 -1 -1
2 2580 Pedestrian -1 -1 -10 1063.00 155.26 1216.65 210.76 -1000 -1000 -1000 -10 -1 -1 -1
3 2578 Pedestrian -1 -1 -10 935.42 157.33 955.79 218.76 -1000 -1000 -1000 -10 -1 -1 -1
3 2579 Pedestrian -1 -1 -10 956.55 158.52 980.56 218.31 -1000 -1000 -1000 -10 -1 -1 -1
3 2580 Pedestrian -1 -1 -10 1059.29 151.81 1221.76 210.51 -1000 -1000 -1000 -10 -1 -1 -1
4 2578 Pedestrian -1 -1 -10 936.56 158.41 956.52 218.52 -1000 -1000 -1000 -10 -1 -1 -1
4 2579 Pedestrian -1 -1 -10 956.19 158.46 980.57 219.07 -1000 -1000 -1000 -10 -1 -1 -1
4 2580 Pedestrian -1 -1 -10 1060.95 152.93 1221.93 211.06 -1000 -1000 -1000 -10 -1 -1 -1
5 2578 Pedestrian -1 -1 -10 937.12 159.54 956.94 219.27 -1000 -1000 -1000 -10 -1 -1 -1
5 2579 Pedestrian -1 -1 -10 956.68 160.25 980.08 218.36 -1000 -1000 -1000 -10 -1 -1 -1
5 2580 Pedestrian -1 -1 -10 1061.91 154.71 1215.74 210.24 -1000 -1000 -1000 -10 -1 -1 -1
6 2578 Pedestrian -1 -1 -10 937.06 159.53 957.35 220.68 -1000 -1000 -1000 -10 -1 -1 -1
6 2579 Pedestrian -1 -1 -10 956.63 161.39 979.82 219.07 -1000 -1000 -1000 -10 -1 -1 -1
6 2580 Pedestrian -1 -1 -10 1061.10 155.03 1216.25 211.30 -1000 -1000 -1000 -10 -1 -1 -1
7 2578 Pedestrian -1 -1 -10 937.18 161.80 956.87 221.10 -1000 -1000 -1000 -10 -1 -1 -1
7 2579 Pedestrian -1 -1 -10 956.32 162.67 979.03 219.19 -1000 -1000 -1000 -10 -1 -1 -1
7 2580 Pedestrian -1 -1 -10 1060.38 156.97 1209.14 211.37 -1000 -1000 -1000 -10 -1 -1 -1
7 2582 Pedestrian -1 -1 -10 480.43 166.97 527.36 192.28 -1000 -1000 -1000 -10 -1 -1 -1
8 2580 Pedestrian -1 -1 -10 1059.58 156.71 1209.96 212.34 -1000 -1000 -1000 -10 -1 -1 -1
9 2580 Pedestrian -1 -1 -10 1062.65 156.93 1211.43 212.77 -1000 -1000 -1000 -10 -1 -1 -1
9 2579 Pedestrian -1 -1 -10 946.97 157.97 973.46 222.87 -1000 -1000 -1000 -10 -1 -1 -1
9 2582 Pedestrian -1 -1 -10 479.18 168.34 530.19 195.92 -1000 -1000 -1000 -10 -1 -1 -1
10 2580 Pedestrian -1 -1 -10 1072.28 156.64 1222.77 213.45 -1000 -1000 -1000 -10 -1 -1 -1
10 2579 Pedestrian -1 -1 -10 944.94 159.59 971.31 222.73 -1000 -1000 -1000 -10 -1 -1 -1
10 2582 Pedestrian -1 -1 -10 479.61 169.24 529.88 196.49 -1000 -1000 -1000 -10 -1 -1 -1
11 2580 Pedestrian -1 -1 -10 1077.44 156.80 1225.21 213.11 -1000 -1000 -1000 -10 -1 -1 -1
11 2579 Pedestrian -1 -1 -10 945.04 161.71 971.11 222.37 -1000 -1000 -1000 -10 -1 -1 -1
11 2582 Pedestrian -1 -1 -10 481.18 168.21 531.42 195.49 -1000 -1000 -1000 -10 -1 -1 -1
12 2580 Pedestrian -1 -1 -10 1083.89 156.33 1230.94 213.04 -1000 -1000 -1000 -10 -1 -1 -1
12 2579 Pedestrian -1 -1 -10 944.91 160.72 971.91 222.86 -1000 -1000 -1000 -10 -1 -1 -1
12 2583 Pedestrian -1 -1 -10 806.17 23.18 856.30 109.55 -1000 -1000 -1000 -10 -1 -1 -1
13 2580 Pedestrian -1 -1 -10 1089.73 156.51 1235.69 213.77 -1000 -1000 -1000 -10 -1 -1 -1
13 2579 Pedestrian -1 -1 -10 945.40 159.84 973.38 223.48 -1000 -1000 -1000 -10 -1 -1 -1
14 2580 Pedestrian -1 -1 -10 1095.70 156.72 1241.17 215.25 -1000 -1000 -1000 -10 -1 -1 -1
14 2579 Pedestrian -1 -1 -10 946.10 158.37 975.20 224.55 -1000 -1000 -1000 -10 -1 -1 -1
15 2580 Pedestrian -1 -1 -10 1105.92 157.11 1244.03 214.37 -1000 -1000 -1000 -10 -1 -1 -1
15 2579 Pedestrian -1 -1 -10 949.64 156.30 979.83 224.14 -1000 -1000 -1000 -10 -1 -1 -1
16 2580 Pedestrian -1 -1 -10 1116.37 156.97 1249.47 214.39 -1000 -1000 -1000 -10 -1 -1 -1
16 2579 Pedestrian -1 -1 -10 953.51 155.98 983.99 223.88 -1000 -1000 -1000 -10 -1 -1 -1
17 2582 Pedestrian -1 -1 -10 493.48 166.88 551.10 198.23 -1000 -1000 -1000 -10 -1 -1 -1
18 2585 Pedestrian -1 -1 -10 855.76 2.93 919.29 97.50 -1000 -1000 -1000 -10 -1 -1 -1
18 2582 Pedestrian -1 -1 -10 496.92 167.82 552.75 198.30 -1000 -1000 -1000 -10 -1 -1 -1
19 2582 Pedestrian -1 -1 -10 500.54 167.65 554.79 197.35 -1000 -1000 -1000 -10 -1 -1 -1
19 2579 Pedestrian -1 -1 -10 963.92 156.34 993.06 221.42 -1000 -1000 -1000 -10 -1 -1 -1
20 2582 Pedestrian -1 -1 -10 503.75 167.06 557.56 196.63 -1000 -1000 -1000 -10 -1 -1 -1
21 2582 Pedestrian -1 -1 -10 506.78 165.80 562.47 196.57 -1000 -1000 -1000 -10 -1 -1 -1
21 2579 Pedestrian -1 -1 -10 974.64 155.24 1003.85 220.61 -1000 -1000 -1000 -10 -1 -1 -1
22 2582 Pedestrian -1 -1 -10 508.33 165.27 564.57 196.64 -1000 -1000 -1000 -10 -1 -1 -1
22 2579 Pedestrian -1 -1 -10 979.73 154.42 1009.60 221.65 -1000 -1000 -1000 -10 -1 -1 -1
23 2582 Pedestrian -1 -1 -10 511.90 164.91 566.63 195.78 -1000 -1000 -1000 -10 -1 -1 -1
24 2582 Pedestrian -1 -1 -10 515.48 165.27 571.45 197.13 -1000 -1000 -1000 -10 -1 -1 -1
25 2582 Pedestrian -1 -1 -10 519.39 165.65 577.32 198.87 -1000 -1000 -1000 -10 -1 -1 -1
25 2579 Pedestrian -1 -1 -10 997.19 152.34 1027.69 220.86 -1000 -1000 -1000 -10 -1 -1 -1
26 2582 Pedestrian -1 -1 -10 521.23 164.67 580.37 199.02 -1000 -1000 -1000 -10 -1 -1 -1
26 2579 Pedestrian -1 -1 -10 1004.98 152.69 1035.02 219.76 -1000 -1000 -1000 -10 -1 -1 -1
27 2582 Pedestrian -1 -1 -10 523.09 163.40 583.61 199.13 -1000 -1000 -1000 -10 -1 -1 -1
27 2579 Pedestrian -1 -1 -10 1009.63 154.26 1040.28 220.51 -1000 -1000 -1000 -10 -1 -1 -1
28 2582 Pedestrian -1 -1 -10 525.15 163.32 585.68 199.50 -1000 -1000 -1000 -10 -1 -1 -1
28 2579 Pedestrian -1 -1 -10 1012.80 155.84 1045.18 222.41 -1000 -1000 -1000 -10 -1 -1 -1
29 2582 Pedestrian -1 -1 -10 525.87 164.11 585.32 200.09 -1000 -1000 -1000 -10 -1 -1 -1
29 2579 Pedestrian -1 -1 -10 1014.84 157.04 1048.32 225.02 -1000 -1000 -1000 -10 -1 -1 -1
30 2582 Pedestrian -1 -1 -10 523.33 165.68 583.14 202.42 -1000 -1000 -1000 -10 -1 -1 -1
31 2582 Pedestrian -1 -1 -10 519.53 166.64 579.19 203.77 -1000 -1000 -1000 -10 -1 -1 -1
32 2582 Pedestrian -1 -1 -10 513.27 168.02 571.99 204.93 -1000 -1000 -1000 -10 -1 -1 -1
32 2593 Pedestrian -1 -1 -10 998.26 161.34 1035.07 237.58 -1000 -1000 -1000 -10 -1 -1 -1
33 2582 Pedestrian -1 -1 -10 505.62 167.16 566.55 205.67 -1000 -1000 -1000 -10 -1 -1 -1
33 2593 Pedestrian -1 -1 -10 990.35 159.44 1029.24 239.83 -1000 -1000 -1000 -10 -1 -1 -1
34 2582 Pedestrian -1 -1 -10 496.06 165.77 558.29 205.28 -1000 -1000 -1000 -10 -1 -1 -1
35 2582 Pedestrian -1 -1 -10 484.99 165.08 548.89 205.90 -1000 -1000 -1000 -10 -1 -1 -1
36 2582 Pedestrian -1 -1 -10 469.50 166.17 534.88 208.62 -1000 -1000 -1000 -10 -1 -1 -1
37 2582 Pedestrian -1 -1 -10 455.43 166.60 522.87 210.71 -1000 -1000 -1000 -10 -1 -1 -1
38 2582 Pedestrian -1 -1 -10 437.62 166.33 507.89 212.82 -1000 -1000 -1000 -10 -1 -1 -1
38 2595 Pedestrian -1 -1 -10 926.30 156.25 959.74 223.43 -1000 -1000 -1000 -10 -1 -1 -1
39 2582 Pedestrian -1 -1 -10 421.89 165.53 492.16 212.11 -1000 -1000 -1000 -10 -1 -1 -1
39 2596 Pedestrian -1 -1 -10 1173.42 173.62 1219.45 223.10 -1000 -1000 -1000 -10 -1 -1 -1
39 2593 Pedestrian -1 -1 -10 962.86 172.64 995.90 242.51 -1000 -1000 -1000 -10 -1 -1 -1
40 2582 Pedestrian -1 -1 -10 400.05 163.95 473.91 213.46 -1000 -1000 -1000 -10 -1 -1 -1
40 2596 Pedestrian -1 -1 -10 1160.96 163.41 1218.69 225.26 -1000 -1000 -1000 -10 -1 -1 -1
40 2597 Pedestrian -1 -1 -10 895.71 155.35 922.91 221.25 -1000 -1000 -1000 -10 -1 -1 -1
41 2582 Pedestrian -1 -1 -10 377.98 164.05 454.57 215.71 -1000 -1000 -1000 -10 -1 -1 -1
41 2596 Pedestrian -1 -1 -10 1150.01 161.00 1213.03 227.69 -1000 -1000 -1000 -10 -1 -1 -1
42 2582 Pedestrian -1 -1 -10 350.58 165.17 430.87 220.20 -1000 -1000 -1000 -10 -1 -1 -1
42 2596 Pedestrian -1 -1 -10 1137.75 160.37 1205.17 229.96 -1000 -1000 -1000 -10 -1 -1 -1
43 2582 Pedestrian -1 -1 -10 320.21 166.61 404.89 225.73 -1000 -1000 -1000 -10 -1 -1 -1
43 2596 Pedestrian -1 -1 -10 1123.33 160.17 1195.54 231.57 -1000 -1000 -1000 -10 -1 -1 -1
44 2582 Pedestrian -1 -1 -10 289.01 167.17 376.75 229.13 -1000 -1000 -1000 -10 -1 -1 -1
44 2596 Pedestrian -1 -1 -10 1107.01 160.90 1185.63 234.02 -1000 -1000 -1000 -10 -1 -1 -1
45 2582 Pedestrian -1 -1 -10 251.24 167.97 344.91 234.80 -1000 -1000 -1000 -10 -1 -1 -1
45 2596 Pedestrian -1 -1 -10 1087.12 162.69 1172.49 236.13 -1000 -1000 -1000 -10 -1 -1 -1
46 2582 Pedestrian -1 -1 -10 208.62 169.22 308.80 241.33 -1000 -1000 -1000 -10 -1 -1 -1
46 2596 Pedestrian -1 -1 -10 1054.19 164.32 1144.72 236.89 -1000 -1000 -1000 -10 -1 -1 -1
47 2582 Pedestrian -1 -1 -10 159.42 171.29 267.32 249.10 -1000 -1000 -1000 -10 -1 -1 -1
47 2596 Pedestrian -1 -1 -10 1017.39 166.01 1112.70 237.76 -1000 -1000 -1000 -10 -1 -1 -1
48 2582 Pedestrian -1 -1 -10 104.01 173.01 220.27 256.78 -1000 -1000 -1000 -10 -1 -1 -1
48 2596 Pedestrian -1 -1 -10 976.04 166.91 1075.68 237.61 -1000 -1000 -1000 -10 -1 -1 -1
49 2582 Pedestrian -1 -1 -10 36.30 173.79 164.71 265.16 -1000 -1000 -1000 -10 -1 -1 -1
49 2596 Pedestrian -1 -1 -10 930.05 166.14 1034.10 236.32 -1000 -1000 -1000 -10 -1 -1 -1
50 2582 Pedestrian -1 -1 -10 -8.77 173.79 125.06 272.31 -1000 -1000 -1000 -10 -1 -1 -1
50 2596 Pedestrian -1 -1 -10 888.65 163.87 996.70 233.96 -1000 -1000 -1000 -10 -1 -1 -1
51 2596 Pedestrian -1 -1 -10 846.34 162.15 957.44 231.94 -1000 -1000 -1000 -10 -1 -1 -1
52 2596 Pedestrian -1 -1 -10 804.19 159.80 919.61 230.34 -1000 -1000 -1000 -10 -1 -1 -1
53 2596 Pedestrian -1 -1 -10 764.77 158.67 881.46 228.08 -1000 -1000 -1000 -10 -1 -1 -1
54 2596 Pedestrian -1 -1 -10 723.80 157.95 843.38 227.42 -1000 -1000 -1000 -10 -1 -1 -1
55 2596 Pedestrian -1 -1 -10 683.63 158.52 807.69 229.54 -1000 -1000 -1000 -10 -1 -1 -1
56 2596 Pedestrian -1 -1 -10 646.64 158.90 773.98 230.96 -1000 -1000 -1000 -10 -1 -1 -1
57 2596 Pedestrian -1 -1 -10 606.68 160.11 737.31 233.35 -1000 -1000 -1000 -10 -1 -1 -1
58 2596 Pedestrian -1 -1 -10 564.06 162.60 697.64 236.46 -1000 -1000 -1000 -10 -1 -1 -1
59 2596 Pedestrian -1 -1 -10 520.77 164.47 658.39 239.67 -1000 -1000 -1000 -10 -1 -1 -1
60 2596 Pedestrian -1 -1 -10 476.16 164.61 620.10 242.73 -1000 -1000 -1000 -10 -1 -1 -1
61 2596 Pedestrian -1 -1 -10 428.13 163.25 579.37 244.79 -1000 -1000 -1000 -10 -1 -1 -1
61 2637 Pedestrian -1 -1 -10 1151.68 191.07 1203.68 285.30 -1000 -1000 -1000 -10 -1 -1 -1
62 2596 Pedestrian -1 -1 -10 376.72 162.33 535.31 247.10 -1000 -1000 -1000 -10 -1 -1 -1
62 2637 Pedestrian -1 -1 -10 1129.36 189.14 1181.56 280.27 -1000 -1000 -1000 -10 -1 -1 -1
63 2596 Pedestrian -1 -1 -10 323.02 161.59 489.91 249.84 -1000 -1000 -1000 -10 -1 -1 -1
64 2596 Pedestrian -1 -1 -10 263.20 161.19 441.55 254.44 -1000 -1000 -1000 -10 -1 -1 -1
64 2642 Pedestrian -1 -1 -10 1010.23 192.69 1140.43 283.14 -1000 -1000 -1000 -10 -1 -1 -1
65 2596 Pedestrian -1 -1 -10 197.92 159.97 391.40 259.77 -1000 -1000 -1000 -10 -1 -1 -1
65 2642 Pedestrian -1 -1 -10 980.88 195.40 1109.86 284.73 -1000 -1000 -1000 -10 -1 -1 -1
65 2595 Pedestrian -1 -1 -10 919.00 182.03 948.43 225.98 -1000 -1000 -1000 -10 -1 -1 -1
66 2596 Pedestrian -1 -1 -10 127.22 158.75 335.77 264.42 -1000 -1000 -1000 -10 -1 -1 -1
66 2642 Pedestrian -1 -1 -10 942.61 194.82 1073.05 284.86 -1000 -1000 -1000 -10 -1 -1 -1
67 2596 Pedestrian -1 -1 -10 49.17 157.95 278.17 271.44 -1000 -1000 -1000 -10 -1 -1 -1
67 2642 Pedestrian -1 -1 -10 903.55 192.80 1036.29 284.37 -1000 -1000 -1000 -10 -1 -1 -1
68 2596 Pedestrian -1 -1 -10 -3.28 156.69 241.77 278.79 -1000 -1000 -1000 -10 -1 -1 -1
68 2642 Pedestrian -1 -1 -10 879.16 190.02 1016.55 284.38 -1000 -1000 -1000 -10 -1 -1 -1
68 2656 Pedestrian -1 -1 -10 859.58 179.25 946.85 238.35 -1000 -1000 -1000 -10 -1 -1 -1
69 2596 Pedestrian -1 -1 -10 -36.03 153.02 205.67 276.46 -1000 -1000 -1000 -10 -1 -1 -1
69 2642 Pedestrian -1 -1 -10 860.24 188.39 1002.93 285.53 -1000 -1000 -1000 -10 -1 -1 -1
69 2656 Pedestrian -1 -1 -10 838.91 178.23 929.23 239.40 -1000 -1000 -1000 -10 -1 -1 -1
70 2596 Pedestrian -1 -1 -10 -65.11 149.78 174.48 278.37 -1000 -1000 -1000 -10 -1 -1 -1
70 2642 Pedestrian -1 -1 -10 844.54 188.58 996.84 291.50 -1000 -1000 -1000 -10 -1 -1 -1
70 2656 Pedestrian -1 -1 -10 816.10 177.52 914.19 244.15 -1000 -1000 -1000 -10 -1 -1 -1
70 2660 Pedestrian -1 -1 -10 767.33 175.70 818.29 219.41 -1000 -1000 -1000 -10 -1 -1 -1
71 2642 Pedestrian -1 -1 -10 834.62 187.86 997.63 297.15 -1000 -1000 -1000 -10 -1 -1 -1
71 2656 Pedestrian -1 -1 -10 797.79 176.61 901.46 247.27 -1000 -1000 -1000 -10 -1 -1 -1
72 2642 Pedestrian -1 -1 -10 827.29 188.83 1001.87 304.88 -1000 -1000 -1000 -10 -1 -1 -1
72 2656 Pedestrian -1 -1 -10 785.02 177.33 892.02 250.51 -1000 -1000 -1000 -10 -1 -1 -1
73 2642 Pedestrian -1 -1 -10 822.01 190.22 1012.50 315.74 -1000 -1000 -1000 -10 -1 -1 -1
73 2656 Pedestrian -1 -1 -10 771.42 177.80 888.27 258.29 -1000 -1000 -1000 -10 -1 -1 -1
74 2642 Pedestrian -1 -1 -10 822.65 191.51 1030.94 327.37 -1000 -1000 -1000 -10 -1 -1 -1
74 2656 Pedestrian -1 -1 -10 763.87 179.08 888.77 265.78 -1000 -1000 -1000 -10 -1 -1 -1
75 2642 Pedestrian -1 -1 -10 829.04 193.38 1055.20 338.74 -1000 -1000 -1000 -10 -1 -1 -1
75 2656 Pedestrian -1 -1 -10 763.63 179.44 891.69 269.23 -1000 -1000 -1000 -10 -1 -1 -1
76 2642 Pedestrian -1 -1 -10 838.67 195.75 1094.19 357.47 -1000 -1000 -1000 -10 -1 -1 -1
76 2656 Pedestrian -1 -1 -10 763.35 180.67 895.58 273.56 -1000 -1000 -1000 -10 -1 -1 -1
77 2642 Pedestrian -1 -1 -10 855.87 197.61 1130.57 366.81 -1000 -1000 -1000 -10 -1 -1 -1
77 2656 Pedestrian -1 -1 -10 762.28 181.17 900.74 278.62 -1000 -1000 -1000 -10 -1 -1 -1
77 2672 Pedestrian -1 -1 -10 699.21 176.95 753.03 226.21 -1000 -1000 -1000 -10 -1 -1 -1
78 2642 Pedestrian -1 -1 -10 874.54 199.51 1159.83 369.42 -1000 -1000 -1000 -10 -1 -1 -1
78 2656 Pedestrian -1 -1 -10 764.36 182.01 908.34 283.50 -1000 -1000 -1000 -10 -1 -1 -1
79 2642 Pedestrian -1 -1 -10 888.39 201.71 1177.22 369.05 -1000 -1000 -1000 -10 -1 -1 -1
79 2656 Pedestrian -1 -1 -10 772.31 182.55 925.61 289.44 -1000 -1000 -1000 -10 -1 -1 -1
79 2674 Pedestrian -1 -1 -10 506.47 177.55 540.42 196.10 -1000 -1000 -1000 -10 -1 -1 -1
80 2642 Pedestrian -1 -1 -10 901.76 205.43 1190.77 369.53 -1000 -1000 -1000 -10 -1 -1 -1
80 2656 Pedestrian -1 -1 -10 781.84 182.23 947.21 295.99 -1000 -1000 -1000 -10 -1 -1 -1
80 2674 Pedestrian -1 -1 -10 498.98 175.89 535.72 195.99 -1000 -1000 -1000 -10 -1 -1 -1
80 2676 Pedestrian -1 -1 -10 243.97 171.63 345.50 225.85 -1000 -1000 -1000 -10 -1 -1 -1
80 2672 Pedestrian -1 -1 -10 689.15 175.65 751.27 232.59 -1000 -1000 -1000 -10 -1 -1 -1
81 2642 Pedestrian -1 -1 -10 917.78 209.62 1203.63 370.14 -1000 -1000 -1000 -10 -1 -1 -1
81 2656 Pedestrian -1 -1 -10 793.88 180.99 975.77 303.88 -1000 -1000 -1000 -10 -1 -1 -1
81 2674 Pedestrian -1 -1 -10 488.94 174.03 528.25 195.63 -1000 -1000 -1000 -10 -1 -1 -1
81 2676 Pedestrian -1 -1 -10 221.19 171.62 325.33 227.23 -1000 -1000 -1000 -10 -1 -1 -1
82 2642 Pedestrian -1 -1 -10 948.33 221.08 1214.08 369.53 -1000 -1000 -1000 -10 -1 -1 -1
82 2656 Pedestrian -1 -1 -10 805.79 181.69 1007.25 315.05 -1000 -1000 -1000 -10 -1 -1 -1
82 2674 Pedestrian -1 -1 -10 481.26 172.99 519.97 194.25 -1000 -1000 -1000 -10 -1 -1 -1
82 2676 Pedestrian -1 -1 -10 187.22 171.29 300.32 231.63 -1000 -1000 -1000 -10 -1 -1 -1
83 2642 Pedestrian -1 -1 -10 1009.11 263.25 1205.66 369.29 -1000 -1000 -1000 -10 -1 -1 -1
83 2656 Pedestrian -1 -1 -10 822.29 182.38 1045.98 326.84 -1000 -1000 -1000 -10 -1 -1 -1
83 2676 Pedestrian -1 -1 -10 152.27 170.92 273.01 235.19 -1000 -1000 -1000 -10 -1 -1 -1
84 2656 Pedestrian -1 -1 -10 839.01 182.65 1097.51 345.57 -1000 -1000 -1000 -10 -1 -1 -1
84 2676 Pedestrian -1 -1 -10 112.85 170.11 243.26 239.19 -1000 -1000 -1000 -10 -1 -1 -1
84 2672 Pedestrian -1 -1 -10 690.81 174.83 759.17 237.42 -1000 -1000 -1000 -10 -1 -1 -1
84 2674 Pedestrian -1 -1 -10 464.76 174.02 500.62 193.72 -1000 -1000 -1000 -10 -1 -1 -1
85 2656 Pedestrian -1 -1 -10 861.07 181.93 1153.76 361.26 -1000 -1000 -1000 -10 -1 -1 -1
85 2676 Pedestrian -1 -1 -10 68.77 169.34 211.03 244.07 -1000 -1000 -1000 -10 -1 -1 -1
85 2672 Pedestrian -1 -1 -10 694.50 175.06 765.32 240.10 -1000 -1000 -1000 -10 -1 -1 -1
85 2674 Pedestrian -1 -1 -10 455.29 174.94 491.82 194.95 -1000 -1000 -1000 -10 -1 -1 -1
86 2656 Pedestrian -1 -1 -10 875.47 182.55 1185.31 368.89 -1000 -1000 -1000 -10 -1 -1 -1
86 2676 Pedestrian -1 -1 -10 22.23 170.62 177.46 251.35 -1000 -1000 -1000 -10 -1 -1 -1
86 2672 Pedestrian -1 -1 -10 697.78 175.04 772.72 244.23 -1000 -1000 -1000 -10 -1 -1 -1
86 2674 Pedestrian -1 -1 -10 446.43 175.53 485.58 196.99 -1000 -1000 -1000 -10 -1 -1 -1
87 2656 Pedestrian -1 -1 -10 890.40 184.49 1205.15 371.73 -1000 -1000 -1000 -10 -1 -1 -1
87 2676 Pedestrian -1 -1 -10 -11.77 172.31 155.50 260.26 -1000 -1000 -1000 -10 -1 -1 -1
87 2672 Pedestrian -1 -1 -10 701.69 174.99 780.31 247.58 -1000 -1000 -1000 -10 -1 -1 -1
87 2674 Pedestrian -1 -1 -10 437.09 176.79 479.14 199.81 -1000 -1000 -1000 -10 -1 -1 -1
88 2656 Pedestrian -1 -1 -10 910.47 186.72 1220.75 370.99 -1000 -1000 -1000 -10 -1 -1 -1
88 2676 Pedestrian -1 -1 -10 -34.32 173.46 129.23 261.90 -1000 -1000 -1000 -10 -1 -1 -1
88 2672 Pedestrian -1 -1 -10 707.10 175.72 787.03 249.62 -1000 -1000 -1000 -10 -1 -1 -1
88 2674 Pedestrian -1 -1 -10 429.06 177.58 473.57 201.93 -1000 -1000 -1000 -10 -1 -1 -1
89 2656 Pedestrian -1 -1 -10 939.38 193.74 1233.82 369.93 -1000 -1000 -1000 -10 -1 -1 -1
89 2672 Pedestrian -1 -1 -10 715.36 176.30 797.97 252.50 -1000 -1000 -1000 -10 -1 -1 -1
89 2674 Pedestrian -1 -1 -10 422.48 179.10 465.34 202.23 -1000 -1000 -1000 -10 -1 -1 -1
90 2656 Pedestrian -1 -1 -10 995.29 225.15 1234.44 368.82 -1000 -1000 -1000 -10 -1 -1 -1
90 2672 Pedestrian -1 -1 -10 722.53 176.46 809.83 256.95 -1000 -1000 -1000 -10 -1 -1 -1
90 2674 Pedestrian -1 -1 -10 415.94 179.23 455.92 200.39 -1000 -1000 -1000 -10 -1 -1 -1
90 2678 Pedestrian -1 -1 -10 697.24 175.52 748.64 233.56 -1000 -1000 -1000 -10 -1 -1 -1
91 2672 Pedestrian -1 -1 -10 729.91 176.11 824.20 263.09 -1000 -1000 -1000 -10 -1 -1 -1
91 2674 Pedestrian -1 -1 -10 403.13 179.48 451.54 205.15 -1000 -1000 -1000 -10 -1 -1 -1
91 2678 Pedestrian -1 -1 -10 703.00 175.74 756.40 235.84 -1000 -1000 -1000 -10 -1 -1 -1
92 2672 Pedestrian -1 -1 -10 739.42 176.70 839.62 268.72 -1000 -1000 -1000 -10 -1 -1 -1
92 2674 Pedestrian -1 -1 -10 389.64 178.99 445.48 208.90 -1000 -1000 -1000 -10 -1 -1 -1
92 2678 Pedestrian -1 -1 -10 707.61 176.41 764.03 239.57 -1000 -1000 -1000 -10 -1 -1 -1
93 2672 Pedestrian -1 -1 -10 749.44 176.74 855.47 273.01 -1000 -1000 -1000 -10 -1 -1 -1
93 2674 Pedestrian -1 -1 -10 377.19 178.65 435.90 210.12 -1000 -1000 -1000 -10 -1 -1 -1
93 2678 Pedestrian -1 -1 -10 712.13 176.59 770.37 241.42 -1000 -1000 -1000 -10 -1 -1 -1
94 2672 Pedestrian -1 -1 -10 762.39 176.14 875.53 277.54 -1000 -1000 -1000 -10 -1 -1 -1
94 2674 Pedestrian -1 -1 -10 366.19 179.09 425.64 210.75 -1000 -1000 -1000 -10 -1 -1 -1
94 2678 Pedestrian -1 -1 -10 718.14 176.47 778.94 243.14 -1000 -1000 -1000 -10 -1 -1 -1
95 2672 Pedestrian -1 -1 -10 771.74 176.27 897.31 287.24 -1000 -1000 -1000 -10 -1 -1 -1
95 2674 Pedestrian -1 -1 -10 351.27 178.60 414.24 212.12 -1000 -1000 -1000 -10 -1 -1 -1
95 2678 Pedestrian -1 -1 -10 724.77 176.18 791.27 248.34 -1000 -1000 -1000 -10 -1 -1 -1
96 2672 Pedestrian -1 -1 -10 787.77 177.22 926.43 297.13 -1000 -1000 -1000 -10 -1 -1 -1
96 2674 Pedestrian -1 -1 -10 337.27 179.11 401.01 212.72 -1000 -1000 -1000 -10 -1 -1 -1
96 2678 Pedestrian -1 -1 -10 730.18 176.86 803.18 255.32 -1000 -1000 -1000 -10 -1 -1 -1
96 2680 Pedestrian -1 -1 -10 697.60 178.55 747.41 233.75 -1000 -1000 -1000 -10 -1 -1 -1
97 2672 Pedestrian -1 -1 -10 807.25 177.86 963.06 308.88 -1000 -1000 -1000 -10 -1 -1 -1
97 2674 Pedestrian -1 -1 -10 320.48 180.28 387.14 215.06 -1000 -1000 -1000 -10 -1 -1 -1
97 2678 Pedestrian -1 -1 -10 737.67 176.01 820.59 263.98 -1000 -1000 -1000 -10 -1 -1 -1
97 2680 Pedestrian -1 -1 -10 684.52 178.67 730.94 230.22 -1000 -1000 -1000 -10 -1 -1 -1
98 2672 Pedestrian -1 -1 -10 823.00 179.17 1019.77 342.47 -1000 -1000 -1000 -10 -1 -1 -1
98 2674 Pedestrian -1 -1 -10 298.94 180.63 374.51 219.85 -1000 -1000 -1000 -10 -1 -1 -1
98 2678 Pedestrian -1 -1 -10 747.49 176.58 838.08 271.06 -1000 -1000 -1000 -10 -1 -1 -1
98 2680 Pedestrian -1 -1 -10 680.30 179.58 726.16 230.54 -1000 -1000 -1000 -10 -1 -1 -1
99 2672 Pedestrian -1 -1 -10 858.07 180.21 1082.60 359.49 -1000 -1000 -1000 -10 -1 -1 -1
99 2674 Pedestrian -1 -1 -10 276.38 180.22 360.72 223.80 -1000 -1000 -1000 -10 -1 -1 -1
99 2678 Pedestrian -1 -1 -10 758.29 176.13 858.68 278.99 -1000 -1000 -1000 -10 -1 -1 -1
99 2680 Pedestrian -1 -1 -10 683.92 178.97 730.61 230.88 -1000 -1000 -1000 -10 -1 -1 -1
99 2682 Pedestrian -1 -1 -10 714.18 179.60 771.82 247.37 -1000 -1000 -1000 -10 -1 -1 -1
100 2672 Pedestrian -1 -1 -10 900.50 181.95 1143.22 366.47 -1000 -1000 -1000 -10 -1 -1 -1
100 2674 Pedestrian -1 -1 -10 250.37 180.65 341.54 227.31 -1000 -1000 -1000 -10 -1 -1 -1
100 2678 Pedestrian -1 -1 -10 775.43 175.94 889.95 289.56 -1000 -1000 -1000 -10 -1 -1 -1
100 2680 Pedestrian -1 -1 -10 687.75 180.15 734.38 232.01 -1000 -1000 -1000 -10 -1 -1 -1
100 2682 Pedestrian -1 -1 -10 722.89 178.98 781.72 248.07 -1000 -1000 -1000 -10 -1 -1 -1
101 2672 Pedestrian -1 -1 -10 930.59 183.75 1181.65 369.35 -1000 -1000 -1000 -10 -1 -1 -1
101 2674 Pedestrian -1 -1 -10 222.63 180.16 320.33 229.49 -1000 -1000 -1000 -10 -1 -1 -1
101 2678 Pedestrian -1 -1 -10 793.74 175.42 924.86 300.44 -1000 -1000 -1000 -10 -1 -1 -1
101 2682 Pedestrian -1 -1 -10 731.69 179.76 793.72 252.50 -1000 -1000 -1000 -10 -1 -1 -1
102 2672 Pedestrian -1 -1 -10 966.26 192.46 1208.51 369.53 -1000 -1000 -1000 -10 -1 -1 -1
102 2674 Pedestrian -1 -1 -10 190.08 180.36 298.05 234.15 -1000 -1000 -1000 -10 -1 -1 -1
102 2678 Pedestrian -1 -1 -10 813.30 174.47 968.72 316.76 -1000 -1000 -1000 -10 -1 -1 -1
102 2682 Pedestrian -1 -1 -10 737.78 179.19 806.75 259.83 -1000 -1000 -1000 -10 -1 -1 -1
102 2680 Pedestrian -1 -1 -10 696.83 178.17 749.80 237.04 -1000 -1000 -1000 -10 -1 -1 -1
103 2672 Pedestrian -1 -1 -10 1022.70 215.49 1231.10 369.39 -1000 -1000 -1000 -10 -1 -1 -1
103 2674 Pedestrian -1 -1 -10 153.01 180.67 271.47 238.49 -1000 -1000 -1000 -10 -1 -1 -1
103 2678 Pedestrian -1 -1 -10 837.90 175.22 1026.78 341.18 -1000 -1000 -1000 -10 -1 -1 -1
103 2682 Pedestrian -1 -1 -10 753.38 181.87 824.74 264.36 -1000 -1000 -1000 -10 -1 -1 -1
103 2680 Pedestrian -1 -1 -10 697.21 177.50 754.01 239.51 -1000 -1000 -1000 -10 -1 -1 -1
104 2674 Pedestrian -1 -1 -10 109.43 182.50 239.89 244.78 -1000 -1000 -1000 -10 -1 -1 -1
104 2678 Pedestrian -1 -1 -10 876.51 177.40 1097.57 360.54 -1000 -1000 -1000 -10 -1 -1 -1
104 2682 Pedestrian -1 -1 -10 762.17 182.13 844.36 275.90 -1000 -1000 -1000 -10 -1 -1 -1
104 2680 Pedestrian -1 -1 -10 705.59 177.86 764.08 241.63 -1000 -1000 -1000 -10 -1 -1 -1
105 2674 Pedestrian -1 -1 -10 55.48 184.90 203.38 253.77 -1000 -1000 -1000 -10 -1 -1 -1
105 2678 Pedestrian -1 -1 -10 906.87 179.53 1147.24 368.74 -1000 -1000 -1000 -10 -1 -1 -1
105 2682 Pedestrian -1 -1 -10 775.98 185.20 867.22 286.28 -1000 -1000 -1000 -10 -1 -1 -1
105 2680 Pedestrian -1 -1 -10 709.77 178.83 772.29 246.03 -1000 -1000 -1000 -10 -1 -1 -1
