1 2838 Pedestrian -1 -1 -10 387.50 153.65 498.01 358.99 -1000 -1000 -1000 -10 -1 -1 -1
1 2839 Pedestrian -1 -1 -10 494.44 143.25 549.49 331.47 -1000 -1000 -1000 -10 -1 -1 -1
1 2840 Pedestrian -1 -1 -10 -0.17 96.53 258.94 363.04 -1000 -1000 -1000 -10 -1 -1 -1
2 2838 Pedestrian -1 -1 -10 397.99 151.74 507.92 357.15 -1000 -1000 -1000 -10 -1 -1 -1
2 2839 Pedestrian -1 -1 -10 506.30 143.65 561.83 332.91 -1000 -1000 -1000 -10 -1 -1 -1
2 2840 Pedestrian -1 -1 -10 0.05 96.59 259.04 362.97 -1000 -1000 -1000 -10 -1 -1 -1
3 2838 Pedestrian -1 -1 -10 416.46 149.15 527.23 358.77 -1000 -1000 -1000 -10 -1 -1 -1
3 2839 Pedestrian -1 -1 -10 516.23 131.58 577.95 341.03 -1000 -1000 -1000 -10 -1 -1 -1
3 2840 Pedestrian -1 -1 -10 0.10 96.78 258.84 362.91 -1000 -1000 -1000 -10 -1 -1 -1
4 2838 Pedestrian -1 -1 -10 435.22 148.54 548.33 364.95 -1000 -1000 -1000 -10 -1 -1 -1
4 2839 Pedestrian -1 -1 -10 528.31 140.08 588.54 341.60 -1000 -1000 -1000 -10 -1 -1 -1
4 2840 Pedestrian -1 -1 -10 0.54 96.68 259.31 362.77 -1000 -1000 -1000 -10 -1 -1 -1
5 2838 Pedestrian -1 -1 -10 449.10 147.49 560.86 363.25 -1000 -1000 -1000 -10 -1 -1 -1
5 2839 Pedestrian -1 -1 -10 535.84 144.24 597.97 348.56 -1000 -1000 -1000 -10 -1 -1 -1
5 2840 Pedestrian -1 -1 -10 0.56 96.55 259.57 362.84 -1000 -1000 -1000 -10 -1 -1 -1
6 2838 Pedestrian -1 -1 -10 459.98 151.64 570.28 366.23 -1000 -1000 -1000 -10 -1 -1 -1
6 2839 Pedestrian -1 -1 -10 544.92 145.34 607.70 349.40 -1000 -1000 -1000 -10 -1 -1 -1
6 2840 Pedestrian -1 -1 -10 0.53 96.45 259.62 362.78 -1000 -1000 -1000 -10 -1 -1 -1
7 2838 Pedestrian -1 -1 -10 474.60 153.97 582.94 366.50 -1000 -1000 -1000 -10 -1 -1 -1
7 2839 Pedestrian -1 -1 -10 557.01 144.15 619.86 349.81 -1000 -1000 -1000 -10 -1 -1 -1
7 2840 Pedestrian -1 -1 -10 0.66 96.22 260.02 362.75 -1000 -1000 -1000 -10 -1 -1 -1
7 2842 Pedestrian -1 -1 -10 283.64 211.08 404.95 297.01 -1000 -1000 -1000 -10 -1 -1 -1
8 2838 Pedestrian -1 -1 -10 490.12 153.75 596.81 369.16 -1000 -1000 -1000 -10 -1 -1 -1
8 2839 Pedestrian -1 -1 -10 572.30 142.68 635.38 350.76 -1000 -1000 -1000 -10 -1 -1 -1
8 2840 Pedestrian -1 -1 -10 0.59 95.70 260.84 363.12 -1000 -1000 -1000 -10 -1 -1 -1
9 2838 Pedestrian -1 -1 -10 504.08 153.48 608.67 370.21 -1000 -1000 -1000 -10 -1 -1 -1
9 2839 Pedestrian -1 -1 -10 588.86 143.48 653.51 352.99 -1000 -1000 -1000 -10 -1 -1 -1
9 2840 Pedestrian -1 -1 -10 0.49 95.79 260.79 363.25 -1000 -1000 -1000 -10 -1 -1 -1
9 2842 Pedestrian -1 -1 -10 289.17 211.02 409.19 296.20 -1000 -1000 -1000 -10 -1 -1 -1
10 2838 Pedestrian -1 -1 -10 523.72 153.85 627.95 370.45 -1000 -1000 -1000 -10 -1 -1 -1
10 2839 Pedestrian -1 -1 -10 602.53 144.58 669.15 354.77 -1000 -1000 -1000 -10 -1 -1 -1
10 2840 Pedestrian -1 -1 -10 0.00 95.91 260.52 363.77 -1000 -1000 -1000 -10 -1 -1 -1
10 2842 Pedestrian -1 -1 -10 290.83 212.58 408.40 296.18 -1000 -1000 -1000 -10 -1 -1 -1
11 2838 Pedestrian -1 -1 -10 535.46 153.37 640.09 369.75 -1000 -1000 -1000 -10 -1 -1 -1
11 2839 Pedestrian -1 -1 -10 616.89 146.17 684.80 359.02 -1000 -1000 -1000 -10 -1 -1 -1
11 2840 Pedestrian -1 -1 -10 0.09 95.64 260.70 363.62 -1000 -1000 -1000 -10 -1 -1 -1
11 2842 Pedestrian -1 -1 -10 289.50 211.38 408.71 296.31 -1000 -1000 -1000 -10 -1 -1 -1
11 2844 Pedestrian -1 -1 -10 245.27 141.27 303.42 316.01 -1000 -1000 -1000 -10 -1 -1 -1
12 2838 Pedestrian -1 -1 -10 542.84 155.12 646.62 370.10 -1000 -1000 -1000 -10 -1 -1 -1
12 2839 Pedestrian -1 -1 -10 626.64 146.25 694.46 360.28 -1000 -1000 -1000 -10 -1 -1 -1
12 2840 Pedestrian -1 -1 -10 0.37 95.56 260.97 363.50 -1000 -1000 -1000 -10 -1 -1 -1
13 2838 Pedestrian -1 -1 -10 557.91 153.85 660.49 370.34 -1000 -1000 -1000 -10 -1 -1 -1
13 2839 Pedestrian -1 -1 -10 635.48 146.14 702.45 360.11 -1000 -1000 -1000 -10 -1 -1 -1
13 2840 Pedestrian -1 -1 -10 0.42 95.80 260.80 363.48 -1000 -1000 -1000 -10 -1 -1 -1
13 2844 Pedestrian -1 -1 -10 265.69 145.42 324.57 319.68 -1000 -1000 -1000 -10 -1 -1 -1
14 2838 Pedestrian -1 -1 -10 574.72 150.84 675.09 370.40 -1000 -1000 -1000 -10 -1 -1 -1
14 2839 Pedestrian -1 -1 -10 648.75 144.96 717.19 363.75 -1000 -1000 -1000 -10 -1 -1 -1
14 2840 Pedestrian -1 -1 -10 0.21 95.80 260.56 363.51 -1000 -1000 -1000 -10 -1 -1 -1
14 2844 Pedestrian -1 -1 -10 277.26 145.18 339.18 326.03 -1000 -1000 -1000 -10 -1 -1 -1
15 2838 Pedestrian -1 -1 -10 586.72 149.84 687.30 370.39 -1000 -1000 -1000 -10 -1 -1 -1
15 2839 Pedestrian -1 -1 -10 662.69 145.09 732.77 366.80 -1000 -1000 -1000 -10 -1 -1 -1
15 2840 Pedestrian -1 -1 -10 0.58 95.66 261.12 363.46 -1000 -1000 -1000 -10 -1 -1 -1
15 2844 Pedestrian -1 -1 -10 287.45 146.57 349.20 325.36 -1000 -1000 -1000 -10 -1 -1 -1
16 2838 Pedestrian -1 -1 -10 597.33 151.85 698.84 370.36 -1000 -1000 -1000 -10 -1 -1 -1
16 2839 Pedestrian -1 -1 -10 676.20 147.60 747.09 368.63 -1000 -1000 -1000 -10 -1 -1 -1
16 2840 Pedestrian -1 -1 -10 0.63 95.51 261.43 363.53 -1000 -1000 -1000 -10 -1 -1 -1
16 2844 Pedestrian -1 -1 -10 306.60 143.54 368.59 323.03 -1000 -1000 -1000 -10 -1 -1 -1
17 2838 Pedestrian -1 -1 -10 608.20 154.60 710.87 370.32 -1000 -1000 -1000 -10 -1 -1 -1
17 2839 Pedestrian -1 -1 -10 686.66 146.85 758.66 368.84 -1000 -1000 -1000 -10 -1 -1 -1
17 2840 Pedestrian -1 -1 -10 0.16 95.48 260.89 363.51 -1000 -1000 -1000 -10 -1 -1 -1
17 2844 Pedestrian -1 -1 -10 323.39 142.34 386.89 323.83 -1000 -1000 -1000 -10 -1 -1 -1
17 2846 Pedestrian -1 -1 -10 510.05 145.18 529.83 208.51 -1000 -1000 -1000 -10 -1 -1 -1
17 2828 Pedestrian -1 -1 -10 1153.25 145.43 1249.67 368.29 -1000 -1000 -1000 -10 -1 -1 -1
18 2838 Pedestrian -1 -1 -10 620.85 153.25 723.12 370.20 -1000 -1000 -1000 -10 -1 -1 -1
18 2839 Pedestrian -1 -1 -10 696.48 145.90 768.76 369.52 -1000 -1000 -1000 -10 -1 -1 -1
18 2840 Pedestrian -1 -1 -10 0.18 95.52 260.74 363.40 -1000 -1000 -1000 -10 -1 -1 -1
18 2844 Pedestrian -1 -1 -10 340.68 141.36 406.80 323.62 -1000 -1000 -1000 -10 -1 -1 -1
18 2846 Pedestrian -1 -1 -10 510.12 144.77 530.23 209.01 -1000 -1000 -1000 -10 -1 -1 -1
18 2847 Pedestrian -1 -1 -10 261.88 138.11 321.35 335.28 -1000 -1000 -1000 -10 -1 -1 -1
18 2848 Pedestrian -1 -1 -10 387.24 183.98 482.81 277.94 -1000 -1000 -1000 -10 -1 -1 -1
18 2828 Pedestrian -1 -1 -10 1142.53 148.54 1235.90 369.69 -1000 -1000 -1000 -10 -1 -1 -1
19 2838 Pedestrian -1 -1 -10 641.93 152.06 741.74 369.24 -1000 -1000 -1000 -10 -1 -1 -1
19 2839 Pedestrian -1 -1 -10 709.23 142.94 781.51 369.58 -1000 -1000 -1000 -10 -1 -1 -1
19 2840 Pedestrian -1 -1 -10 0.46 95.37 261.24 363.42 -1000 -1000 -1000 -10 -1 -1 -1
19 2844 Pedestrian -1 -1 -10 348.60 142.79 416.45 324.27 -1000 -1000 -1000 -10 -1 -1 -1
19 2846 Pedestrian -1 -1 -10 510.39 142.89 531.16 208.86 -1000 -1000 -1000 -10 -1 -1 -1
19 2847 Pedestrian -1 -1 -10 273.67 131.92 336.32 339.26 -1000 -1000 -1000 -10 -1 -1 -1
19 2848 Pedestrian -1 -1 -10 394.35 192.22 482.08 278.51 -1000 -1000 -1000 -10 -1 -1 -1
19 2828 Pedestrian -1 -1 -10 1121.33 147.88 1214.99 370.67 -1000 -1000 -1000 -10 -1 -1 -1
19 2849 Pedestrian -1 -1 -10 538.57 139.85 565.96 197.70 -1000 -1000 -1000 -10 -1 -1 -1
20 2838 Pedestrian -1 -1 -10 661.11 150.60 759.85 369.41 -1000 -1000 -1000 -10 -1 -1 -1
20 2839 Pedestrian -1 -1 -10 726.04 141.36 799.11 369.88 -1000 -1000 -1000 -10 -1 -1 -1
20 2840 Pedestrian -1 -1 -10 0.11 95.41 260.78 363.42 -1000 -1000 -1000 -10 -1 -1 -1
20 2844 Pedestrian -1 -1 -10 357.09 143.84 424.07 323.14 -1000 -1000 -1000 -10 -1 -1 -1
20 2846 Pedestrian -1 -1 -10 511.70 141.21 533.02 208.51 -1000 -1000 -1000 -10 -1 -1 -1
20 2847 Pedestrian -1 -1 -10 282.19 133.26 345.82 342.31 -1000 -1000 -1000 -10 -1 -1 -1
20 2828 Pedestrian -1 -1 -10 1090.37 146.49 1182.26 370.24 -1000 -1000 -1000 -10 -1 -1 -1
20 2849 Pedestrian -1 -1 -10 538.05 140.79 565.09 198.08 -1000 -1000 -1000 -10 -1 -1 -1
21 2838 Pedestrian -1 -1 -10 680.81 151.95 779.38 369.72 -1000 -1000 -1000 -10 -1 -1 -1
21 2839 Pedestrian -1 -1 -10 743.64 142.76 816.77 368.53 -1000 -1000 -1000 -10 -1 -1 -1
21 2840 Pedestrian -1 -1 -10 0.54 95.34 261.24 363.29 -1000 -1000 -1000 -10 -1 -1 -1
21 2844 Pedestrian -1 -1 -10 369.74 144.42 436.06 324.11 -1000 -1000 -1000 -10 -1 -1 -1
21 2846 Pedestrian -1 -1 -10 512.77 141.31 534.48 208.98 -1000 -1000 -1000 -10 -1 -1 -1
21 2847 Pedestrian -1 -1 -10 297.76 135.39 349.58 302.87 -1000 -1000 -1000 -10 -1 -1 -1
21 2828 Pedestrian -1 -1 -10 1048.56 150.45 1145.19 369.85 -1000 -1000 -1000 -10 -1 -1 -1
21 2849 Pedestrian -1 -1 -10 538.38 140.33 565.75 198.70 -1000 -1000 -1000 -10 -1 -1 -1
22 2838 Pedestrian -1 -1 -10 693.49 152.09 793.01 369.35 -1000 -1000 -1000 -10 -1 -1 -1
22 2839 Pedestrian -1 -1 -10 763.86 144.83 837.98 368.49 -1000 -1000 -1000 -10 -1 -1 -1
22 2840 Pedestrian -1 -1 -10 0.68 95.56 261.06 363.08 -1000 -1000 -1000 -10 -1 -1 -1
22 2844 Pedestrian -1 -1 -10 383.75 143.47 450.78 328.10 -1000 -1000 -1000 -10 -1 -1 -1
22 2847 Pedestrian -1 -1 -10 305.35 133.43 356.26 295.51 -1000 -1000 -1000 -10 -1 -1 -1
22 2828 Pedestrian -1 -1 -10 1011.30 154.52 1112.41 369.85 -1000 -1000 -1000 -10 -1 -1 -1
23 2838 Pedestrian -1 -1 -10 702.51 151.81 804.43 369.85 -1000 -1000 -1000 -10 -1 -1 -1
23 2839 Pedestrian -1 -1 -10 778.20 145.81 852.23 368.17 -1000 -1000 -1000 -10 -1 -1 -1
23 2840 Pedestrian -1 -1 -10 0.42 95.58 260.63 362.97 -1000 -1000 -1000 -10 -1 -1 -1
23 2844 Pedestrian -1 -1 -10 404.33 162.91 466.54 327.60 -1000 -1000 -1000 -10 -1 -1 -1
23 2847 Pedestrian -1 -1 -10 318.39 129.99 379.28 322.03 -1000 -1000 -1000 -10 -1 -1 -1
23 2828 Pedestrian -1 -1 -10 978.99 155.56 1083.41 370.17 -1000 -1000 -1000 -10 -1 -1 -1
24 2838 Pedestrian -1 -1 -10 715.75 149.97 817.28 370.03 -1000 -1000 -1000 -10 -1 -1 -1
24 2839 Pedestrian -1 -1 -10 791.97 144.24 865.69 368.46 -1000 -1000 -1000 -10 -1 -1 -1
24 2840 Pedestrian -1 -1 -10 -0.28 95.65 259.90 363.23 -1000 -1000 -1000 -10 -1 -1 -1
24 2844 Pedestrian -1 -1 -10 410.34 155.89 478.44 330.75 -1000 -1000 -1000 -10 -1 -1 -1
24 2847 Pedestrian -1 -1 -10 327.53 131.02 391.98 334.28 -1000 -1000 -1000 -10 -1 -1 -1
24 2828 Pedestrian -1 -1 -10 947.19 152.27 1051.23 370.52 -1000 -1000 -1000 -10 -1 -1 -1
24 2849 Pedestrian -1 -1 -10 540.68 143.61 566.58 199.49 -1000 -1000 -1000 -10 -1 -1 -1
25 2838 Pedestrian -1 -1 -10 739.94 146.12 840.72 368.49 -1000 -1000 -1000 -10 -1 -1 -1
25 2839 Pedestrian -1 -1 -10 806.83 141.70 881.18 369.19 -1000 -1000 -1000 -10 -1 -1 -1
25 2840 Pedestrian -1 -1 -10 0.41 95.73 260.67 363.30 -1000 -1000 -1000 -10 -1 -1 -1
25 2844 Pedestrian -1 -1 -10 422.30 156.55 492.02 333.61 -1000 -1000 -1000 -10 -1 -1 -1
25 2847 Pedestrian -1 -1 -10 338.73 131.53 406.81 342.30 -1000 -1000 -1000 -10 -1 -1 -1
25 2828 Pedestrian -1 -1 -10 923.14 152.63 1025.01 369.47 -1000 -1000 -1000 -10 -1 -1 -1
25 2846 Pedestrian -1 -1 -10 519.60 140.20 542.87 212.30 -1000 -1000 -1000 -10 -1 -1 -1
26 2838 Pedestrian -1 -1 -10 758.56 145.82 862.09 368.51 -1000 -1000 -1000 -10 -1 -1 -1
26 2839 Pedestrian -1 -1 -10 827.76 140.66 903.56 368.32 -1000 -1000 -1000 -10 -1 -1 -1
26 2840 Pedestrian -1 -1 -10 0.69 95.56 261.15 363.24 -1000 -1000 -1000 -10 -1 -1 -1
26 2844 Pedestrian -1 -1 -10 438.00 148.46 510.20 334.02 -1000 -1000 -1000 -10 -1 -1 -1
26 2847 Pedestrian -1 -1 -10 347.79 131.17 419.50 347.29 -1000 -1000 -1000 -10 -1 -1 -1
26 2828 Pedestrian -1 -1 -10 891.18 154.73 996.70 370.16 -1000 -1000 -1000 -10 -1 -1 -1
26 2846 Pedestrian -1 -1 -10 520.58 140.83 544.64 214.61 -1000 -1000 -1000 -10 -1 -1 -1
27 2838 Pedestrian -1 -1 -10 765.11 146.55 871.02 367.79 -1000 -1000 -1000 -10 -1 -1 -1
27 2839 Pedestrian -1 -1 -10 842.19 145.09 916.92 368.70 -1000 -1000 -1000 -10 -1 -1 -1
27 2840 Pedestrian -1 -1 -10 0.99 95.68 261.59 363.32 -1000 -1000 -1000 -10 -1 -1 -1
27 2844 Pedestrian -1 -1 -10 450.63 147.07 521.72 333.59 -1000 -1000 -1000 -10 -1 -1 -1
27 2847 Pedestrian -1 -1 -10 361.37 131.29 431.27 340.36 -1000 -1000 -1000 -10 -1 -1 -1
28 2838 Pedestrian -1 -1 -10 772.26 149.73 878.55 369.23 -1000 -1000 -1000 -10 -1 -1 -1
28 2840 Pedestrian -1 -1 -10 0.47 96.08 260.37 362.96 -1000 -1000 -1000 -10 -1 -1 -1
28 2844 Pedestrian -1 -1 -10 469.51 145.37 544.37 336.48 -1000 -1000 -1000 -10 -1 -1 -1
28 2847 Pedestrian -1 -1 -10 375.56 130.48 438.69 318.69 -1000 -1000 -1000 -10 -1 -1 -1
28 2828 Pedestrian -1 -1 -10 855.11 147.83 962.13 370.40 -1000 -1000 -1000 -10 -1 -1 -1
29 2838 Pedestrian -1 -1 -10 798.35 149.67 904.76 367.46 -1000 -1000 -1000 -10 -1 -1 -1
29 2840 Pedestrian -1 -1 -10 0.26 96.23 260.11 363.05 -1000 -1000 -1000 -10 -1 -1 -1
29 2844 Pedestrian -1 -1 -10 478.15 143.99 557.00 340.22 -1000 -1000 -1000 -10 -1 -1 -1
29 2847 Pedestrian -1 -1 -10 382.55 128.48 454.07 344.59 -1000 -1000 -1000 -10 -1 -1 -1
29 2839 Pedestrian -1 -1 -10 883.82 145.89 960.76 369.94 -1000 -1000 -1000 -10 -1 -1 -1
30 2838 Pedestrian -1 -1 -10 798.33 153.29 905.12 367.27 -1000 -1000 -1000 -10 -1 -1 -1
30 2840 Pedestrian -1 -1 -10 0.36 95.92 260.91 363.43 -1000 -1000 -1000 -10 -1 -1 -1
30 2844 Pedestrian -1 -1 -10 483.65 150.85 561.31 341.19 -1000 -1000 -1000 -10 -1 -1 -1
30 2847 Pedestrian -1 -1 -10 392.11 131.00 466.92 354.69 -1000 -1000 -1000 -10 -1 -1 -1
30 2839 Pedestrian -1 -1 -10 902.86 144.49 980.74 368.47 -1000 -1000 -1000 -10 -1 -1 -1
31 2838 Pedestrian -1 -1 -10 837.90 146.56 948.42 368.85 -1000 -1000 -1000 -10 -1 -1 -1
31 2840 Pedestrian -1 -1 -10 0.40 96.54 259.87 362.85 -1000 -1000 -1000 -10 -1 -1 -1
31 2844 Pedestrian -1 -1 -10 496.71 150.01 573.78 342.67 -1000 -1000 -1000 -10 -1 -1 -1
31 2847 Pedestrian -1 -1 -10 401.64 133.56 480.41 363.68 -1000 -1000 -1000 -10 -1 -1 -1
31 2839 Pedestrian -1 -1 -10 919.24 139.21 998.36 368.06 -1000 -1000 -1000 -10 -1 -1 -1
31 2828 Pedestrian -1 -1 -10 770.72 159.85 870.54 364.13 -1000 -1000 -1000 -10 -1 -1 -1
32 2838 Pedestrian -1 -1 -10 871.19 147.37 983.56 369.01 -1000 -1000 -1000 -10 -1 -1 -1
32 2840 Pedestrian -1 -1 -10 0.37 96.78 259.55 362.72 -1000 -1000 -1000 -10 -1 -1 -1
32 2844 Pedestrian -1 -1 -10 514.33 147.37 592.62 348.64 -1000 -1000 -1000 -10 -1 -1 -1
32 2847 Pedestrian -1 -1 -10 411.64 134.28 490.77 363.64 -1000 -1000 -1000 -10 -1 -1 -1
32 2839 Pedestrian -1 -1 -10 940.34 138.51 1019.40 368.28 -1000 -1000 -1000 -10 -1 -1 -1
32 2828 Pedestrian -1 -1 -10 748.27 161.67 847.25 363.68 -1000 -1000 -1000 -10 -1 -1 -1
33 2838 Pedestrian -1 -1 -10 888.90 148.50 1001.26 368.87 -1000 -1000 -1000 -10 -1 -1 -1
33 2840 Pedestrian -1 -1 -10 -0.00 96.68 259.29 362.77 -1000 -1000 -1000 -10 -1 -1 -1
33 2844 Pedestrian -1 -1 -10 533.42 148.92 612.73 352.72 -1000 -1000 -1000 -10 -1 -1 -1
33 2847 Pedestrian -1 -1 -10 426.87 131.29 505.00 360.36 -1000 -1000 -1000 -10 -1 -1 -1
33 2839 Pedestrian -1 -1 -10 960.67 137.92 1040.72 368.46 -1000 -1000 -1000 -10 -1 -1 -1
33 2828 Pedestrian -1 -1 -10 724.79 159.30 818.43 359.19 -1000 -1000 -1000 -10 -1 -1 -1
34 2838 Pedestrian -1 -1 -10 922.56 147.99 1037.55 369.52 -1000 -1000 -1000 -10 -1 -1 -1
34 2840 Pedestrian -1 -1 -10 0.16 96.69 259.67 362.95 -1000 -1000 -1000 -10 -1 -1 -1
34 2844 Pedestrian -1 -1 -10 545.65 151.62 627.51 357.25 -1000 -1000 -1000 -10 -1 -1 -1
34 2847 Pedestrian -1 -1 -10 443.40 127.78 522.91 361.86 -1000 -1000 -1000 -10 -1 -1 -1
34 2839 Pedestrian -1 -1 -10 989.12 141.81 1068.49 368.96 -1000 -1000 -1000 -10 -1 -1 -1
34 2828 Pedestrian -1 -1 -10 701.79 159.69 794.85 356.61 -1000 -1000 -1000 -10 -1 -1 -1
35 2838 Pedestrian -1 -1 -10 938.18 145.04 1052.26 369.30 -1000 -1000 -1000 -10 -1 -1 -1
35 2840 Pedestrian -1 -1 -10 0.45 96.98 259.59 362.75 -1000 -1000 -1000 -10 -1 -1 -1
35 2844 Pedestrian -1 -1 -10 556.49 151.25 641.25 362.08 -1000 -1000 -1000 -10 -1 -1 -1
35 2847 Pedestrian -1 -1 -10 460.57 129.97 540.55 364.60 -1000 -1000 -1000 -10 -1 -1 -1
35 2839 Pedestrian -1 -1 -10 1014.48 141.84 1093.83 369.02 -1000 -1000 -1000 -10 -1 -1 -1
35 2828 Pedestrian -1 -1 -10 682.80 163.29 777.35 354.92 -1000 -1000 -1000 -10 -1 -1 -1
36 2838 Pedestrian -1 -1 -10 963.49 143.22 1077.82 368.55 -1000 -1000 -1000 -10 -1 -1 -1
36 2840 Pedestrian -1 -1 -10 0.36 97.07 259.51 362.78 -1000 -1000 -1000 -10 -1 -1 -1
36 2844 Pedestrian -1 -1 -10 573.54 149.24 657.62 360.20 -1000 -1000 -1000 -10 -1 -1 -1
36 2847 Pedestrian -1 -1 -10 472.34 131.18 554.58 366.51 -1000 -1000 -1000 -10 -1 -1 -1
36 2839 Pedestrian -1 -1 -10 1039.85 139.25 1118.51 368.09 -1000 -1000 -1000 -10 -1 -1 -1
36 2828 Pedestrian -1 -1 -10 667.24 163.64 761.16 352.40 -1000 -1000 -1000 -10 -1 -1 -1
37 2838 Pedestrian -1 -1 -10 997.79 142.15 1115.44 367.74 -1000 -1000 -1000 -10 -1 -1 -1
37 2840 Pedestrian -1 -1 -10 0.15 96.80 259.58 362.79 -1000 -1000 -1000 -10 -1 -1 -1
37 2844 Pedestrian -1 -1 -10 587.05 147.25 670.66 361.31 -1000 -1000 -1000 -10 -1 -1 -1
37 2847 Pedestrian -1 -1 -10 481.81 142.10 563.33 368.99 -1000 -1000 -1000 -10 -1 -1 -1
37 2828 Pedestrian -1 -1 -10 644.27 159.94 735.24 350.14 -1000 -1000 -1000 -10 -1 -1 -1
38 2838 Pedestrian -1 -1 -10 1027.36 142.31 1148.21 367.59 -1000 -1000 -1000 -10 -1 -1 -1
38 2840 Pedestrian -1 -1 -10 0.19 96.08 260.66 363.16 -1000 -1000 -1000 -10 -1 -1 -1
38 2844 Pedestrian -1 -1 -10 605.43 150.36 689.19 362.20 -1000 -1000 -1000 -10 -1 -1 -1
38 2847 Pedestrian -1 -1 -10 494.57 135.62 579.01 369.59 -1000 -1000 -1000 -10 -1 -1 -1
38 2828 Pedestrian -1 -1 -10 630.06 159.67 719.63 356.19 -1000 -1000 -1000 -10 -1 -1 -1
39 2838 Pedestrian -1 -1 -10 1057.99 138.89 1184.09 367.64 -1000 -1000 -1000 -10 -1 -1 -1
39 2840 Pedestrian -1 -1 -10 0.18 96.46 260.15 362.99 -1000 -1000 -1000 -10 -1 -1 -1
39 2844 Pedestrian -1 -1 -10 614.57 150.11 702.50 366.07 -1000 -1000 -1000 -10 -1 -1 -1
39 2847 Pedestrian -1 -1 -10 515.43 132.25 600.77 370.71 -1000 -1000 -1000 -10 -1 -1 -1
40 2838 Pedestrian -1 -1 -10 1085.44 143.89 1210.85 367.16 -1000 -1000 -1000 -10 -1 -1 -1
40 2840 Pedestrian -1 -1 -10 0.33 96.49 260.11 362.74 -1000 -1000 -1000 -10 -1 -1 -1
40 2844 Pedestrian -1 -1 -10 620.54 147.91 709.81 366.00 -1000 -1000 -1000 -10 -1 -1 -1
40 2847 Pedestrian -1 -1 -10 529.52 134.73 612.76 371.06 -1000 -1000 -1000 -10 -1 -1 -1
40 2828 Pedestrian -1 -1 -10 585.70 161.57 662.87 335.66 -1000 -1000 -1000 -10 -1 -1 -1
41 2838 Pedestrian -1 -1 -10 1105.37 144.56 1229.42 366.59 -1000 -1000 -1000 -10 -1 -1 -1
41 2840 Pedestrian -1 -1 -10 0.24 96.52 260.10 362.80 -1000 -1000 -1000 -10 -1 -1 -1
41 2844 Pedestrian -1 -1 -10 633.18 146.40 721.39 366.05 -1000 -1000 -1000 -10 -1 -1 -1
41 2847 Pedestrian -1 -1 -10 549.25 135.20 634.03 370.87 -1000 -1000 -1000 -10 -1 -1 -1
42 2838 Pedestrian -1 -1 -10 1123.84 145.18 1243.93 366.41 -1000 -1000 -1000 -10 -1 -1 -1
42 2840 Pedestrian -1 -1 -10 0.16 96.46 260.14 362.85 -1000 -1000 -1000 -10 -1 -1 -1
42 2844 Pedestrian -1 -1 -10 654.07 143.52 742.12 368.90 -1000 -1000 -1000 -10 -1 -1 -1
42 2847 Pedestrian -1 -1 -10 555.37 136.15 641.96 370.94 -1000 -1000 -1000 -10 -1 -1 -1
43 2838 Pedestrian -1 -1 -10 1142.24 168.38 1247.07 367.29 -1000 -1000 -1000 -10 -1 -1 -1
43 2840 Pedestrian -1 -1 -10 0.11 96.57 260.08 362.93 -1000 -1000 -1000 -10 -1 -1 -1
43 2844 Pedestrian -1 -1 -10 676.14 144.20 764.27 369.74 -1000 -1000 -1000 -10 -1 -1 -1
43 2847 Pedestrian -1 -1 -10 573.31 132.87 659.67 370.28 -1000 -1000 -1000 -10 -1 -1 -1
43 2828 Pedestrian -1 -1 -10 515.45 159.53 594.74 337.73 -1000 -1000 -1000 -10 -1 -1 -1
44 2840 Pedestrian -1 -1 -10 -0.18 96.50 259.86 363.00 -1000 -1000 -1000 -10 -1 -1 -1
44 2844 Pedestrian -1 -1 -10 692.69 146.51 781.89 370.42 -1000 -1000 -1000 -10 -1 -1 -1
44 2847 Pedestrian -1 -1 -10 589.92 128.84 677.28 370.47 -1000 -1000 -1000 -10 -1 -1 -1
44 2828 Pedestrian -1 -1 -10 498.87 159.57 581.59 339.10 -1000 -1000 -1000 -10 -1 -1 -1
45 2840 Pedestrian -1 -1 -10 -0.23 96.48 259.83 363.06 -1000 -1000 -1000 -10 -1 -1 -1
45 2844 Pedestrian -1 -1 -10 706.37 147.48 797.73 370.48 -1000 -1000 -1000 -10 -1 -1 -1
45 2847 Pedestrian -1 -1 -10 612.71 126.42 699.84 368.95 -1000 -1000 -1000 -10 -1 -1 -1
45 2828 Pedestrian -1 -1 -10 489.74 159.83 571.18 338.28 -1000 -1000 -1000 -10 -1 -1 -1
46 2840 Pedestrian -1 -1 -10 -0.22 96.64 259.50 362.91 -1000 -1000 -1000 -10 -1 -1 -1
46 2844 Pedestrian -1 -1 -10 724.78 146.04 817.16 370.63 -1000 -1000 -1000 -10 -1 -1 -1
46 2847 Pedestrian -1 -1 -10 630.52 125.48 718.81 369.33 -1000 -1000 -1000 -10 -1 -1 -1
46 2828 Pedestrian -1 -1 -10 471.88 156.57 549.76 337.48 -1000 -1000 -1000 -10 -1 -1 -1
47 2840 Pedestrian -1 -1 -10 -0.12 96.38 260.35 363.57 -1000 -1000 -1000 -10 -1 -1 -1
47 2844 Pedestrian -1 -1 -10 740.43 141.90 832.97 370.27 -1000 -1000 -1000 -10 -1 -1 -1
47 2847 Pedestrian -1 -1 -10 644.31 128.26 734.08 369.92 -1000 -1000 -1000 -10 -1 -1 -1
47 2828 Pedestrian -1 -1 -10 447.18 155.69 525.77 336.34 -1000 -1000 -1000 -10 -1 -1 -1
47 2855 Pedestrian -1 -1 -10 528.13 133.42 554.05 214.76 -1000 -1000 -1000 -10 -1 -1 -1
48 2840 Pedestrian -1 -1 -10 -0.44 96.43 259.18 362.91 -1000 -1000 -1000 -10 -1 -1 -1
48 2844 Pedestrian -1 -1 -10 754.02 140.83 845.66 369.64 -1000 -1000 -1000 -10 -1 -1 -1
48 2847 Pedestrian -1 -1 -10 656.51 127.98 749.52 370.14 -1000 -1000 -1000 -10 -1 -1 -1
48 2828 Pedestrian -1 -1 -10 424.38 154.85 507.16 335.59 -1000 -1000 -1000 -10 -1 -1 -1
48 2855 Pedestrian -1 -1 -10 529.11 135.29 554.25 214.20 -1000 -1000 -1000 -10 -1 -1 -1
48 2856 Pedestrian -1 -1 -10 609.13 149.08 627.93 211.71 -1000 -1000 -1000 -10 -1 -1 -1
49 2840 Pedestrian -1 -1 -10 -0.63 96.60 258.64 362.88 -1000 -1000 -1000 -10 -1 -1 -1
49 2844 Pedestrian -1 -1 -10 773.03 142.10 866.46 370.21 -1000 -1000 -1000 -10 -1 -1 -1
49 2847 Pedestrian -1 -1 -10 677.37 125.44 773.45 370.29 -1000 -1000 -1000 -10 -1 -1 -1
49 2828 Pedestrian -1 -1 -10 409.79 157.61 490.57 335.38 -1000 -1000 -1000 -10 -1 -1 -1
49 2855 Pedestrian -1 -1 -10 528.92 131.82 555.45 215.17 -1000 -1000 -1000 -10 -1 -1 -1
49 2857 Pedestrian -1 -1 -10 577.21 143.77 604.23 226.70 -1000 -1000 -1000 -10 -1 -1 -1
50 2840 Pedestrian -1 -1 -10 -0.69 95.98 259.12 363.05 -1000 -1000 -1000 -10 -1 -1 -1
50 2844 Pedestrian -1 -1 -10 790.59 144.20 884.07 370.18 -1000 -1000 -1000 -10 -1 -1 -1
50 2847 Pedestrian -1 -1 -10 701.26 123.78 797.45 370.36 -1000 -1000 -1000 -10 -1 -1 -1
50 2855 Pedestrian -1 -1 -10 528.93 129.26 556.08 214.61 -1000 -1000 -1000 -10 -1 -1 -1
51 2840 Pedestrian -1 -1 -10 -0.54 95.87 259.28 363.12 -1000 -1000 -1000 -10 -1 -1 -1
51 2844 Pedestrian -1 -1 -10 802.22 143.58 897.18 369.47 -1000 -1000 -1000 -10 -1 -1 -1
51 2847 Pedestrian -1 -1 -10 714.68 122.09 810.45 369.90 -1000 -1000 -1000 -10 -1 -1 -1
51 2855 Pedestrian -1 -1 -10 529.03 128.79 556.42 214.97 -1000 -1000 -1000 -10 -1 -1 -1
51 2828 Pedestrian -1 -1 -10 373.71 157.35 450.89 332.11 -1000 -1000 -1000 -10 -1 -1 -1
52 2840 Pedestrian -1 -1 -10 -0.01 95.93 259.71 363.08 -1000 -1000 -1000 -10 -1 -1 -1
52 2844 Pedestrian -1 -1 -10 824.51 140.46 919.93 370.04 -1000 -1000 -1000 -10 -1 -1 -1
52 2847 Pedestrian -1 -1 -10 725.81 123.33 822.02 369.77 -1000 -1000 -1000 -10 -1 -1 -1
52 2855 Pedestrian -1 -1 -10 530.07 129.47 557.43 215.47 -1000 -1000 -1000 -10 -1 -1 -1
52 2828 Pedestrian -1 -1 -10 353.68 156.67 433.44 330.69 -1000 -1000 -1000 -10 -1 -1 -1
52 2857 Pedestrian -1 -1 -10 583.95 147.03 611.95 233.25 -1000 -1000 -1000 -10 -1 -1 -1
53 2840 Pedestrian -1 -1 -10 0.02 96.06 259.40 362.93 -1000 -1000 -1000 -10 -1 -1 -1
53 2844 Pedestrian -1 -1 -10 856.33 138.00 951.33 370.11 -1000 -1000 -1000 -10 -1 -1 -1
53 2847 Pedestrian -1 -1 -10 744.38 123.75 841.15 368.67 -1000 -1000 -1000 -10 -1 -1 -1
53 2855 Pedestrian -1 -1 -10 530.44 129.33 557.95 215.91 -1000 -1000 -1000 -10 -1 -1 -1
53 2828 Pedestrian -1 -1 -10 339.55 154.06 423.40 331.99 -1000 -1000 -1000 -10 -1 -1 -1
53 2857 Pedestrian -1 -1 -10 587.37 146.07 615.86 233.74 -1000 -1000 -1000 -10 -1 -1 -1
53 2846 Pedestrian -1 -1 -10 561.86 146.70 584.68 214.87 -1000 -1000 -1000 -10 -1 -1 -1
54 2840 Pedestrian -1 -1 -10 0.42 95.88 260.09 362.99 -1000 -1000 -1000 -10 -1 -1 -1
54 2844 Pedestrian -1 -1 -10 885.89 139.79 982.27 369.01 -1000 -1000 -1000 -10 -1 -1 -1
54 2847 Pedestrian -1 -1 -10 762.44 120.07 862.93 368.60 -1000 -1000 -1000 -10 -1 -1 -1
54 2855 Pedestrian -1 -1 -10 530.41 128.52 558.12 215.93 -1000 -1000 -1000 -10 -1 -1 -1
54 2857 Pedestrian -1 -1 -10 589.70 146.20 618.34 234.32 -1000 -1000 -1000 -10 -1 -1 -1
54 2858 Pedestrian -1 -1 -10 618.53 153.13 640.95 212.21 -1000 -1000 -1000 -10 -1 -1 -1
54 2859 Pedestrian -1 -1 -10 393.00 189.28 482.47 277.00 -1000 -1000 -1000 -10 -1 -1 -1
54 2846 Pedestrian -1 -1 -10 561.70 145.11 585.60 215.70 -1000 -1000 -1000 -10 -1 -1 -1
55 2840 Pedestrian -1 -1 -10 0.64 95.63 260.70 363.05 -1000 -1000 -1000 -10 -1 -1 -1
55 2844 Pedestrian -1 -1 -10 904.93 143.49 1002.84 368.66 -1000 -1000 -1000 -10 -1 -1 -1
55 2847 Pedestrian -1 -1 -10 792.09 116.42 892.78 367.99 -1000 -1000 -1000 -10 -1 -1 -1
55 2855 Pedestrian -1 -1 -10 531.91 127.59 559.70 216.03 -1000 -1000 -1000 -10 -1 -1 -1
55 2857 Pedestrian -1 -1 -10 592.03 145.85 622.02 237.81 -1000 -1000 -1000 -10 -1 -1 -1
55 2858 Pedestrian -1 -1 -10 619.64 151.51 642.68 212.32 -1000 -1000 -1000 -10 -1 -1 -1
55 2846 Pedestrian -1 -1 -10 563.26 146.30 586.95 216.36 -1000 -1000 -1000 -10 -1 -1 -1
55 2828 Pedestrian -1 -1 -10 308.31 150.62 387.66 327.15 -1000 -1000 -1000 -10 -1 -1 -1
56 2844 Pedestrian -1 -1 -10 928.13 143.19 1028.36 369.26 -1000 -1000 -1000 -10 -1 -1 -1
56 2847 Pedestrian -1 -1 -10 819.43 111.77 923.49 369.37 -1000 -1000 -1000 -10 -1 -1 -1
56 2855 Pedestrian -1 -1 -10 533.20 128.91 560.86 216.71 -1000 -1000 -1000 -10 -1 -1 -1
56 2857 Pedestrian -1 -1 -10 596.86 146.11 624.41 229.04 -1000 -1000 -1000 -10 -1 -1 -1
56 2858 Pedestrian -1 -1 -10 622.55 152.61 645.68 214.12 -1000 -1000 -1000 -10 -1 -1 -1
56 2846 Pedestrian -1 -1 -10 564.91 147.29 588.14 215.74 -1000 -1000 -1000 -10 -1 -1 -1
56 2828 Pedestrian -1 -1 -10 287.44 151.58 366.32 326.96 -1000 -1000 -1000 -10 -1 -1 -1
57 2844 Pedestrian -1 -1 -10 966.32 139.63 1068.34 368.33 -1000 -1000 -1000 -10 -1 -1 -1
57 2847 Pedestrian -1 -1 -10 843.11 111.52 947.50 368.50 -1000 -1000 -1000 -10 -1 -1 -1
57 2855 Pedestrian -1 -1 -10 534.60 133.16 561.62 218.40 -1000 -1000 -1000 -10 -1 -1 -1
57 2857 Pedestrian -1 -1 -10 602.32 146.45 627.93 223.20 -1000 -1000 -1000 -10 -1 -1 -1
57 2858 Pedestrian -1 -1 -10 625.02 153.57 648.46 216.22 -1000 -1000 -1000 -10 -1 -1 -1
57 2846 Pedestrian -1 -1 -10 567.23 147.80 590.68 215.82 -1000 -1000 -1000 -10 -1 -1 -1
57 2828 Pedestrian -1 -1 -10 274.31 149.59 353.30 325.01 -1000 -1000 -1000 -10 -1 -1 -1
58 2844 Pedestrian -1 -1 -10 992.25 134.66 1095.81 367.86 -1000 -1000 -1000 -10 -1 -1 -1
58 2847 Pedestrian -1 -1 -10 865.29 115.47 970.79 368.19 -1000 -1000 -1000 -10 -1 -1 -1
58 2855 Pedestrian -1 -1 -10 537.30 135.41 563.55 217.81 -1000 -1000 -1000 -10 -1 -1 -1
58 2857 Pedestrian -1 -1 -10 603.73 145.42 632.72 232.44 -1000 -1000 -1000 -10 -1 -1 -1
58 2846 Pedestrian -1 -1 -10 568.33 146.07 592.65 215.70 -1000 -1000 -1000 -10 -1 -1 -1
58 2828 Pedestrian -1 -1 -10 257.94 151.91 332.05 319.93 -1000 -1000 -1000 -10 -1 -1 -1
58 2840 Pedestrian -1 -1 -10 -0.47 95.66 259.71 363.48 -1000 -1000 -1000 -10 -1 -1 -1
59 2844 Pedestrian -1 -1 -10 1020.14 134.89 1124.83 368.24 -1000 -1000 -1000 -10 -1 -1 -1
59 2847 Pedestrian -1 -1 -10 902.42 115.67 1008.68 367.97 -1000 -1000 -1000 -10 -1 -1 -1
59 2855 Pedestrian -1 -1 -10 539.31 135.23 565.83 218.22 -1000 -1000 -1000 -10 -1 -1 -1
59 2857 Pedestrian -1 -1 -10 607.19 142.92 636.75 231.70 -1000 -1000 -1000 -10 -1 -1 -1
59 2846 Pedestrian -1 -1 -10 568.92 143.84 594.24 215.82 -1000 -1000 -1000 -10 -1 -1 -1
59 2828 Pedestrian -1 -1 -10 245.13 155.64 314.32 316.74 -1000 -1000 -1000 -10 -1 -1 -1
59 2840 Pedestrian -1 -1 -10 -0.43 95.30 260.06 363.62 -1000 -1000 -1000 -10 -1 -1 -1
60 2844 Pedestrian -1 -1 -10 1048.77 136.58 1153.73 368.44 -1000 -1000 -1000 -10 -1 -1 -1
60 2847 Pedestrian -1 -1 -10 933.75 112.35 1042.28 367.15 -1000 -1000 -1000 -10 -1 -1 -1
60 2855 Pedestrian -1 -1 -10 540.06 134.39 567.49 219.70 -1000 -1000 -1000 -10 -1 -1 -1
60 2857 Pedestrian -1 -1 -10 613.23 143.08 640.85 223.56 -1000 -1000 -1000 -10 -1 -1 -1
60 2846 Pedestrian -1 -1 -10 570.30 144.20 596.19 217.25 -1000 -1000 -1000 -10 -1 -1 -1
60 2828 Pedestrian -1 -1 -10 243.07 159.20 308.92 315.98 -1000 -1000 -1000 -10 -1 -1 -1
60 2840 Pedestrian -1 -1 -10 0.41 95.52 260.96 363.87 -1000 -1000 -1000 -10 -1 -1 -1
60 2860 Pedestrian -1 -1 -10 297.68 213.45 403.22 296.37 -1000 -1000 -1000 -10 -1 -1 -1
61 2844 Pedestrian -1 -1 -10 1085.06 137.67 1190.46 368.93 -1000 -1000 -1000 -10 -1 -1 -1
61 2847 Pedestrian -1 -1 -10 959.89 106.31 1072.19 366.54 -1000 -1000 -1000 -10 -1 -1 -1
61 2855 Pedestrian -1 -1 -10 540.62 135.11 568.44 220.44 -1000 -1000 -1000 -10 -1 -1 -1
61 2857 Pedestrian -1 -1 -10 615.52 145.04 646.88 235.29 -1000 -1000 -1000 -10 -1 -1 -1
61 2846 Pedestrian -1 -1 -10 570.62 144.95 596.92 219.69 -1000 -1000 -1000 -10 -1 -1 -1
61 2840 Pedestrian -1 -1 -10 0.99 95.44 261.51 363.53 -1000 -1000 -1000 -10 -1 -1 -1
61 2859 Pedestrian -1 -1 -10 371.88 175.46 472.67 272.83 -1000 -1000 -1000 -10 -1 -1 -1
62 2844 Pedestrian -1 -1 -10 1118.10 131.73 1224.35 367.47 -1000 -1000 -1000 -10 -1 -1 -1
62 2847 Pedestrian -1 -1 -10 978.62 104.11 1094.86 366.89 -1000 -1000 -1000 -10 -1 -1 -1
62 2855 Pedestrian -1 -1 -10 543.00 136.46 570.80 220.79 -1000 -1000 -1000 -10 -1 -1 -1
62 2857 Pedestrian -1 -1 -10 616.16 145.76 650.43 243.28 -1000 -1000 -1000 -10 -1 -1 -1
62 2846 Pedestrian -1 -1 -10 571.99 145.50 598.51 220.03 -1000 -1000 -1000 -10 -1 -1 -1
62 2840 Pedestrian -1 -1 -10 1.18 95.31 261.82 363.29 -1000 -1000 -1000 -10 -1 -1 -1
62 2859 Pedestrian -1 -1 -10 369.41 174.58 472.58 272.91 -1000 -1000 -1000 -10 -1 -1 -1
63 2844 Pedestrian -1 -1 -10 1143.14 127.75 1246.51 367.26 -1000 -1000 -1000 -10 -1 -1 -1
63 2847 Pedestrian -1 -1 -10 1002.85 107.82 1122.08 367.17 -1000 -1000 -1000 -10 -1 -1 -1
63 2855 Pedestrian -1 -1 -10 544.99 136.91 572.97 221.77 -1000 -1000 -1000 -10 -1 -1 -1
63 2857 Pedestrian -1 -1 -10 620.54 144.94 655.99 245.07 -1000 -1000 -1000 -10 -1 -1 -1
63 2846 Pedestrian -1 -1 -10 573.58 146.41 600.39 220.96 -1000 -1000 -1000 -10 -1 -1 -1
63 2840 Pedestrian -1 -1 -10 0.74 96.28 260.14 362.90 -1000 -1000 -1000 -10 -1 -1 -1
63 2859 Pedestrian -1 -1 -10 368.71 175.19 472.67 272.95 -1000 -1000 -1000 -10 -1 -1 -1
64 2847 Pedestrian -1 -1 -10 1042.23 109.63 1163.39 367.47 -1000 -1000 -1000 -10 -1 -1 -1
64 2855 Pedestrian -1 -1 -10 545.24 136.62 573.49 222.22 -1000 -1000 -1000 -10 -1 -1 -1
64 2857 Pedestrian -1 -1 -10 625.24 143.90 661.82 247.66 -1000 -1000 -1000 -10 -1 -1 -1
64 2846 Pedestrian -1 -1 -10 573.93 145.21 601.46 221.39 -1000 -1000 -1000 -10 -1 -1 -1
64 2840 Pedestrian -1 -1 -10 0.37 96.43 259.56 362.80 -1000 -1000 -1000 -10 -1 -1 -1
64 2859 Pedestrian -1 -1 -10 372.46 177.06 474.55 272.43 -1000 -1000 -1000 -10 -1 -1 -1
65 2847 Pedestrian -1 -1 -10 1084.75 104.21 1208.80 366.29 -1000 -1000 -1000 -10 -1 -1 -1
65 2855 Pedestrian -1 -1 -10 546.16 135.11 574.74 222.34 -1000 -1000 -1000 -10 -1 -1 -1
65 2857 Pedestrian -1 -1 -10 629.96 143.03 667.23 249.07 -1000 -1000 -1000 -10 -1 -1 -1
65 2846 Pedestrian -1 -1 -10 575.09 144.38 602.82 220.62 -1000 -1000 -1000 -10 -1 -1 -1
65 2840 Pedestrian -1 -1 -10 0.52 96.61 259.59 362.72 -1000 -1000 -1000 -10 -1 -1 -1
66 2847 Pedestrian -1 -1 -10 1119.13 100.25 1241.08 367.13 -1000 -1000 -1000 -10 -1 -1 -1
66 2857 Pedestrian -1 -1 -10 633.98 144.00 672.41 251.94 -1000 -1000 -1000 -10 -1 -1 -1
66 2846 Pedestrian -1 -1 -10 577.99 145.40 605.81 221.16 -1000 -1000 -1000 -10 -1 -1 -1
66 2840 Pedestrian -1 -1 -10 0.50 96.58 259.59 362.61 -1000 -1000 -1000 -10 -1 -1 -1
66 2860 Pedestrian -1 -1 -10 291.20 210.34 402.05 296.94 -1000 -1000 -1000 -10 -1 -1 -1
66 2859 Pedestrian -1 -1 -10 368.39 176.07 473.12 272.59 -1000 -1000 -1000 -10 -1 -1 -1
67 2857 Pedestrian -1 -1 -10 635.64 145.18 674.43 253.52 -1000 -1000 -1000 -10 -1 -1 -1
67 2846 Pedestrian -1 -1 -10 579.65 146.74 607.64 221.48 -1000 -1000 -1000 -10 -1 -1 -1
67 2840 Pedestrian -1 -1 -10 0.35 96.73 259.44 362.69 -1000 -1000 -1000 -10 -1 -1 -1
67 2860 Pedestrian -1 -1 -10 291.50 210.04 403.04 296.85 -1000 -1000 -1000 -10 -1 -1 -1
67 2859 Pedestrian -1 -1 -10 366.10 175.94 472.52 272.67 -1000 -1000 -1000 -10 -1 -1 -1
67 2855 Pedestrian -1 -1 -10 547.21 136.34 575.59 223.24 -1000 -1000 -1000 -10 -1 -1 -1
68 2857 Pedestrian -1 -1 -10 641.41 144.89 680.48 253.94 -1000 -1000 -1000 -10 -1 -1 -1
68 2846 Pedestrian -1 -1 -10 583.31 145.32 612.82 222.92 -1000 -1000 -1000 -10 -1 -1 -1
68 2840 Pedestrian -1 -1 -10 0.32 96.70 259.51 362.70 -1000 -1000 -1000 -10 -1 -1 -1
68 2860 Pedestrian -1 -1 -10 290.52 210.57 402.30 297.00 -1000 -1000 -1000 -10 -1 -1 -1
68 2855 Pedestrian -1 -1 -10 548.08 138.11 576.48 224.47 -1000 -1000 -1000 -10 -1 -1 -1
69 2857 Pedestrian -1 -1 -10 645.67 143.36 685.49 254.62 -1000 -1000 -1000 -10 -1 -1 -1
69 2846 Pedestrian -1 -1 -10 584.64 144.07 614.33 222.45 -1000 -1000 -1000 -10 -1 -1 -1
69 2840 Pedestrian -1 -1 -10 0.12 96.67 259.41 362.77 -1000 -1000 -1000 -10 -1 -1 -1
69 2860 Pedestrian -1 -1 -10 289.29 210.19 402.38 297.04 -1000 -1000 -1000 -10 -1 -1 -1
69 2855 Pedestrian -1 -1 -10 548.84 137.94 577.56 224.91 -1000 -1000 -1000 -10 -1 -1 -1
70 2857 Pedestrian -1 -1 -10 649.86 144.54 690.57 257.10 -1000 -1000 -1000 -10 -1 -1 -1
70 2846 Pedestrian -1 -1 -10 587.12 144.77 617.06 224.47 -1000 -1000 -1000 -10 -1 -1 -1
70 2840 Pedestrian -1 -1 -10 0.06 96.69 259.30 362.74 -1000 -1000 -1000 -10 -1 -1 -1
70 2855 Pedestrian -1 -1 -10 549.59 136.00 579.32 226.23 -1000 -1000 -1000 -10 -1 -1 -1
71 2857 Pedestrian -1 -1 -10 653.99 145.63 696.04 260.24 -1000 -1000 -1000 -10 -1 -1 -1
71 2846 Pedestrian -1 -1 -10 589.61 144.39 619.90 224.59 -1000 -1000 -1000 -10 -1 -1 -1
71 2840 Pedestrian -1 -1 -10 0.27 96.86 259.37 362.67 -1000 -1000 -1000 -10 -1 -1 -1
71 2855 Pedestrian -1 -1 -10 549.70 134.77 579.94 226.82 -1000 -1000 -1000 -10 -1 -1 -1
72 2857 Pedestrian -1 -1 -10 659.92 146.21 703.43 263.81 -1000 -1000 -1000 -10 -1 -1 -1
72 2846 Pedestrian -1 -1 -10 591.82 145.51 622.07 225.87 -1000 -1000 -1000 -10 -1 -1 -1
72 2840 Pedestrian -1 -1 -10 0.15 96.82 259.26 362.63 -1000 -1000 -1000 -10 -1 -1 -1
72 2855 Pedestrian -1 -1 -10 550.02 134.28 581.02 228.13 -1000 -1000 -1000 -10 -1 -1 -1
73 2857 Pedestrian -1 -1 -10 668.17 146.36 711.87 264.98 -1000 -1000 -1000 -10 -1 -1 -1
73 2846 Pedestrian -1 -1 -10 595.15 145.77 625.87 226.56 -1000 -1000 -1000 -10 -1 -1 -1
73 2840 Pedestrian -1 -1 -10 0.18 96.82 259.39 362.69 -1000 -1000 -1000 -10 -1 -1 -1
73 2855 Pedestrian -1 -1 -10 550.95 134.98 581.63 228.51 -1000 -1000 -1000 -10 -1 -1 -1
73 2858 Pedestrian -1 -1 -10 654.74 152.61 680.24 222.90 -1000 -1000 -1000 -10 -1 -1 -1
73 2860 Pedestrian -1 -1 -10 287.44 210.63 401.38 297.19 -1000 -1000 -1000 -10 -1 -1 -1
74 2857 Pedestrian -1 -1 -10 675.19 145.90 719.09 265.84 -1000 -1000 -1000 -10 -1 -1 -1
74 2846 Pedestrian -1 -1 -10 597.87 145.69 628.78 226.83 -1000 -1000 -1000 -10 -1 -1 -1
74 2840 Pedestrian -1 -1 -10 -0.10 96.81 258.95 362.57 -1000 -1000 -1000 -10 -1 -1 -1
74 2855 Pedestrian -1 -1 -10 551.27 134.43 581.94 229.02 -1000 -1000 -1000 -10 -1 -1 -1
75 2857 Pedestrian -1 -1 -10 681.73 146.70 726.58 267.67 -1000 -1000 -1000 -10 -1 -1 -1
75 2846 Pedestrian -1 -1 -10 600.34 146.42 631.21 227.74 -1000 -1000 -1000 -10 -1 -1 -1
75 2840 Pedestrian -1 -1 -10 0.05 96.89 258.96 362.48 -1000 -1000 -1000 -10 -1 -1 -1
75 2855 Pedestrian -1 -1 -10 550.25 133.50 581.79 230.43 -1000 -1000 -1000 -10 -1 -1 -1
75 2858 Pedestrian -1 -1 -10 659.93 152.50 686.13 224.23 -1000 -1000 -1000 -10 -1 -1 -1
76 2857 Pedestrian -1 -1 -10 686.61 147.02 733.29 271.84 -1000 -1000 -1000 -10 -1 -1 -1
76 2846 Pedestrian -1 -1 -10 604.38 144.59 636.81 228.41 -1000 -1000 -1000 -10 -1 -1 -1
76 2840 Pedestrian -1 -1 -10 0.14 96.76 259.27 362.53 -1000 -1000 -1000 -10 -1 -1 -1
76 2855 Pedestrian -1 -1 -10 552.49 132.66 584.36 231.51 -1000 -1000 -1000 -10 -1 -1 -1
76 2858 Pedestrian -1 -1 -10 661.84 151.13 690.03 226.16 -1000 -1000 -1000 -10 -1 -1 -1
77 2857 Pedestrian -1 -1 -10 690.49 147.64 737.93 274.00 -1000 -1000 -1000 -10 -1 -1 -1
77 2846 Pedestrian -1 -1 -10 607.33 145.12 639.75 227.89 -1000 -1000 -1000 -10 -1 -1 -1
77 2840 Pedestrian -1 -1 -10 0.26 96.67 259.54 362.54 -1000 -1000 -1000 -10 -1 -1 -1
77 2855 Pedestrian -1 -1 -10 553.92 132.41 585.84 232.88 -1000 -1000 -1000 -10 -1 -1 -1
77 2858 Pedestrian -1 -1 -10 665.98 149.68 694.94 226.13 -1000 -1000 -1000 -10 -1 -1 -1
78 2857 Pedestrian -1 -1 -10 698.08 145.03 745.94 273.94 -1000 -1000 -1000 -10 -1 -1 -1
78 2846 Pedestrian -1 -1 -10 609.58 145.01 642.99 228.82 -1000 -1000 -1000 -10 -1 -1 -1
78 2840 Pedestrian -1 -1 -10 0.26 96.68 259.64 362.60 -1000 -1000 -1000 -10 -1 -1 -1
78 2855 Pedestrian -1 -1 -10 555.62 132.31 587.51 232.62 -1000 -1000 -1000 -10 -1 -1 -1
78 2858 Pedestrian -1 -1 -10 667.87 149.76 697.16 226.18 -1000 -1000 -1000 -10 -1 -1 -1
79 2857 Pedestrian -1 -1 -10 706.68 145.82 754.06 274.72 -1000 -1000 -1000 -10 -1 -1 -1
79 2846 Pedestrian -1 -1 -10 610.53 145.32 644.77 230.30 -1000 -1000 -1000 -10 -1 -1 -1
79 2840 Pedestrian -1 -1 -10 0.08 96.70 259.58 362.74 -1000 -1000 -1000 -10 -1 -1 -1
79 2855 Pedestrian -1 -1 -10 557.01 133.13 589.08 234.74 -1000 -1000 -1000 -10 -1 -1 -1
79 2858 Pedestrian -1 -1 -10 670.46 151.52 699.94 227.87 -1000 -1000 -1000 -10 -1 -1 -1
80 2857 Pedestrian -1 -1 -10 713.02 145.93 761.35 277.74 -1000 -1000 -1000 -10 -1 -1 -1
80 2846 Pedestrian -1 -1 -10 613.24 147.01 647.39 230.97 -1000 -1000 -1000 -10 -1 -1 -1
80 2840 Pedestrian -1 -1 -10 0.18 96.11 260.67 363.18 -1000 -1000 -1000 -10 -1 -1 -1
80 2855 Pedestrian -1 -1 -10 557.60 132.23 590.51 236.43 -1000 -1000 -1000 -10 -1 -1 -1
80 2858 Pedestrian -1 -1 -10 673.95 153.23 703.66 228.39 -1000 -1000 -1000 -10 -1 -1 -1
81 2857 Pedestrian -1 -1 -10 718.07 148.37 768.66 284.42 -1000 -1000 -1000 -10 -1 -1 -1
81 2846 Pedestrian -1 -1 -10 614.64 146.39 649.60 232.85 -1000 -1000 -1000 -10 -1 -1 -1
81 2840 Pedestrian -1 -1 -10 0.32 95.77 261.15 363.19 -1000 -1000 -1000 -10 -1 -1 -1
81 2855 Pedestrian -1 -1 -10 559.62 131.78 592.97 237.48 -1000 -1000 -1000 -10 -1 -1 -1
81 2858 Pedestrian -1 -1 -10 675.52 154.03 705.76 229.42 -1000 -1000 -1000 -10 -1 -1 -1
82 2857 Pedestrian -1 -1 -10 725.61 148.34 777.13 287.08 -1000 -1000 -1000 -10 -1 -1 -1
82 2846 Pedestrian -1 -1 -10 617.59 146.38 653.41 234.38 -1000 -1000 -1000 -10 -1 -1 -1
82 2840 Pedestrian -1 -1 -10 0.13 95.55 261.15 363.25 -1000 -1000 -1000 -10 -1 -1 -1
82 2855 Pedestrian -1 -1 -10 561.22 130.82 595.02 237.88 -1000 -1000 -1000 -10 -1 -1 -1
82 2858 Pedestrian -1 -1 -10 677.29 152.11 708.96 230.47 -1000 -1000 -1000 -10 -1 -1 -1
83 2857 Pedestrian -1 -1 -10 733.76 145.72 786.40 289.27 -1000 -1000 -1000 -10 -1 -1 -1
83 2846 Pedestrian -1 -1 -10 619.60 145.44 656.79 236.97 -1000 -1000 -1000 -10 -1 -1 -1
83 2840 Pedestrian -1 -1 -10 0.06 96.01 260.22 362.83 -1000 -1000 -1000 -10 -1 -1 -1
83 2855 Pedestrian -1 -1 -10 560.17 130.77 595.37 239.99 -1000 -1000 -1000 -10 -1 -1 -1
83 2858 Pedestrian -1 -1 -10 681.17 152.76 712.91 232.51 -1000 -1000 -1000 -10 -1 -1 -1
84 2857 Pedestrian -1 -1 -10 742.54 145.80 795.57 291.53 -1000 -1000 -1000 -10 -1 -1 -1
84 2846 Pedestrian -1 -1 -10 622.62 145.78 660.00 237.54 -1000 -1000 -1000 -10 -1 -1 -1
84 2840 Pedestrian -1 -1 -10 -0.03 96.37 259.73 362.81 -1000 -1000 -1000 -10 -1 -1 -1
84 2855 Pedestrian -1 -1 -10 559.18 131.41 595.87 241.62 -1000 -1000 -1000 -10 -1 -1 -1
84 2858 Pedestrian -1 -1 -10 682.73 153.17 714.98 233.85 -1000 -1000 -1000 -10 -1 -1 -1
85 2857 Pedestrian -1 -1 -10 752.07 147.76 806.21 293.77 -1000 -1000 -1000 -10 -1 -1 -1
85 2846 Pedestrian -1 -1 -10 625.58 146.15 663.16 238.52 -1000 -1000 -1000 -10 -1 -1 -1
85 2840 Pedestrian -1 -1 -10 0.11 96.58 259.61 362.71 -1000 -1000 -1000 -10 -1 -1 -1
85 2855 Pedestrian -1 -1 -10 563.14 132.07 599.56 241.11 -1000 -1000 -1000 -10 -1 -1 -1
85 2858 Pedestrian -1 -1 -10 683.78 152.99 716.95 235.63 -1000 -1000 -1000 -10 -1 -1 -1
86 2857 Pedestrian -1 -1 -10 755.01 150.07 810.90 298.38 -1000 -1000 -1000 -10 -1 -1 -1
86 2846 Pedestrian -1 -1 -10 628.16 145.66 666.84 240.33 -1000 -1000 -1000 -10 -1 -1 -1
86 2840 Pedestrian -1 -1 -10 0.13 96.64 259.48 362.59 -1000 -1000 -1000 -10 -1 -1 -1
86 2855 Pedestrian -1 -1 -10 565.03 131.78 602.84 244.69 -1000 -1000 -1000 -10 -1 -1 -1
86 2858 Pedestrian -1 -1 -10 686.35 151.47 720.24 235.14 -1000 -1000 -1000 -10 -1 -1 -1
86 2860 Pedestrian -1 -1 -10 284.58 210.82 401.08 297.45 -1000 -1000 -1000 -10 -1 -1 -1
87 2857 Pedestrian -1 -1 -10 760.19 149.60 817.50 301.36 -1000 -1000 -1000 -10 -1 -1 -1
87 2846 Pedestrian -1 -1 -10 631.00 143.17 671.27 239.87 -1000 -1000 -1000 -10 -1 -1 -1
87 2840 Pedestrian -1 -1 -10 -0.05 96.58 259.36 362.62 -1000 -1000 -1000 -10 -1 -1 -1
87 2855 Pedestrian -1 -1 -10 569.51 131.55 606.99 244.33 -1000 -1000 -1000 -10 -1 -1 -1
87 2858 Pedestrian -1 -1 -10 690.10 152.22 724.42 235.82 -1000 -1000 -1000 -10 -1 -1 -1
88 2857 Pedestrian -1 -1 -10 771.30 147.22 828.66 302.12 -1000 -1000 -1000 -10 -1 -1 -1
88 2846 Pedestrian -1 -1 -10 631.03 142.36 672.24 240.33 -1000 -1000 -1000 -10 -1 -1 -1
88 2840 Pedestrian -1 -1 -10 0.02 96.58 259.44 362.62 -1000 -1000 -1000 -10 -1 -1 -1
88 2855 Pedestrian -1 -1 -10 572.54 130.39 610.56 245.88 -1000 -1000 -1000 -10 -1 -1 -1
88 2858 Pedestrian -1 -1 -10 694.46 152.74 729.06 235.90 -1000 -1000 -1000 -10 -1 -1 -1
89 2857 Pedestrian -1 -1 -10 780.62 146.78 839.17 307.46 -1000 -1000 -1000 -10 -1 -1 -1
89 2846 Pedestrian -1 -1 -10 631.67 142.55 674.25 243.66 -1000 -1000 -1000 -10 -1 -1 -1
89 2840 Pedestrian -1 -1 -10 -0.05 96.18 259.98 362.96 -1000 -1000 -1000 -10 -1 -1 -1
89 2855 Pedestrian -1 -1 -10 575.75 130.67 614.01 248.00 -1000 -1000 -1000 -10 -1 -1 -1
89 2858 Pedestrian -1 -1 -10 698.02 154.77 733.41 238.18 -1000 -1000 -1000 -10 -1 -1 -1
90 2857 Pedestrian -1 -1 -10 789.80 149.70 850.15 313.20 -1000 -1000 -1000 -10 -1 -1 -1
90 2846 Pedestrian -1 -1 -10 633.41 144.64 675.75 244.19 -1000 -1000 -1000 -10 -1 -1 -1
90 2840 Pedestrian -1 -1 -10 -0.24 95.83 260.18 363.16 -1000 -1000 -1000 -10 -1 -1 -1
90 2855 Pedestrian -1 -1 -10 578.62 129.07 617.55 249.48 -1000 -1000 -1000 -10 -1 -1 -1
90 2858 Pedestrian -1 -1 -10 701.16 155.58 736.99 239.09 -1000 -1000 -1000 -10 -1 -1 -1
91 2857 Pedestrian -1 -1 -10 798.21 150.94 861.32 318.99 -1000 -1000 -1000 -10 -1 -1 -1
91 2846 Pedestrian -1 -1 -10 635.55 145.31 678.57 246.40 -1000 -1000 -1000 -10 -1 -1 -1
91 2840 Pedestrian -1 -1 -10 -0.17 96.25 259.62 362.96 -1000 -1000 -1000 -10 -1 -1 -1
91 2855 Pedestrian -1 -1 -10 581.74 129.68 620.91 251.55 -1000 -1000 -1000 -10 -1 -1 -1
91 2858 Pedestrian -1 -1 -10 705.00 153.74 741.17 238.47 -1000 -1000 -1000 -10 -1 -1 -1
92 2857 Pedestrian -1 -1 -10 808.22 150.88 873.07 323.70 -1000 -1000 -1000 -10 -1 -1 -1
92 2846 Pedestrian -1 -1 -10 635.71 145.12 679.91 249.41 -1000 -1000 -1000 -10 -1 -1 -1
92 2840 Pedestrian -1 -1 -10 -0.19 95.92 260.20 363.36 -1000 -1000 -1000 -10 -1 -1 -1
92 2855 Pedestrian -1 -1 -10 585.32 130.59 624.63 253.71 -1000 -1000 -1000 -10 -1 -1 -1
92 2858 Pedestrian -1 -1 -10 707.21 153.26 744.93 242.42 -1000 -1000 -1000 -10 -1 -1 -1
93 2857 Pedestrian -1 -1 -10 823.37 148.49 887.93 323.10 -1000 -1000 -1000 -10 -1 -1 -1
93 2846 Pedestrian -1 -1 -10 636.54 144.86 680.69 249.96 -1000 -1000 -1000 -10 -1 -1 -1
93 2840 Pedestrian -1 -1 -10 -0.09 96.33 259.56 363.03 -1000 -1000 -1000 -10 -1 -1 -1
93 2855 Pedestrian -1 -1 -10 587.81 131.17 626.83 254.21 -1000 -1000 -1000 -10 -1 -1 -1
93 2858 Pedestrian -1 -1 -10 712.09 154.22 750.09 243.63 -1000 -1000 -1000 -10 -1 -1 -1
94 2857 Pedestrian -1 -1 -10 838.42 147.56 903.98 325.83 -1000 -1000 -1000 -10 -1 -1 -1
94 2846 Pedestrian -1 -1 -10 639.35 144.78 683.88 252.15 -1000 -1000 -1000 -10 -1 -1 -1
94 2840 Pedestrian -1 -1 -10 -0.15 96.62 259.05 362.90 -1000 -1000 -1000 -10 -1 -1 -1
94 2855 Pedestrian -1 -1 -10 589.04 131.94 628.35 254.61 -1000 -1000 -1000 -10 -1 -1 -1
94 2858 Pedestrian -1 -1 -10 714.73 154.83 753.22 245.75 -1000 -1000 -1000 -10 -1 -1 -1
95 2857 Pedestrian -1 -1 -10 853.62 149.93 922.28 329.42 -1000 -1000 -1000 -10 -1 -1 -1
95 2846 Pedestrian -1 -1 -10 641.54 146.62 685.74 254.02 -1000 -1000 -1000 -10 -1 -1 -1
95 2840 Pedestrian -1 -1 -10 0.07 96.26 259.96 363.26 -1000 -1000 -1000 -10 -1 -1 -1
95 2855 Pedestrian -1 -1 -10 592.82 133.22 631.92 254.78 -1000 -1000 -1000 -10 -1 -1 -1
95 2858 Pedestrian -1 -1 -10 718.39 153.81 757.37 246.13 -1000 -1000 -1000 -10 -1 -1 -1
96 2857 Pedestrian -1 -1 -10 861.87 152.94 935.22 337.67 -1000 -1000 -1000 -10 -1 -1 -1
96 2846 Pedestrian -1 -1 -10 643.81 147.77 687.46 254.15 -1000 -1000 -1000 -10 -1 -1 -1
96 2840 Pedestrian -1 -1 -10 0.13 96.54 259.49 362.97 -1000 -1000 -1000 -10 -1 -1 -1
96 2855 Pedestrian -1 -1 -10 593.10 133.17 633.76 257.64 -1000 -1000 -1000 -10 -1 -1 -1
96 2858 Pedestrian -1 -1 -10 723.38 152.49 763.04 246.94 -1000 -1000 -1000 -10 -1 -1 -1
97 2857 Pedestrian -1 -1 -10 868.23 152.20 944.19 341.98 -1000 -1000 -1000 -10 -1 -1 -1
97 2846 Pedestrian -1 -1 -10 645.12 147.74 689.40 256.13 -1000 -1000 -1000 -10 -1 -1 -1
97 2840 Pedestrian -1 -1 -10 0.15 96.81 259.17 362.85 -1000 -1000 -1000 -10 -1 -1 -1
97 2855 Pedestrian -1 -1 -10 597.38 131.11 639.56 260.94 -1000 -1000 -1000 -10 -1 -1 -1
97 2858 Pedestrian -1 -1 -10 728.71 154.41 768.06 246.79 -1000 -1000 -1000 -10 -1 -1 -1
98 2857 Pedestrian -1 -1 -10 887.04 148.67 963.25 344.22 -1000 -1000 -1000 -10 -1 -1 -1
98 2846 Pedestrian -1 -1 -10 648.50 146.66 693.99 258.55 -1000 -1000 -1000 -10 -1 -1 -1
98 2840 Pedestrian -1 -1 -10 0.25 96.37 260.03 363.20 -1000 -1000 -1000 -10 -1 -1 -1
98 2855 Pedestrian -1 -1 -10 601.04 131.37 643.16 262.78 -1000 -1000 -1000 -10 -1 -1 -1
98 2858 Pedestrian -1 -1 -10 733.32 154.81 774.33 250.14 -1000 -1000 -1000 -10 -1 -1 -1
99 2857 Pedestrian -1 -1 -10 903.19 147.84 981.48 352.08 -1000 -1000 -1000 -10 -1 -1 -1
99 2846 Pedestrian -1 -1 -10 650.23 147.40 695.77 260.99 -1000 -1000 -1000 -10 -1 -1 -1
99 2840 Pedestrian -1 -1 -10 0.18 96.61 259.48 362.91 -1000 -1000 -1000 -10 -1 -1 -1
99 2855 Pedestrian -1 -1 -10 605.11 132.03 647.69 265.30 -1000 -1000 -1000 -10 -1 -1 -1
99 2858 Pedestrian -1 -1 -10 738.60 155.28 780.09 251.52 -1000 -1000 -1000 -10 -1 -1 -1
100 2857 Pedestrian -1 -1 -10 922.59 150.36 1004.99 358.18 -1000 -1000 -1000 -10 -1 -1 -1
100 2846 Pedestrian -1 -1 -10 654.81 149.81 700.82 264.04 -1000 -1000 -1000 -10 -1 -1 -1
100 2840 Pedestrian -1 -1 -10 0.26 96.69 259.46 362.84 -1000 -1000 -1000 -10 -1 -1 -1
100 2855 Pedestrian -1 -1 -10 608.68 132.44 651.44 266.91 -1000 -1000 -1000 -10 -1 -1 -1
100 2858 Pedestrian -1 -1 -10 741.34 154.37 783.79 252.36 -1000 -1000 -1000 -10 -1 -1 -1
100 2865 Pedestrian -1 -1 -10 373.68 177.23 481.43 271.70 -1000 -1000 -1000 -10 -1 -1 -1
101 2857 Pedestrian -1 -1 -10 935.35 151.11 1023.03 366.13 -1000 -1000 -1000 -10 -1 -1 -1
101 2846 Pedestrian -1 -1 -10 658.46 151.53 705.69 267.48 -1000 -1000 -1000 -10 -1 -1 -1
101 2840 Pedestrian -1 -1 -10 0.24 96.79 259.31 362.76 -1000 -1000 -1000 -10 -1 -1 -1
101 2855 Pedestrian -1 -1 -10 611.93 132.51 654.98 267.47 -1000 -1000 -1000 -10 -1 -1 -1
101 2858 Pedestrian -1 -1 -10 745.40 154.94 787.35 251.69 -1000 -1000 -1000 -10 -1 -1 -1
101 2865 Pedestrian -1 -1 -10 374.56 176.66 481.92 270.79 -1000 -1000 -1000 -10 -1 -1 -1
102 2857 Pedestrian -1 -1 -10 952.00 150.23 1041.23 369.98 -1000 -1000 -1000 -10 -1 -1 -1
102 2846 Pedestrian -1 -1 -10 660.57 149.32 710.05 269.31 -1000 -1000 -1000 -10 -1 -1 -1
102 2840 Pedestrian -1 -1 -10 0.11 96.67 259.41 362.87 -1000 -1000 -1000 -10 -1 -1 -1
102 2855 Pedestrian -1 -1 -10 614.23 131.53 658.35 268.74 -1000 -1000 -1000 -10 -1 -1 -1
102 2858 Pedestrian -1 -1 -10 749.55 155.59 792.27 253.60 -1000 -1000 -1000 -10 -1 -1 -1
102 2865 Pedestrian -1 -1 -10 374.88 177.59 480.80 270.37 -1000 -1000 -1000 -10 -1 -1 -1
103 2857 Pedestrian -1 -1 -10 976.15 147.60 1064.45 370.15 -1000 -1000 -1000 -10 -1 -1 -1
103 2846 Pedestrian -1 -1 -10 663.98 148.84 713.82 270.38 -1000 -1000 -1000 -10 -1 -1 -1
103 2840 Pedestrian -1 -1 -10 0.02 96.71 259.43 363.03 -1000 -1000 -1000 -10 -1 -1 -1
103 2855 Pedestrian -1 -1 -10 609.56 128.73 657.38 271.69 -1000 -1000 -1000 -10 -1 -1 -1
103 2858 Pedestrian -1 -1 -10 754.95 154.88 799.38 256.90 -1000 -1000 -1000 -10 -1 -1 -1
103 2865 Pedestrian -1 -1 -10 375.08 177.29 481.19 270.16 -1000 -1000 -1000 -10 -1 -1 -1
104 2857 Pedestrian -1 -1 -10 994.74 146.43 1086.59 371.48 -1000 -1000 -1000 -10 -1 -1 -1
104 2846 Pedestrian -1 -1 -10 669.62 151.54 720.13 273.23 -1000 -1000 -1000 -10 -1 -1 -1
104 2840 Pedestrian -1 -1 -10 -0.19 96.54 259.42 363.14 -1000 -1000 -1000 -10 -1 -1 -1
104 2855 Pedestrian -1 -1 -10 607.21 128.26 658.07 274.99 -1000 -1000 -1000 -10 -1 -1 -1
104 2858 Pedestrian -1 -1 -10 757.28 153.87 802.62 257.25 -1000 -1000 -1000 -10 -1 -1 -1
104 2865 Pedestrian -1 -1 -10 375.14 177.87 481.22 270.58 -1000 -1000 -1000 -10 -1 -1 -1
105 2857 Pedestrian -1 -1 -10 1014.96 148.72 1111.94 371.64 -1000 -1000 -1000 -10 -1 -1 -1
105 2846 Pedestrian -1 -1 -10 670.20 153.22 720.60 275.63 -1000 -1000 -1000 -10 -1 -1 -1
105 2840 Pedestrian -1 -1 -10 -0.21 96.52 259.40 363.16 -1000 -1000 -1000 -10 -1 -1 -1
105 2855 Pedestrian -1 -1 -10 617.13 130.02 667.56 277.20 -1000 -1000 -1000 -10 -1 -1 -1
105 2858 Pedestrian -1 -1 -10 762.36 153.87 807.94 258.25 -1000 -1000 -1000 -10 -1 -1 -1
106 2857 Pedestrian -1 -1 -10 1027.38 149.11 1128.12 371.76 -1000 -1000 -1000 -10 -1 -1 -1
106 2846 Pedestrian -1 -1 -10 675.03 152.92 724.37 272.87 -1000 -1000 -1000 -10 -1 -1 -1
106 2840 Pedestrian -1 -1 -10 0.01 96.68 259.37 363.03 -1000 -1000 -1000 -10 -1 -1 -1
106 2855 Pedestrian -1 -1 -10 622.33 132.77 672.84 281.57 -1000 -1000 -1000 -10 -1 -1 -1
106 2858 Pedestrian -1 -1 -10 770.27 154.19 816.32 260.12 -1000 -1000 -1000 -10 -1 -1 -1
107 2857 Pedestrian -1 -1 -10 1046.95 146.18 1150.20 371.37 -1000 -1000 -1000 -10 -1 -1 -1
107 2846 Pedestrian -1 -1 -10 679.71 151.26 730.88 275.26 -1000 -1000 -1000 -10 -1 -1 -1
107 2840 Pedestrian -1 -1 -10 0.13 96.71 259.37 362.90 -1000 -1000 -1000 -10 -1 -1 -1
107 2855 Pedestrian -1 -1 -10 622.53 131.43 673.66 282.96 -1000 -1000 -1000 -10 -1 -1 -1
107 2858 Pedestrian -1 -1 -10 777.22 154.53 824.84 263.82 -1000 -1000 -1000 -10 -1 -1 -1
108 2857 Pedestrian -1 -1 -10 1080.07 142.92 1181.90 370.66 -1000 -1000 -1000 -10 -1 -1 -1
108 2846 Pedestrian -1 -1 -10 683.90 150.29 738.37 281.13 -1000 -1000 -1000 -10 -1 -1 -1
108 2840 Pedestrian -1 -1 -10 -0.02 96.62 259.18 362.79 -1000 -1000 -1000 -10 -1 -1 -1
108 2855 Pedestrian -1 -1 -10 617.34 129.53 670.77 283.89 -1000 -1000 -1000 -10 -1 -1 -1
108 2858 Pedestrian -1 -1 -10 784.64 155.20 833.37 266.82 -1000 -1000 -1000 -10 -1 -1 -1
109 2857 Pedestrian -1 -1 -10 1109.12 142.56 1209.47 370.59 -1000 -1000 -1000 -10 -1 -1 -1
109 2846 Pedestrian -1 -1 -10 689.40 151.83 744.64 283.10 -1000 -1000 -1000 -10 -1 -1 -1
109 2840 Pedestrian -1 -1 -10 0.10 96.68 259.23 362.75 -1000 -1000 -1000 -10 -1 -1 -1
109 2855 Pedestrian -1 -1 -10 623.78 129.98 676.78 285.30 -1000 -1000 -1000 -10 -1 -1 -1
109 2858 Pedestrian -1 -1 -10 790.44 156.28 839.07 268.01 -1000 -1000 -1000 -10 -1 -1 -1
110 2857 Pedestrian -1 -1 -10 1128.01 145.52 1226.75 370.95 -1000 -1000 -1000 -10 -1 -1 -1
110 2846 Pedestrian -1 -1 -10 691.84 154.12 748.94 289.54 -1000 -1000 -1000 -10 -1 -1 -1
110 2840 Pedestrian -1 -1 -10 0.16 96.48 259.66 362.89 -1000 -1000 -1000 -10 -1 -1 -1
110 2855 Pedestrian -1 -1 -10 629.56 130.91 682.23 287.61 -1000 -1000 -1000 -10 -1 -1 -1
110 2858 Pedestrian -1 -1 -10 794.89 155.97 842.80 267.30 -1000 -1000 -1000 -10 -1 -1 -1
111 2857 Pedestrian -1 -1 -10 1143.35 173.24 1230.15 370.45 -1000 -1000 -1000 -10 -1 -1 -1
111 2846 Pedestrian -1 -1 -10 693.65 154.91 750.64 289.99 -1000 -1000 -1000 -10 -1 -1 -1
111 2840 Pedestrian -1 -1 -10 0.05 96.34 259.70 362.90 -1000 -1000 -1000 -10 -1 -1 -1
111 2855 Pedestrian -1 -1 -10 633.62 133.81 685.57 289.73 -1000 -1000 -1000 -10 -1 -1 -1
111 2858 Pedestrian -1 -1 -10 801.63 155.28 849.06 267.32 -1000 -1000 -1000 -10 -1 -1 -1
111 2860 Pedestrian -1 -1 -10 284.68 210.46 403.67 297.08 -1000 -1000 -1000 -10 -1 -1 -1
112 2846 Pedestrian -1 -1 -10 696.59 153.96 754.03 292.10 -1000 -1000 -1000 -10 -1 -1 -1
112 2840 Pedestrian -1 -1 -10 0.17 95.86 260.67 363.29 -1000 -1000 -1000 -10 -1 -1 -1
112 2855 Pedestrian -1 -1 -10 637.77 133.62 690.29 292.74 -1000 -1000 -1000 -10 -1 -1 -1
112 2858 Pedestrian -1 -1 -10 805.44 155.05 855.19 271.30 -1000 -1000 -1000 -10 -1 -1 -1
113 2846 Pedestrian -1 -1 -10 705.30 153.55 765.87 298.30 -1000 -1000 -1000 -10 -1 -1 -1
113 2840 Pedestrian -1 -1 -10 0.20 96.38 259.95 363.01 -1000 -1000 -1000 -10 -1 -1 -1
113 2855 Pedestrian -1 -1 -10 641.83 131.15 695.49 295.72 -1000 -1000 -1000 -10 -1 -1 -1
113 2858 Pedestrian -1 -1 -10 809.64 155.19 861.18 275.48 -1000 -1000 -1000 -10 -1 -1 -1
114 2846 Pedestrian -1 -1 -10 711.75 155.31 773.15 299.36 -1000 -1000 -1000 -10 -1 -1 -1
114 2840 Pedestrian -1 -1 -10 0.18 96.58 259.72 362.96 -1000 -1000 -1000 -10 -1 -1 -1
114 2855 Pedestrian -1 -1 -10 642.79 130.25 698.44 301.99 -1000 -1000 -1000 -10 -1 -1 -1
114 2858 Pedestrian -1 -1 -10 815.57 154.60 866.72 273.49 -1000 -1000 -1000 -10 -1 -1 -1
115 2846 Pedestrian -1 -1 -10 717.11 155.81 779.56 299.26 -1000 -1000 -1000 -10 -1 -1 -1
115 2840 Pedestrian -1 -1 -10 0.26 96.69 259.60 362.78 -1000 -1000 -1000 -10 -1 -1 -1
115 2855 Pedestrian -1 -1 -10 641.60 131.70 699.38 306.82 -1000 -1000 -1000 -10 -1 -1 -1
115 2858 Pedestrian -1 -1 -10 824.14 154.99 875.99 275.96 -1000 -1000 -1000 -10 -1 -1 -1
116 2846 Pedestrian -1 -1 -10 723.28 156.20 786.83 300.77 -1000 -1000 -1000 -10 -1 -1 -1
116 2840 Pedestrian -1 -1 -10 0.09 96.43 259.73 362.84 -1000 -1000 -1000 -10 -1 -1 -1
116 2855 Pedestrian -1 -1 -10 643.08 135.37 702.21 312.49 -1000 -1000 -1000 -10 -1 -1 -1
116 2858 Pedestrian -1 -1 -10 833.81 154.94 886.55 277.77 -1000 -1000 -1000 -10 -1 -1 -1
117 2846 Pedestrian -1 -1 -10 722.65 155.46 788.98 307.41 -1000 -1000 -1000 -10 -1 -1 -1
117 2840 Pedestrian -1 -1 -10 0.15 96.59 259.69 362.85 -1000 -1000 -1000 -10 -1 -1 -1
117 2855 Pedestrian -1 -1 -10 644.20 136.07 705.00 315.19 -1000 -1000 -1000 -10 -1 -1 -1
117 2858 Pedestrian -1 -1 -10 841.52 156.24 896.15 281.92 -1000 -1000 -1000 -10 -1 -1 -1
118 2846 Pedestrian -1 -1 -10 722.24 157.02 788.69 312.73 -1000 -1000 -1000 -10 -1 -1 -1
118 2840 Pedestrian -1 -1 -10 0.28 96.62 259.74 362.73 -1000 -1000 -1000 -10 -1 -1 -1
118 2855 Pedestrian -1 -1 -10 651.24 132.56 713.97 319.23 -1000 -1000 -1000 -10 -1 -1 -1
118 2858 Pedestrian -1 -1 -10 849.19 157.33 905.14 285.30 -1000 -1000 -1000 -10 -1 -1 -1
119 2846 Pedestrian -1 -1 -10 729.78 159.57 799.90 324.07 -1000 -1000 -1000 -10 -1 -1 -1
119 2840 Pedestrian -1 -1 -10 0.29 96.59 259.84 362.72 -1000 -1000 -1000 -10 -1 -1 -1
119 2855 Pedestrian -1 -1 -10 661.17 130.66 723.38 320.39 -1000 -1000 -1000 -10 -1 -1 -1
119 2858 Pedestrian -1 -1 -10 859.75 157.38 915.72 286.12 -1000 -1000 -1000 -10 -1 -1 -1
120 2846 Pedestrian -1 -1 -10 733.43 161.75 805.42 330.95 -1000 -1000 -1000 -10 -1 -1 -1
120 2840 Pedestrian -1 -1 -10 0.16 96.58 259.73 362.72 -1000 -1000 -1000 -10 -1 -1 -1
120 2855 Pedestrian -1 -1 -10 668.67 132.02 730.28 323.67 -1000 -1000 -1000 -10 -1 -1 -1
120 2858 Pedestrian -1 -1 -10 865.39 156.60 922.15 287.51 -1000 -1000 -1000 -10 -1 -1 -1
121 2846 Pedestrian -1 -1 -10 737.33 161.74 809.83 332.73 -1000 -1000 -1000 -10 -1 -1 -1
121 2840 Pedestrian -1 -1 -10 0.29 96.63 259.93 362.76 -1000 -1000 -1000 -10 -1 -1 -1
121 2855 Pedestrian -1 -1 -10 676.26 135.22 738.21 327.78 -1000 -1000 -1000 -10 -1 -1 -1
121 2858 Pedestrian -1 -1 -10 875.72 155.84 933.46 290.04 -1000 -1000 -1000 -10 -1 -1 -1
122 2846 Pedestrian -1 -1 -10 744.52 159.88 820.07 338.19 -1000 -1000 -1000 -10 -1 -1 -1
122 2840 Pedestrian -1 -1 -10 0.24 96.58 260.00 362.78 -1000 -1000 -1000 -10 -1 -1 -1
122 2855 Pedestrian -1 -1 -10 680.38 135.81 743.63 332.20 -1000 -1000 -1000 -10 -1 -1 -1
122 2858 Pedestrian -1 -1 -10 888.02 157.15 948.05 294.59 -1000 -1000 -1000 -10 -1 -1 -1
123 2846 Pedestrian -1 -1 -10 749.76 160.31 826.38 341.30 -1000 -1000 -1000 -10 -1 -1 -1
123 2840 Pedestrian -1 -1 -10 0.27 96.58 260.08 362.78 -1000 -1000 -1000 -10 -1 -1 -1
123 2855 Pedestrian -1 -1 -10 686.74 134.50 751.60 336.87 -1000 -1000 -1000 -10 -1 -1 -1
123 2858 Pedestrian -1 -1 -10 892.30 157.70 954.55 298.64 -1000 -1000 -1000 -10 -1 -1 -1
124 2846 Pedestrian -1 -1 -10 754.59 163.31 833.27 347.35 -1000 -1000 -1000 -10 -1 -1 -1
124 2840 Pedestrian -1 -1 -10 0.19 96.64 260.10 362.91 -1000 -1000 -1000 -10 -1 -1 -1
124 2855 Pedestrian -1 -1 -10 694.98 131.84 760.49 338.58 -1000 -1000 -1000 -10 -1 -1 -1
124 2858 Pedestrian -1 -1 -10 905.39 157.22 967.11 299.85 -1000 -1000 -1000 -10 -1 -1 -1
125 2846 Pedestrian -1 -1 -10 763.21 164.68 843.42 349.47 -1000 -1000 -1000 -10 -1 -1 -1
125 2840 Pedestrian -1 -1 -10 0.25 96.11 261.12 363.37 -1000 -1000 -1000 -10 -1 -1 -1
125 2855 Pedestrian -1 -1 -10 694.62 131.86 763.47 345.29 -1000 -1000 -1000 -10 -1 -1 -1
125 2858 Pedestrian -1 -1 -10 918.25 155.67 981.00 301.91 -1000 -1000 -1000 -10 -1 -1 -1
126 2846 Pedestrian -1 -1 -10 776.28 161.95 859.46 353.39 -1000 -1000 -1000 -10 -1 -1 -1
126 2840 Pedestrian -1 -1 -10 0.40 95.92 261.56 363.45 -1000 -1000 -1000 -10 -1 -1 -1
126 2855 Pedestrian -1 -1 -10 692.98 134.79 766.43 355.61 -1000 -1000 -1000 -10 -1 -1 -1
126 2858 Pedestrian -1 -1 -10 932.86 157.87 997.98 307.33 -1000 -1000 -1000 -10 -1 -1 -1
127 2846 Pedestrian -1 -1 -10 781.00 161.03 865.53 358.99 -1000 -1000 -1000 -10 -1 -1 -1
127 2840 Pedestrian -1 -1 -10 0.47 96.02 261.63 363.51 -1000 -1000 -1000 -10 -1 -1 -1
127 2855 Pedestrian -1 -1 -10 692.93 134.40 770.87 362.81 -1000 -1000 -1000 -10 -1 -1 -1
127 2858 Pedestrian -1 -1 -10 943.55 159.56 1010.90 310.85 -1000 -1000 -1000 -10 -1 -1 -1
128 2846 Pedestrian -1 -1 -10 788.51 162.46 875.40 365.92 -1000 -1000 -1000 -10 -1 -1 -1
128 2840 Pedestrian -1 -1 -10 0.45 96.72 260.59 363.07 -1000 -1000 -1000 -10 -1 -1 -1
128 2855 Pedestrian -1 -1 -10 700.11 133.15 780.27 364.77 -1000 -1000 -1000 -10 -1 -1 -1
128 2858 Pedestrian -1 -1 -10 958.35 159.78 1026.13 311.85 -1000 -1000 -1000 -10 -1 -1 -1
129 2846 Pedestrian -1 -1 -10 794.29 164.84 880.59 368.76 -1000 -1000 -1000 -10 -1 -1 -1
129 2840 Pedestrian -1 -1 -10 0.37 96.27 261.16 363.30 -1000 -1000 -1000 -10 -1 -1 -1
129 2855 Pedestrian -1 -1 -10 716.15 130.32 796.95 367.36 -1000 -1000 -1000 -10 -1 -1 -1
129 2858 Pedestrian -1 -1 -10 968.64 158.69 1035.43 310.40 -1000 -1000 -1000 -10 -1 -1 -1
130 2846 Pedestrian -1 -1 -10 805.89 164.08 893.17 370.95 -1000 -1000 -1000 -10 -1 -1 -1
130 2840 Pedestrian -1 -1 -10 0.28 96.77 260.43 363.09 -1000 -1000 -1000 -10 -1 -1 -1
130 2855 Pedestrian -1 -1 -10 729.63 127.88 810.55 370.51 -1000 -1000 -1000 -10 -1 -1 -1
130 2858 Pedestrian -1 -1 -10 979.90 158.35 1048.33 314.69 -1000 -1000 -1000 -10 -1 -1 -1
131 2846 Pedestrian -1 -1 -10 816.74 161.89 903.74 371.49 -1000 -1000 -1000 -10 -1 -1 -1
131 2840 Pedestrian -1 -1 -10 0.21 96.78 260.23 362.93 -1000 -1000 -1000 -10 -1 -1 -1
131 2855 Pedestrian -1 -1 -10 742.26 129.78 822.18 371.33 -1000 -1000 -1000 -10 -1 -1 -1
131 2858 Pedestrian -1 -1 -10 996.70 160.03 1068.96 320.12 -1000 -1000 -1000 -10 -1 -1 -1
132 2846 Pedestrian -1 -1 -10 825.61 161.71 912.57 371.82 -1000 -1000 -1000 -10 -1 -1 -1
132 2840 Pedestrian -1 -1 -10 0.41 96.71 260.30 362.62 -1000 -1000 -1000 -10 -1 -1 -1
132 2855 Pedestrian -1 -1 -10 751.90 130.74 832.05 371.76 -1000 -1000 -1000 -10 -1 -1 -1
132 2858 Pedestrian -1 -1 -10 1005.90 161.03 1080.85 325.15 -1000 -1000 -1000 -10 -1 -1 -1
133 2846 Pedestrian -1 -1 -10 836.78 164.14 925.02 371.49 -1000 -1000 -1000 -10 -1 -1 -1
133 2840 Pedestrian -1 -1 -10 0.27 96.32 261.02 363.13 -1000 -1000 -1000 -10 -1 -1 -1
133 2855 Pedestrian -1 -1 -10 758.35 129.06 839.58 371.79 -1000 -1000 -1000 -10 -1 -1 -1
133 2858 Pedestrian -1 -1 -10 1021.30 160.80 1095.26 327.28 -1000 -1000 -1000 -10 -1 -1 -1
134 2846 Pedestrian -1 -1 -10 850.33 165.25 940.09 371.35 -1000 -1000 -1000 -10 -1 -1 -1
134 2840 Pedestrian -1 -1 -10 0.19 96.77 260.31 362.91 -1000 -1000 -1000 -10 -1 -1 -1
134 2855 Pedestrian -1 -1 -10 768.94 124.87 850.55 370.59 -1000 -1000 -1000 -10 -1 -1 -1
134 2858 Pedestrian -1 -1 -10 1038.50 160.41 1112.29 327.52 -1000 -1000 -1000 -10 -1 -1 -1
135 2846 Pedestrian -1 -1 -10 867.80 163.11 959.03 370.35 -1000 -1000 -1000 -10 -1 -1 -1
135 2840 Pedestrian -1 -1 -10 0.41 96.61 261.05 363.24 -1000 -1000 -1000 -10 -1 -1 -1
135 2855 Pedestrian -1 -1 -10 779.94 120.87 861.85 369.22 -1000 -1000 -1000 -10 -1 -1 -1
135 2858 Pedestrian -1 -1 -10 1057.88 161.37 1135.37 336.24 -1000 -1000 -1000 -10 -1 -1 -1
136 2846 Pedestrian -1 -1 -10 892.93 159.47 986.75 370.57 -1000 -1000 -1000 -10 -1 -1 -1
136 2840 Pedestrian -1 -1 -10 0.70 96.89 261.49 363.63 -1000 -1000 -1000 -10 -1 -1 -1
136 2855 Pedestrian -1 -1 -10 781.89 119.82 866.43 369.46 -1000 -1000 -1000 -10 -1 -1 -1
136 2858 Pedestrian -1 -1 -10 1073.15 162.97 1154.25 342.61 -1000 -1000 -1000 -10 -1 -1 -1
137 2846 Pedestrian -1 -1 -10 906.19 160.05 1000.66 370.70 -1000 -1000 -1000 -10 -1 -1 -1
137 2840 Pedestrian -1 -1 -10 0.75 96.76 261.57 363.44 -1000 -1000 -1000 -10 -1 -1 -1
137 2855 Pedestrian -1 -1 -10 783.76 122.32 871.40 370.02 -1000 -1000 -1000 -10 -1 -1 -1
137 2858 Pedestrian -1 -1 -10 1091.93 162.38 1174.95 346.51 -1000 -1000 -1000 -10 -1 -1 -1
138 2846 Pedestrian -1 -1 -10 924.22 162.98 1020.60 370.06 -1000 -1000 -1000 -10 -1 -1 -1
138 2840 Pedestrian -1 -1 -10 0.44 97.12 260.54 363.02 -1000 -1000 -1000 -10 -1 -1 -1
138 2855 Pedestrian -1 -1 -10 788.30 122.12 880.10 369.85 -1000 -1000 -1000 -10 -1 -1 -1
138 2858 Pedestrian -1 -1 -10 1110.68 161.53 1185.98 327.92 -1000 -1000 -1000 -10 -1 -1 -1
139 2846 Pedestrian -1 -1 -10 944.08 163.47 1043.66 369.46 -1000 -1000 -1000 -10 -1 -1 -1
139 2840 Pedestrian -1 -1 -10 0.44 96.49 261.28 363.11 -1000 -1000 -1000 -10 -1 -1 -1
139 2855 Pedestrian -1 -1 -10 799.22 117.65 895.51 369.06 -1000 -1000 -1000 -10 -1 -1 -1
139 2858 Pedestrian -1 -1 -10 1123.85 161.11 1205.89 342.88 -1000 -1000 -1000 -10 -1 -1 -1
140 2846 Pedestrian -1 -1 -10 967.15 161.01 1070.45 370.11 -1000 -1000 -1000 -10 -1 -1 -1
140 2840 Pedestrian -1 -1 -10 0.43 96.32 261.57 363.24 -1000 -1000 -1000 -10 -1 -1 -1
140 2855 Pedestrian -1 -1 -10 820.77 112.06 919.65 369.36 -1000 -1000 -1000 -10 -1 -1 -1
140 2858 Pedestrian -1 -1 -10 1140.77 161.26 1221.88 340.58 -1000 -1000 -1000 -10 -1 -1 -1
141 2846 Pedestrian -1 -1 -10 991.80 158.88 1096.37 369.44 -1000 -1000 -1000 -10 -1 -1 -1
141 2840 Pedestrian -1 -1 -10 0.29 96.80 260.72 362.94 -1000 -1000 -1000 -10 -1 -1 -1
141 2855 Pedestrian -1 -1 -10 844.15 109.83 942.87 369.07 -1000 -1000 -1000 -10 -1 -1 -1
142 2846 Pedestrian -1 -1 -10 1012.68 162.18 1118.62 369.51 -1000 -1000 -1000 -10 -1 -1 -1
142 2840 Pedestrian -1 -1 -10 0.25 96.96 260.44 362.82 -1000 -1000 -1000 -10 -1 -1 -1
142 2855 Pedestrian -1 -1 -10 864.80 110.76 963.19 369.10 -1000 -1000 -1000 -10 -1 -1 -1
143 2846 Pedestrian -1 -1 -10 1035.01 164.58 1142.94 369.57 -1000 -1000 -1000 -10 -1 -1 -1
143 2840 Pedestrian -1 -1 -10 0.37 96.41 261.46 363.15 -1000 -1000 -1000 -10 -1 -1 -1
143 2855 Pedestrian -1 -1 -10 888.55 112.05 988.68 368.57 -1000 -1000 -1000 -10 -1 -1 -1
144 2846 Pedestrian -1 -1 -10 1072.75 165.32 1182.61 369.69 -1000 -1000 -1000 -10 -1 -1 -1
144 2840 Pedestrian -1 -1 -10 0.18 96.86 260.70 363.00 -1000 -1000 -1000 -10 -1 -1 -1
144 2855 Pedestrian -1 -1 -10 909.00 108.81 1010.39 368.72 -1000 -1000 -1000 -10 -1 -1 -1
