20 2869 Pedestrian -1 -1 -10 565.59 171.01 596.29 186.76 -1000 -1000 -1000 -10 -1 -1 -1
21 2869 Pedestrian -1 -1 -10 564.26 171.37 592.80 186.02 -1000 -1000 -1000 -10 -1 -1 -1
23 2869 Pedestrian -1 -1 -10 552.46 170.14 590.40 189.87 -1000 -1000 -1000 -10 -1 -1 -1
24 2869 Pedestrian -1 -1 -10 546.66 171.38 586.66 192.42 -1000 -1000 -1000 -10 -1 -1 -1
25 2869 Pedestrian -1 -1 -10 539.95 172.86 581.75 195.18 -1000 -1000 -1000 -10 -1 -1 -1
26 2869 Pedestrian -1 -1 -10 533.97 173.64 577.13 196.98 -1000 -1000 -1000 -10 -1 -1 -1
31 2870 Pedestrian -1 -1 -10 493.16 175.91 533.94 203.15 -1000 -1000 -1000 -10 -1 -1 -1
32 2870 Pedestrian -1 -1 -10 475.82 173.53 526.36 207.30 -1000 -1000 -1000 -10 -1 -1 -1
33 2870 Pedestrian -1 -1 -10 459.02 174.52 514.71 211.68 -1000 -1000 -1000 -10 -1 -1 -1
34 2870 Pedestrian -1 -1 -10 434.42 177.38 499.39 220.53 -1000 -1000 -1000 -10 -1 -1 -1
35 2870 Pedestrian -1 -1 -10 406.35 179.11 480.21 227.83 -1000 -1000 -1000 -10 -1 -1 -1
36 2870 Pedestrian -1 -1 -10 368.41 181.39 456.65 239.14 -1000 -1000 -1000 -10 -1 -1 -1
37 2870 Pedestrian -1 -1 -10 313.17 184.39 423.36 255.44 -1000 -1000 -1000 -10 -1 -1 -1
38 2870 Pedestrian -1 -1 -10 227.35 188.52 373.38 280.56 -1000 -1000 -1000 -10 -1 -1 -1
39 2840 Pedestrian -1 -1 -10 50.72 195.08 240.34 359.73 -1000 -1000 -1000 -10 -1 -1 -1
40 2840 Pedestrian -1 -1 -10 -9.66 213.50 158.33 369.28 -1000 -1000 -1000 -10 -1 -1 -1
41 2873 Pedestrian -1 -1 -10 588.68 168.16 614.63 187.92 -1000 -1000 -1000 -10 -1 -1 -1
43 2873 Pedestrian -1 -1 -10 587.32 168.39 613.04 188.01 -1000 -1000 -1000 -10 -1 -1 -1
46 2873 Pedestrian -1 -1 -10 583.07 169.93 608.79 189.52 -1000 -1000 -1000 -10 -1 -1 -1
57 2874 Pedestrian -1 -1 -10 565.10 167.60 593.94 189.53 -1000 -1000 -1000 -10 -1 -1 -1
62 2874 Pedestrian -1 -1 -10 559.92 171.66 593.35 197.09 -1000 -1000 -1000 -10 -1 -1 -1
65 2874 Pedestrian -1 -1 -10 554.39 174.04 590.61 201.59 -1000 -1000 -1000 -10 -1 -1 -1
66 2874 Pedestrian -1 -1 -10 551.17 173.72 589.66 203.02 -1000 -1000 -1000 -10 -1 -1 -1
67 2874 Pedestrian -1 -1 -10 546.71 172.19 587.66 203.52 -1000 -1000 -1000 -10 -1 -1 -1
69 2874 Pedestrian -1 -1 -10 541.87 172.94 582.52 203.96 -1000 -1000 -1000 -10 -1 -1 -1
75 2874 Pedestrian -1 -1 -10 531.00 175.67 574.36 208.81 -1000 -1000 -1000 -10 -1 -1 -1
76 2874 Pedestrian -1 -1 -10 527.97 175.00 573.14 209.51 -1000 -1000 -1000 -10 -1 -1 -1
76 2869 Pedestrian -1 -1 -10 425.88 174.10 503.18 217.96 -1000 -1000 -1000 -10 -1 -1 -1
77 2874 Pedestrian -1 -1 -10 524.68 173.49 572.05 209.73 -1000 -1000 -1000 -10 -1 -1 -1
77 2869 Pedestrian -1 -1 -10 405.60 173.53 489.79 222.37 -1000 -1000 -1000 -10 -1 -1 -1
78 2874 Pedestrian -1 -1 -10 521.92 171.86 571.50 209.70 -1000 -1000 -1000 -10 -1 -1 -1
78 2869 Pedestrian -1 -1 -10 369.29 174.76 465.91 231.21 -1000 -1000 -1000 -10 -1 -1 -1
79 2874 Pedestrian -1 -1 -10 520.22 171.70 571.28 210.52 -1000 -1000 -1000 -10 -1 -1 -1
80 2874 Pedestrian -1 -1 -10 516.72 172.43 570.32 213.14 -1000 -1000 -1000 -10 -1 -1 -1
81 2874 Pedestrian -1 -1 -10 513.43 174.27 568.46 216.02 -1000 -1000 -1000 -10 -1 -1 -1
82 2874 Pedestrian -1 -1 -10 510.27 174.41 567.02 217.34 -1000 -1000 -1000 -10 -1 -1 -1
83 2874 Pedestrian -1 -1 -10 506.46 174.23 565.68 219.05 -1000 -1000 -1000 -10 -1 -1 -1
84 2874 Pedestrian -1 -1 -10 501.52 172.33 564.97 220.84 -1000 -1000 -1000 -10 -1 -1 -1
85 2874 Pedestrian -1 -1 -10 496.95 170.11 564.34 222.28 -1000 -1000 -1000 -10 -1 -1 -1
86 2874 Pedestrian -1 -1 -10 494.07 171.60 560.71 223.48 -1000 -1000 -1000 -10 -1 -1 -1
87 2874 Pedestrian -1 -1 -10 493.58 176.42 556.92 225.32 -1000 -1000 -1000 -10 -1 -1 -1
88 2874 Pedestrian -1 -1 -10 491.49 179.71 552.97 226.71 -1000 -1000 -1000 -10 -1 -1 -1
89 2874 Pedestrian -1 -1 -10 487.69 178.85 552.00 227.98 -1000 -1000 -1000 -10 -1 -1 -1
90 2874 Pedestrian -1 -1 -10 484.46 179.07 549.89 228.77 -1000 -1000 -1000 -10 -1 -1 -1
90 2883 Pedestrian -1 -1 -10 602.13 169.59 639.01 202.25 -1000 -1000 -1000 -10 -1 -1 -1
91 2874 Pedestrian -1 -1 -10 479.91 178.49 549.49 231.06 -1000 -1000 -1000 -10 -1 -1 -1
91 2883 Pedestrian -1 -1 -10 601.40 168.92 638.54 201.79 -1000 -1000 -1000 -10 -1 -1 -1
92 2874 Pedestrian -1 -1 -10 475.84 178.63 548.02 232.98 -1000 -1000 -1000 -10 -1 -1 -1
92 2883 Pedestrian -1 -1 -10 602.29 169.49 639.46 202.41 -1000 -1000 -1000 -10 -1 -1 -1
93 2874 Pedestrian -1 -1 -10 472.17 179.61 545.77 234.97 -1000 -1000 -1000 -10 -1 -1 -1
93 2885 Pedestrian -1 -1 -10 359.81 160.20 454.78 232.41 -1000 -1000 -1000 -10 -1 -1 -1
94 2874 Pedestrian -1 -1 -10 469.04 180.91 543.80 236.94 -1000 -1000 -1000 -10 -1 -1 -1
94 2869 Pedestrian -1 -1 -10 274.54 159.45 429.24 249.33 -1000 -1000 -1000 -10 -1 -1 -1
94 2883 Pedestrian -1 -1 -10 605.27 171.79 640.90 203.44 -1000 -1000 -1000 -10 -1 -1 -1
95 2874 Pedestrian -1 -1 -10 465.29 181.90 541.99 239.08 -1000 -1000 -1000 -10 -1 -1 -1
95 2869 Pedestrian -1 -1 -10 231.79 157.91 409.75 262.37 -1000 -1000 -1000 -10 -1 -1 -1
95 2883 Pedestrian -1 -1 -10 605.18 172.42 640.91 204.12 -1000 -1000 -1000 -10 -1 -1 -1
96 2874 Pedestrian -1 -1 -10 461.07 181.93 540.96 241.14 -1000 -1000 -1000 -10 -1 -1 -1
96 2883 Pedestrian -1 -1 -10 604.18 172.15 642.48 206.10 -1000 -1000 -1000 -10 -1 -1 -1
97 2874 Pedestrian -1 -1 -10 457.97 181.58 541.71 243.24 -1000 -1000 -1000 -10 -1 -1 -1
97 2883 Pedestrian -1 -1 -10 603.10 172.39 643.02 207.67 -1000 -1000 -1000 -10 -1 -1 -1
97 2886 Pedestrian -1 -1 -10 -42.98 149.32 335.74 352.63 -1000 -1000 -1000 -10 -1 -1 -1
98 2874 Pedestrian -1 -1 -10 453.42 181.63 541.47 246.08 -1000 -1000 -1000 -10 -1 -1 -1
98 2883 Pedestrian -1 -1 -10 602.06 172.97 642.25 208.27 -1000 -1000 -1000 -10 -1 -1 -1
99 2874 Pedestrian -1 -1 -10 449.51 182.94 540.11 248.72 -1000 -1000 -1000 -10 -1 -1 -1
99 2883 Pedestrian -1 -1 -10 601.68 171.99 643.41 208.66 -1000 -1000 -1000 -10 -1 -1 -1
100 2874 Pedestrian -1 -1 -10 443.34 183.87 538.58 252.80 -1000 -1000 -1000 -10 -1 -1 -1
100 2883 Pedestrian -1 -1 -10 602.55 172.70 642.90 207.91 -1000 -1000 -1000 -10 -1 -1 -1
100 2889 Pedestrian -1 -1 -10 563.95 171.31 599.26 201.71 -1000 -1000 -1000 -10 -1 -1 -1
101 2874 Pedestrian -1 -1 -10 437.66 184.91 535.94 255.93 -1000 -1000 -1000 -10 -1 -1 -1
101 2883 Pedestrian -1 -1 -10 602.35 172.38 643.42 208.02 -1000 -1000 -1000 -10 -1 -1 -1
101 2889 Pedestrian -1 -1 -10 563.05 172.38 598.95 203.34 -1000 -1000 -1000 -10 -1 -1 -1
101 2890 Pedestrian -1 -1 -10 517.99 181.36 564.08 218.13 -1000 -1000 -1000 -10 -1 -1 -1
102 2874 Pedestrian -1 -1 -10 432.10 184.41 534.67 258.46 -1000 -1000 -1000 -10 -1 -1 -1
102 2883 Pedestrian -1 -1 -10 601.65 173.83 643.57 209.87 -1000 -1000 -1000 -10 -1 -1 -1
102 2889 Pedestrian -1 -1 -10 563.94 173.36 598.47 203.10 -1000 -1000 -1000 -10 -1 -1 -1
102 2890 Pedestrian -1 -1 -10 517.75 180.87 563.63 217.48 -1000 -1000 -1000 -10 -1 -1 -1
103 2874 Pedestrian -1 -1 -10 425.81 186.10 531.26 262.57 -1000 -1000 -1000 -10 -1 -1 -1
103 2883 Pedestrian -1 -1 -10 603.22 174.24 644.91 209.86 -1000 -1000 -1000 -10 -1 -1 -1
103 2889 Pedestrian -1 -1 -10 562.39 171.67 598.35 202.77 -1000 -1000 -1000 -10 -1 -1 -1
103 2890 Pedestrian -1 -1 -10 515.56 180.77 563.55 219.08 -1000 -1000 -1000 -10 -1 -1 -1
104 2874 Pedestrian -1 -1 -10 422.09 188.07 528.60 264.75 -1000 -1000 -1000 -10 -1 -1 -1
104 2883 Pedestrian -1 -1 -10 601.06 174.25 645.97 212.55 -1000 -1000 -1000 -10 -1 -1 -1
104 2889 Pedestrian -1 -1 -10 563.27 172.94 597.62 202.64 -1000 -1000 -1000 -10 -1 -1 -1
104 2890 Pedestrian -1 -1 -10 512.80 179.70 563.85 220.52 -1000 -1000 -1000 -10 -1 -1 -1
105 2874 Pedestrian -1 -1 -10 412.70 188.16 522.20 267.42 -1000 -1000 -1000 -10 -1 -1 -1
105 2883 Pedestrian -1 -1 -10 600.22 173.16 646.04 212.36 -1000 -1000 -1000 -10 -1 -1 -1
105 2889 Pedestrian -1 -1 -10 563.42 172.21 598.63 202.66 -1000 -1000 -1000 -10 -1 -1 -1
105 2890 Pedestrian -1 -1 -10 509.75 179.33 562.00 221.21 -1000 -1000 -1000 -10 -1 -1 -1
106 2874 Pedestrian -1 -1 -10 405.45 187.59 519.60 270.61 -1000 -1000 -1000 -10 -1 -1 -1
106 2883 Pedestrian -1 -1 -10 600.19 172.55 645.47 211.03 -1000 -1000 -1000 -10 -1 -1 -1
106 2889 Pedestrian -1 -1 -10 562.13 171.31 599.07 203.32 -1000 -1000 -1000 -10 -1 -1 -1
106 2890 Pedestrian -1 -1 -10 508.18 180.07 560.24 221.90 -1000 -1000 -1000 -10 -1 -1 -1
107 2874 Pedestrian -1 -1 -10 403.59 186.95 522.00 272.03 -1000 -1000 -1000 -10 -1 -1 -1
107 2883 Pedestrian -1 -1 -10 600.29 171.67 645.22 209.53 -1000 -1000 -1000 -10 -1 -1 -1
107 2889 Pedestrian -1 -1 -10 561.29 170.55 598.66 203.04 -1000 -1000 -1000 -10 -1 -1 -1
107 2890 Pedestrian -1 -1 -10 505.45 180.05 558.05 222.39 -1000 -1000 -1000 -10 -1 -1 -1
108 2874 Pedestrian -1 -1 -10 397.69 185.54 522.47 274.49 -1000 -1000 -1000 -10 -1 -1 -1
108 2883 Pedestrian -1 -1 -10 599.43 170.46 644.30 208.15 -1000 -1000 -1000 -10 -1 -1 -1
108 2889 Pedestrian -1 -1 -10 560.36 169.96 597.59 202.51 -1000 -1000 -1000 -10 -1 -1 -1
108 2890 Pedestrian -1 -1 -10 502.29 179.87 557.06 224.08 -1000 -1000 -1000 -10 -1 -1 -1
109 2874 Pedestrian -1 -1 -10 391.03 185.93 521.87 278.56 -1000 -1000 -1000 -10 -1 -1 -1
109 2883 Pedestrian -1 -1 -10 599.02 169.90 643.99 207.54 -1000 -1000 -1000 -10 -1 -1 -1
109 2889 Pedestrian -1 -1 -10 560.19 168.60 597.55 201.44 -1000 -1000 -1000 -10 -1 -1 -1
109 2890 Pedestrian -1 -1 -10 498.48 178.41 556.25 225.07 -1000 -1000 -1000 -10 -1 -1 -1
110 2874 Pedestrian -1 -1 -10 382.45 185.65 520.24 282.44 -1000 -1000 -1000 -10 -1 -1 -1
110 2883 Pedestrian -1 -1 -10 598.88 170.27 643.12 207.06 -1000 -1000 -1000 -10 -1 -1 -1
110 2890 Pedestrian -1 -1 -10 496.43 177.74 554.76 224.74 -1000 -1000 -1000 -10 -1 -1 -1
111 2874 Pedestrian -1 -1 -10 374.45 185.99 518.17 286.16 -1000 -1000 -1000 -10 -1 -1 -1
111 2883 Pedestrian -1 -1 -10 597.50 169.53 642.55 206.77 -1000 -1000 -1000 -10 -1 -1 -1
111 2890 Pedestrian -1 -1 -10 494.83 178.10 552.84 224.63 -1000 -1000 -1000 -10 -1 -1 -1
111 2889 Pedestrian -1 -1 -10 559.32 168.11 596.33 200.59 -1000 -1000 -1000 -10 -1 -1 -1
112 2874 Pedestrian -1 -1 -10 364.06 185.79 516.63 291.36 -1000 -1000 -1000 -10 -1 -1 -1
112 2883 Pedestrian -1 -1 -10 596.85 169.49 642.55 206.86 -1000 -1000 -1000 -10 -1 -1 -1
112 2890 Pedestrian -1 -1 -10 491.91 178.18 551.06 225.47 -1000 -1000 -1000 -10 -1 -1 -1
112 2889 Pedestrian -1 -1 -10 558.48 167.70 596.03 200.67 -1000 -1000 -1000 -10 -1 -1 -1
113 2874 Pedestrian -1 -1 -10 355.85 186.27 514.03 294.80 -1000 -1000 -1000 -10 -1 -1 -1
113 2883 Pedestrian -1 -1 -10 596.56 169.52 643.47 207.63 -1000 -1000 -1000 -10 -1 -1 -1
113 2890 Pedestrian -1 -1 -10 489.53 178.14 550.65 226.90 -1000 -1000 -1000 -10 -1 -1 -1
113 2889 Pedestrian -1 -1 -10 556.99 167.16 595.57 201.20 -1000 -1000 -1000 -10 -1 -1 -1
114 2874 Pedestrian -1 -1 -10 345.42 185.65 510.97 298.65 -1000 -1000 -1000 -10 -1 -1 -1
114 2883 Pedestrian -1 -1 -10 594.54 167.96 643.13 207.38 -1000 -1000 -1000 -10 -1 -1 -1
114 2890 Pedestrian -1 -1 -10 486.52 177.84 549.10 227.62 -1000 -1000 -1000 -10 -1 -1 -1
114 2889 Pedestrian -1 -1 -10 556.21 166.09 595.96 201.34 -1000 -1000 -1000 -10 -1 -1 -1
115 2874 Pedestrian -1 -1 -10 335.11 185.55 507.44 302.41 -1000 -1000 -1000 -10 -1 -1 -1
115 2883 Pedestrian -1 -1 -10 593.54 167.02 643.61 207.54 -1000 -1000 -1000 -10 -1 -1 -1
115 2890 Pedestrian -1 -1 -10 482.06 176.67 548.23 229.04 -1000 -1000 -1000 -10 -1 -1 -1
115 2889 Pedestrian -1 -1 -10 555.84 165.91 595.86 201.57 -1000 -1000 -1000 -10 -1 -1 -1
116 2874 Pedestrian -1 -1 -10 325.32 187.34 504.29 307.83 -1000 -1000 -1000 -10 -1 -1 -1
116 2883 Pedestrian -1 -1 -10 593.03 167.11 643.41 207.58 -1000 -1000 -1000 -10 -1 -1 -1
116 2890 Pedestrian -1 -1 -10 479.54 176.89 547.80 230.78 -1000 -1000 -1000 -10 -1 -1 -1
116 2889 Pedestrian -1 -1 -10 555.26 167.05 593.67 201.43 -1000 -1000 -1000 -10 -1 -1 -1
117 2874 Pedestrian -1 -1 -10 314.63 186.97 503.59 313.54 -1000 -1000 -1000 -10 -1 -1 -1
117 2890 Pedestrian -1 -1 -10 477.87 177.00 547.61 231.90 -1000 -1000 -1000 -10 -1 -1 -1
117 2889 Pedestrian -1 -1 -10 554.45 166.98 592.65 201.41 -1000 -1000 -1000 -10 -1 -1 -1
118 2874 Pedestrian -1 -1 -10 304.34 187.12 500.84 317.81 -1000 -1000 -1000 -10 -1 -1 -1
118 2890 Pedestrian -1 -1 -10 476.19 176.92 547.57 232.92 -1000 -1000 -1000 -10 -1 -1 -1
118 2889 Pedestrian -1 -1 -10 554.38 167.22 592.85 201.95 -1000 -1000 -1000 -10 -1 -1 -1
119 2874 Pedestrian -1 -1 -10 294.13 187.88 499.35 323.73 -1000 -1000 -1000 -10 -1 -1 -1
119 2890 Pedestrian -1 -1 -10 475.29 176.96 547.03 233.27 -1000 -1000 -1000 -10 -1 -1 -1
119 2889 Pedestrian -1 -1 -10 553.73 167.42 592.32 202.37 -1000 -1000 -1000 -10 -1 -1 -1
120 2874 Pedestrian -1 -1 -10 284.53 186.48 496.90 326.47 -1000 -1000 -1000 -10 -1 -1 -1
120 2890 Pedestrian -1 -1 -10 473.75 177.20 546.74 234.53 -1000 -1000 -1000 -10 -1 -1 -1
120 2889 Pedestrian -1 -1 -10 553.19 167.46 593.10 203.61 -1000 -1000 -1000 -10 -1 -1 -1
120 2883 Pedestrian -1 -1 -10 595.07 168.37 644.58 208.06 -1000 -1000 -1000 -10 -1 -1 -1
121 2874 Pedestrian -1 -1 -10 274.77 185.73 494.26 329.80 -1000 -1000 -1000 -10 -1 -1 -1
121 2890 Pedestrian -1 -1 -10 471.73 177.81 545.12 235.32 -1000 -1000 -1000 -10 -1 -1 -1
121 2889 Pedestrian -1 -1 -10 552.88 167.54 593.33 203.98 -1000 -1000 -1000 -10 -1 -1 -1
121 2883 Pedestrian -1 -1 -10 593.48 168.70 646.09 210.96 -1000 -1000 -1000 -10 -1 -1 -1
122 2874 Pedestrian -1 -1 -10 266.32 186.17 491.93 333.64 -1000 -1000 -1000 -10 -1 -1 -1
122 2890 Pedestrian -1 -1 -10 470.05 178.26 543.45 235.60 -1000 -1000 -1000 -10 -1 -1 -1
122 2889 Pedestrian -1 -1 -10 552.54 167.23 593.14 203.72 -1000 -1000 -1000 -10 -1 -1 -1
122 2883 Pedestrian -1 -1 -10 593.20 168.45 646.82 211.69 -1000 -1000 -1000 -10 -1 -1 -1
123 2874 Pedestrian -1 -1 -10 260.09 187.78 489.43 336.62 -1000 -1000 -1000 -10 -1 -1 -1
123 2890 Pedestrian -1 -1 -10 467.65 177.83 542.03 235.76 -1000 -1000 -1000 -10 -1 -1 -1
123 2889 Pedestrian -1 -1 -10 551.71 166.84 593.03 204.02 -1000 -1000 -1000 -10 -1 -1 -1
123 2883 Pedestrian -1 -1 -10 592.86 168.34 646.40 211.83 -1000 -1000 -1000 -10 -1 -1 -1
124 2874 Pedestrian -1 -1 -10 252.12 186.57 488.72 339.44 -1000 -1000 -1000 -10 -1 -1 -1
124 2890 Pedestrian -1 -1 -10 465.95 177.44 540.94 235.36 -1000 -1000 -1000 -10 -1 -1 -1
124 2889 Pedestrian -1 -1 -10 550.36 166.39 592.69 204.56 -1000 -1000 -1000 -10 -1 -1 -1
124 2883 Pedestrian -1 -1 -10 593.02 168.33 646.30 211.92 -1000 -1000 -1000 -10 -1 -1 -1
125 2874 Pedestrian -1 -1 -10 246.41 187.74 486.51 341.92 -1000 -1000 -1000 -10 -1 -1 -1
125 2890 Pedestrian -1 -1 -10 463.99 176.64 540.65 235.60 -1000 -1000 -1000 -10 -1 -1 -1
125 2889 Pedestrian -1 -1 -10 549.21 165.41 591.96 203.91 -1000 -1000 -1000 -10 -1 -1 -1
125 2883 Pedestrian -1 -1 -10 591.38 168.11 645.68 212.47 -1000 -1000 -1000 -10 -1 -1 -1
126 2874 Pedestrian -1 -1 -10 239.98 189.12 484.15 345.00 -1000 -1000 -1000 -10 -1 -1 -1
126 2890 Pedestrian -1 -1 -10 463.10 176.24 540.33 235.36 -1000 -1000 -1000 -10 -1 -1 -1
126 2889 Pedestrian -1 -1 -10 548.71 165.13 590.77 202.78 -1000 -1000 -1000 -10 -1 -1 -1
126 2883 Pedestrian -1 -1 -10 590.26 168.15 645.00 212.97 -1000 -1000 -1000 -10 -1 -1 -1
127 2874 Pedestrian -1 -1 -10 233.18 188.81 481.24 346.29 -1000 -1000 -1000 -10 -1 -1 -1
127 2890 Pedestrian -1 -1 -10 461.89 176.29 539.39 235.43 -1000 -1000 -1000 -10 -1 -1 -1
127 2889 Pedestrian -1 -1 -10 547.65 166.46 587.95 202.57 -1000 -1000 -1000 -10 -1 -1 -1
127 2883 Pedestrian -1 -1 -10 588.47 168.24 643.31 213.29 -1000 -1000 -1000 -10 -1 -1 -1
128 2874 Pedestrian -1 -1 -10 227.01 189.62 479.42 349.06 -1000 -1000 -1000 -10 -1 -1 -1
128 2890 Pedestrian -1 -1 -10 459.52 176.71 538.49 236.92 -1000 -1000 -1000 -10 -1 -1 -1
128 2889 Pedestrian -1 -1 -10 547.36 168.01 587.77 204.14 -1000 -1000 -1000 -10 -1 -1 -1
128 2883 Pedestrian -1 -1 -10 587.10 169.46 642.21 214.52 -1000 -1000 -1000 -10 -1 -1 -1
129 2874 Pedestrian -1 -1 -10 220.52 189.99 478.33 352.13 -1000 -1000 -1000 -10 -1 -1 -1
129 2890 Pedestrian -1 -1 -10 456.64 177.78 537.08 238.97 -1000 -1000 -1000 -10 -1 -1 -1
129 2889 Pedestrian -1 -1 -10 546.33 168.47 586.64 204.60 -1000 -1000 -1000 -10 -1 -1 -1
129 2883 Pedestrian -1 -1 -10 587.04 170.29 641.42 214.71 -1000 -1000 -1000 -10 -1 -1 -1
130 2874 Pedestrian -1 -1 -10 213.96 190.85 477.46 355.88 -1000 -1000 -1000 -10 -1 -1 -1
130 2890 Pedestrian -1 -1 -10 454.01 179.04 536.24 241.59 -1000 -1000 -1000 -10 -1 -1 -1
130 2889 Pedestrian -1 -1 -10 546.17 170.58 585.60 205.60 -1000 -1000 -1000 -10 -1 -1 -1
130 2883 Pedestrian -1 -1 -10 587.03 171.27 641.97 216.28 -1000 -1000 -1000 -10 -1 -1 -1
131 2874 Pedestrian -1 -1 -10 208.20 191.46 476.08 358.41 -1000 -1000 -1000 -10 -1 -1 -1
131 2890 Pedestrian -1 -1 -10 452.21 179.69 535.02 242.57 -1000 -1000 -1000 -10 -1 -1 -1
131 2889 Pedestrian -1 -1 -10 545.80 170.84 585.36 205.83 -1000 -1000 -1000 -10 -1 -1 -1
131 2883 Pedestrian -1 -1 -10 587.48 171.27 642.65 216.61 -1000 -1000 -1000 -10 -1 -1 -1
132 2874 Pedestrian -1 -1 -10 203.97 194.17 472.28 360.12 -1000 -1000 -1000 -10 -1 -1 -1
132 2890 Pedestrian -1 -1 -10 450.64 180.49 534.18 243.91 -1000 -1000 -1000 -10 -1 -1 -1
132 2889 Pedestrian -1 -1 -10 545.09 170.81 585.89 206.83 -1000 -1000 -1000 -10 -1 -1 -1
132 2883 Pedestrian -1 -1 -10 587.23 171.65 641.74 216.58 -1000 -1000 -1000 -10 -1 -1 -1
133 2874 Pedestrian -1 -1 -10 196.25 193.45 470.87 362.22 -1000 -1000 -1000 -10 -1 -1 -1
133 2890 Pedestrian -1 -1 -10 449.06 181.41 532.75 244.80 -1000 -1000 -1000 -10 -1 -1 -1
133 2889 Pedestrian -1 -1 -10 542.92 170.50 584.48 207.39 -1000 -1000 -1000 -10 -1 -1 -1
133 2883 Pedestrian -1 -1 -10 588.55 171.51 639.66 213.71 -1000 -1000 -1000 -10 -1 -1 -1
134 2874 Pedestrian -1 -1 -10 190.52 193.49 468.99 363.46 -1000 -1000 -1000 -10 -1 -1 -1
134 2890 Pedestrian -1 -1 -10 446.59 181.40 531.06 245.28 -1000 -1000 -1000 -10 -1 -1 -1
134 2889 Pedestrian -1 -1 -10 542.05 170.55 583.60 207.42 -1000 -1000 -1000 -10 -1 -1 -1
134 2883 Pedestrian -1 -1 -10 588.51 171.70 638.49 213.03 -1000 -1000 -1000 -10 -1 -1 -1
135 2874 Pedestrian -1 -1 -10 182.05 193.93 466.26 366.31 -1000 -1000 -1000 -10 -1 -1 -1
135 2890 Pedestrian -1 -1 -10 445.00 181.14 529.65 244.95 -1000 -1000 -1000 -10 -1 -1 -1
135 2889 Pedestrian -1 -1 -10 541.11 169.40 585.07 208.52 -1000 -1000 -1000 -10 -1 -1 -1
136 2874 Pedestrian -1 -1 -10 173.36 193.86 463.64 368.85 -1000 -1000 -1000 -10 -1 -1 -1
136 2890 Pedestrian -1 -1 -10 443.33 181.39 528.80 245.57 -1000 -1000 -1000 -10 -1 -1 -1
136 2889 Pedestrian -1 -1 -10 540.97 169.16 584.23 207.65 -1000 -1000 -1000 -10 -1 -1 -1
136 2883 Pedestrian -1 -1 -10 585.92 173.43 637.86 216.56 -1000 -1000 -1000 -10 -1 -1 -1
137 2874 Pedestrian -1 -1 -10 164.60 192.81 461.47 370.65 -1000 -1000 -1000 -10 -1 -1 -1
137 2890 Pedestrian -1 -1 -10 441.53 181.53 528.07 246.54 -1000 -1000 -1000 -10 -1 -1 -1
137 2889 Pedestrian -1 -1 -10 540.85 170.81 581.11 206.46 -1000 -1000 -1000 -10 -1 -1 -1
137 2883 Pedestrian -1 -1 -10 583.31 174.17 636.71 218.18 -1000 -1000 -1000 -10 -1 -1 -1
138 2874 Pedestrian -1 -1 -10 157.84 194.15 457.31 371.99 -1000 -1000 -1000 -10 -1 -1 -1
138 2890 Pedestrian -1 -1 -10 439.43 181.26 527.29 247.24 -1000 -1000 -1000 -10 -1 -1 -1
138 2889 Pedestrian -1 -1 -10 539.91 170.65 579.22 205.45 -1000 -1000 -1000 -10 -1 -1 -1
138 2883 Pedestrian -1 -1 -10 581.30 174.19 635.78 218.52 -1000 -1000 -1000 -10 -1 -1 -1
139 2874 Pedestrian -1 -1 -10 150.40 194.20 452.83 371.90 -1000 -1000 -1000 -10 -1 -1 -1
139 2890 Pedestrian -1 -1 -10 436.41 180.99 525.97 248.12 -1000 -1000 -1000 -10 -1 -1 -1
139 2889 Pedestrian -1 -1 -10 538.34 170.95 578.68 206.54 -1000 -1000 -1000 -10 -1 -1 -1
139 2883 Pedestrian -1 -1 -10 580.56 174.76 636.19 219.88 -1000 -1000 -1000 -10 -1 -1 -1
140 2874 Pedestrian -1 -1 -10 143.08 196.45 445.90 371.86 -1000 -1000 -1000 -10 -1 -1 -1
140 2890 Pedestrian -1 -1 -10 435.29 182.10 524.11 248.21 -1000 -1000 -1000 -10 -1 -1 -1
140 2889 Pedestrian -1 -1 -10 536.88 171.06 579.15 208.26 -1000 -1000 -1000 -10 -1 -1 -1
140 2883 Pedestrian -1 -1 -10 579.85 173.26 637.81 220.53 -1000 -1000 -1000 -10 -1 -1 -1
141 2874 Pedestrian -1 -1 -10 133.48 196.77 440.39 371.79 -1000 -1000 -1000 -10 -1 -1 -1
141 2890 Pedestrian -1 -1 -10 432.83 182.52 522.69 248.99 -1000 -1000 -1000 -10 -1 -1 -1
141 2889 Pedestrian -1 -1 -10 536.13 171.66 578.21 208.53 -1000 -1000 -1000 -10 -1 -1 -1
141 2883 Pedestrian -1 -1 -10 578.65 173.49 638.02 221.98 -1000 -1000 -1000 -10 -1 -1 -1
142 2874 Pedestrian -1 -1 -10 122.43 196.22 435.41 371.93 -1000 -1000 -1000 -10 -1 -1 -1
142 2890 Pedestrian -1 -1 -10 431.11 182.69 521.78 249.42 -1000 -1000 -1000 -10 -1 -1 -1
142 2889 Pedestrian -1 -1 -10 535.83 171.01 579.30 209.05 -1000 -1000 -1000 -10 -1 -1 -1
142 2883 Pedestrian -1 -1 -10 579.39 174.42 637.74 222.00 -1000 -1000 -1000 -10 -1 -1 -1
143 2874 Pedestrian -1 -1 -10 111.25 196.23 429.90 372.02 -1000 -1000 -1000 -10 -1 -1 -1
143 2890 Pedestrian -1 -1 -10 428.60 182.82 521.10 250.66 -1000 -1000 -1000 -10 -1 -1 -1
143 2889 Pedestrian -1 -1 -10 535.13 171.16 578.66 209.29 -1000 -1000 -1000 -10 -1 -1 -1
143 2883 Pedestrian -1 -1 -10 578.56 173.95 637.74 222.31 -1000 -1000 -1000 -10 -1 -1 -1
144 2874 Pedestrian -1 -1 -10 100.15 196.83 423.80 371.89 -1000 -1000 -1000 -10 -1 -1 -1
144 2890 Pedestrian -1 -1 -10 426.10 182.71 520.42 251.53 -1000 -1000 -1000 -10 -1 -1 -1
144 2889 Pedestrian -1 -1 -10 534.36 171.24 578.62 210.08 -1000 -1000 -1000 -10 -1 -1 -1
144 2883 Pedestrian -1 -1 -10 577.70 172.77 638.01 222.26 -1000 -1000 -1000 -10 -1 -1 -1
145 2874 Pedestrian -1 -1 -10 88.49 197.73 417.93 372.25 -1000 -1000 -1000 -10 -1 -1 -1
145 2890 Pedestrian -1 -1 -10 426.15 182.77 520.23 250.93 -1000 -1000 -1000 -10 -1 -1 -1
145 2889 Pedestrian -1 -1 -10 534.91 170.47 580.07 210.02 -1000 -1000 -1000 -10 -1 -1 -1
145 2883 Pedestrian -1 -1 -10 578.02 172.38 638.43 221.96 -1000 -1000 -1000 -10 -1 -1 -1
146 2874 Pedestrian -1 -1 -10 75.61 198.17 411.38 372.09 -1000 -1000 -1000 -10 -1 -1 -1
146 2890 Pedestrian -1 -1 -10 423.52 183.10 518.77 252.38 -1000 -1000 -1000 -10 -1 -1 -1
146 2889 Pedestrian -1 -1 -10 534.09 170.71 579.40 210.08 -1000 -1000 -1000 -10 -1 -1 -1
146 2883 Pedestrian -1 -1 -10 577.16 172.39 637.91 222.35 -1000 -1000 -1000 -10 -1 -1 -1
147 2874 Pedestrian -1 -1 -10 61.63 197.65 405.20 371.42 -1000 -1000 -1000 -10 -1 -1 -1
147 2890 Pedestrian -1 -1 -10 423.03 183.20 518.40 252.28 -1000 -1000 -1000 -10 -1 -1 -1
147 2889 Pedestrian -1 -1 -10 534.12 170.57 579.78 210.05 -1000 -1000 -1000 -10 -1 -1 -1
147 2883 Pedestrian -1 -1 -10 577.15 173.20 636.85 222.29 -1000 -1000 -1000 -10 -1 -1 -1
148 2874 Pedestrian -1 -1 -10 46.68 197.27 399.40 371.29 -1000 -1000 -1000 -10 -1 -1 -1
148 2890 Pedestrian -1 -1 -10 420.41 184.01 516.14 253.73 -1000 -1000 -1000 -10 -1 -1 -1
148 2889 Pedestrian -1 -1 -10 533.22 170.66 579.22 210.31 -1000 -1000 -1000 -10 -1 -1 -1
148 2883 Pedestrian -1 -1 -10 576.83 174.05 636.90 223.44 -1000 -1000 -1000 -10 -1 -1 -1
149 2874 Pedestrian -1 -1 -10 37.74 197.91 397.46 371.34 -1000 -1000 -1000 -10 -1 -1 -1
149 2890 Pedestrian -1 -1 -10 419.57 184.08 515.88 254.43 -1000 -1000 -1000 -10 -1 -1 -1
149 2889 Pedestrian -1 -1 -10 533.25 170.61 579.19 210.12 -1000 -1000 -1000 -10 -1 -1 -1
149 2883 Pedestrian -1 -1 -10 576.68 174.11 637.28 223.95 -1000 -1000 -1000 -10 -1 -1 -1
150 2874 Pedestrian -1 -1 -10 30.68 198.27 398.41 372.23 -1000 -1000 -1000 -10 -1 -1 -1
150 2890 Pedestrian -1 -1 -10 417.16 183.14 516.32 256.14 -1000 -1000 -1000 -10 -1 -1 -1
150 2889 Pedestrian -1 -1 -10 533.07 170.34 578.83 209.72 -1000 -1000 -1000 -10 -1 -1 -1
150 2883 Pedestrian -1 -1 -10 576.82 174.15 637.23 223.86 -1000 -1000 -1000 -10 -1 -1 -1
151 2874 Pedestrian -1 -1 -10 27.25 199.19 399.52 372.27 -1000 -1000 -1000 -10 -1 -1 -1
151 2890 Pedestrian -1 -1 -10 416.30 182.48 516.41 256.63 -1000 -1000 -1000 -10 -1 -1 -1
151 2889 Pedestrian -1 -1 -10 533.06 170.28 579.00 209.75 -1000 -1000 -1000 -10 -1 -1 -1
151 2883 Pedestrian -1 -1 -10 577.45 173.93 638.01 223.66 -1000 -1000 -1000 -10 -1 -1 -1
152 2874 Pedestrian -1 -1 -10 22.26 198.24 401.78 372.35 -1000 -1000 -1000 -10 -1 -1 -1
152 2890 Pedestrian -1 -1 -10 418.24 180.68 518.17 254.59 -1000 -1000 -1000 -10 -1 -1 -1
152 2889 Pedestrian -1 -1 -10 533.34 170.30 579.72 209.95 -1000 -1000 -1000 -10 -1 -1 -1
152 2883 Pedestrian -1 -1 -10 578.06 173.81 638.33 223.19 -1000 -1000 -1000 -10 -1 -1 -1
153 2874 Pedestrian -1 -1 -10 19.38 198.98 402.15 372.43 -1000 -1000 -1000 -10 -1 -1 -1
153 2890 Pedestrian -1 -1 -10 417.77 179.45 520.08 255.17 -1000 -1000 -1000 -10 -1 -1 -1
153 2889 Pedestrian -1 -1 -10 532.94 170.03 580.07 210.19 -1000 -1000 -1000 -10 -1 -1 -1
153 2883 Pedestrian -1 -1 -10 577.55 173.52 637.92 222.99 -1000 -1000 -1000 -10 -1 -1 -1
154 2874 Pedestrian -1 -1 -10 17.41 199.81 401.66 372.01 -1000 -1000 -1000 -10 -1 -1 -1
154 2890 Pedestrian -1 -1 -10 417.36 179.71 519.45 255.41 -1000 -1000 -1000 -10 -1 -1 -1
154 2889 Pedestrian -1 -1 -10 532.04 170.14 578.59 209.74 -1000 -1000 -1000 -10 -1 -1 -1
154 2883 Pedestrian -1 -1 -10 576.85 173.32 637.82 223.39 -1000 -1000 -1000 -10 -1 -1 -1
155 2874 Pedestrian -1 -1 -10 15.83 200.50 401.32 371.50 -1000 -1000 -1000 -10 -1 -1 -1
155 2890 Pedestrian -1 -1 -10 416.72 179.94 520.04 256.69 -1000 -1000 -1000 -10 -1 -1 -1
155 2889 Pedestrian -1 -1 -10 530.81 169.71 579.14 210.63 -1000 -1000 -1000 -10 -1 -1 -1
155 2883 Pedestrian -1 -1 -10 576.77 173.22 638.62 224.26 -1000 -1000 -1000 -10 -1 -1 -1
156 2874 Pedestrian -1 -1 -10 15.96 200.80 401.67 370.14 -1000 -1000 -1000 -10 -1 -1 -1
156 2890 Pedestrian -1 -1 -10 414.56 179.96 519.06 257.49 -1000 -1000 -1000 -10 -1 -1 -1
156 2889 Pedestrian -1 -1 -10 529.25 169.44 578.63 211.15 -1000 -1000 -1000 -10 -1 -1 -1
156 2883 Pedestrian -1 -1 -10 577.79 174.99 637.57 224.33 -1000 -1000 -1000 -10 -1 -1 -1
157 2874 Pedestrian -1 -1 -10 13.93 200.44 402.68 369.68 -1000 -1000 -1000 -10 -1 -1 -1
157 2890 Pedestrian -1 -1 -10 413.78 181.51 516.30 257.10 -1000 -1000 -1000 -10 -1 -1 -1
157 2889 Pedestrian -1 -1 -10 527.28 170.90 575.49 211.31 -1000 -1000 -1000 -10 -1 -1 -1
157 2883 Pedestrian -1 -1 -10 577.47 173.94 638.99 225.20 -1000 -1000 -1000 -10 -1 -1 -1
158 2890 Pedestrian -1 -1 -10 414.87 181.82 516.80 256.74 -1000 -1000 -1000 -10 -1 -1 -1
158 2883 Pedestrian -1 -1 -10 576.50 173.88 638.58 225.50 -1000 -1000 -1000 -10 -1 -1 -1
159 2890 Pedestrian -1 -1 -10 415.48 182.81 516.28 256.45 -1000 -1000 -1000 -10 -1 -1 -1
159 2883 Pedestrian -1 -1 -10 575.94 173.64 638.15 225.41 -1000 -1000 -1000 -10 -1 -1 -1
159 2874 Pedestrian -1 -1 -10 12.83 201.36 402.95 369.69 -1000 -1000 -1000 -10 -1 -1 -1
160 2890 Pedestrian -1 -1 -10 413.29 184.05 515.00 258.32 -1000 -1000 -1000 -10 -1 -1 -1
160 2883 Pedestrian -1 -1 -10 576.87 174.02 639.17 225.63 -1000 -1000 -1000 -10 -1 -1 -1
160 2892 Pedestrian -1 -1 -10 354.90 183.38 429.72 231.85 -1000 -1000 -1000 -10 -1 -1 -1
160 2874 Pedestrian -1 -1 -10 11.27 201.50 403.35 369.48 -1000 -1000 -1000 -10 -1 -1 -1
161 2890 Pedestrian -1 -1 -10 414.19 185.36 515.13 259.25 -1000 -1000 -1000 -10 -1 -1 -1
161 2883 Pedestrian -1 -1 -10 578.82 175.20 640.52 226.06 -1000 -1000 -1000 -10 -1 -1 -1
161 2874 Pedestrian -1 -1 -10 10.26 201.61 404.92 369.58 -1000 -1000 -1000 -10 -1 -1 -1
161 2889 Pedestrian -1 -1 -10 531.54 174.00 581.01 215.83 -1000 -1000 -1000 -10 -1 -1 -1
162 2890 Pedestrian -1 -1 -10 415.90 186.49 515.34 259.22 -1000 -1000 -1000 -10 -1 -1 -1
162 2883 Pedestrian -1 -1 -10 579.83 175.09 642.20 226.40 -1000 -1000 -1000 -10 -1 -1 -1
162 2874 Pedestrian -1 -1 -10 53.65 201.25 440.40 370.22 -1000 -1000 -1000 -10 -1 -1 -1
162 2889 Pedestrian -1 -1 -10 533.12 174.99 582.75 217.10 -1000 -1000 -1000 -10 -1 -1 -1
163 2890 Pedestrian -1 -1 -10 415.89 186.87 516.70 260.72 -1000 -1000 -1000 -10 -1 -1 -1
163 2889 Pedestrian -1 -1 -10 532.36 177.01 580.61 218.31 -1000 -1000 -1000 -10 -1 -1 -1
163 2894 Pedestrian -1 -1 -10 494.75 173.74 533.75 212.84 -1000 -1000 -1000 -10 -1 -1 -1
164 2890 Pedestrian -1 -1 -10 415.46 187.01 517.41 261.91 -1000 -1000 -1000 -10 -1 -1 -1
164 2889 Pedestrian -1 -1 -10 531.96 176.69 580.01 218.24 -1000 -1000 -1000 -10 -1 -1 -1
164 2894 Pedestrian -1 -1 -10 490.69 173.77 530.13 213.21 -1000 -1000 -1000 -10 -1 -1 -1
164 2874 Pedestrian -1 -1 -10 61.58 197.76 447.81 370.25 -1000 -1000 -1000 -10 -1 -1 -1
165 2890 Pedestrian -1 -1 -10 415.66 187.88 516.49 262.10 -1000 -1000 -1000 -10 -1 -1 -1
165 2889 Pedestrian -1 -1 -10 531.90 174.97 581.63 218.27 -1000 -1000 -1000 -10 -1 -1 -1
165 2874 Pedestrian -1 -1 -10 28.78 196.72 419.03 369.80 -1000 -1000 -1000 -10 -1 -1 -1
166 2890 Pedestrian -1 -1 -10 414.01 188.11 514.95 263.02 -1000 -1000 -1000 -10 -1 -1 -1
166 2889 Pedestrian -1 -1 -10 531.61 174.57 582.69 219.41 -1000 -1000 -1000 -10 -1 -1 -1
166 2874 Pedestrian -1 -1 -10 18.66 199.23 404.21 368.70 -1000 -1000 -1000 -10 -1 -1 -1
167 2890 Pedestrian -1 -1 -10 413.64 188.26 514.31 263.37 -1000 -1000 -1000 -10 -1 -1 -1
167 2889 Pedestrian -1 -1 -10 531.67 175.05 581.98 219.31 -1000 -1000 -1000 -10 -1 -1 -1
167 2874 Pedestrian -1 -1 -10 17.62 204.13 396.66 368.86 -1000 -1000 -1000 -10 -1 -1 -1
168 2890 Pedestrian -1 -1 -10 413.93 188.77 513.63 263.42 -1000 -1000 -1000 -10 -1 -1 -1
168 2889 Pedestrian -1 -1 -10 531.50 174.64 582.37 219.49 -1000 -1000 -1000 -10 -1 -1 -1
168 2874 Pedestrian -1 -1 -10 17.23 207.28 392.47 368.50 -1000 -1000 -1000 -10 -1 -1 -1
168 2883 Pedestrian -1 -1 -10 586.73 178.82 645.43 227.10 -1000 -1000 -1000 -10 -1 -1 -1
169 2890 Pedestrian -1 -1 -10 412.28 186.28 515.24 263.98 -1000 -1000 -1000 -10 -1 -1 -1
169 2889 Pedestrian -1 -1 -10 531.10 175.05 581.68 219.81 -1000 -1000 -1000 -10 -1 -1 -1
169 2874 Pedestrian -1 -1 -10 15.60 209.01 390.97 368.75 -1000 -1000 -1000 -10 -1 -1 -1
169 2883 Pedestrian -1 -1 -10 586.12 178.44 646.94 228.62 -1000 -1000 -1000 -10 -1 -1 -1
170 2890 Pedestrian -1 -1 -10 411.31 185.99 514.92 264.25 -1000 -1000 -1000 -10 -1 -1 -1
170 2889 Pedestrian -1 -1 -10 530.69 175.48 581.11 220.17 -1000 -1000 -1000 -10 -1 -1 -1
170 2874 Pedestrian -1 -1 -10 14.20 210.34 390.71 369.17 -1000 -1000 -1000 -10 -1 -1 -1
170 2883 Pedestrian -1 -1 -10 586.02 178.93 647.49 229.77 -1000 -1000 -1000 -10 -1 -1 -1
171 2890 Pedestrian -1 -1 -10 411.20 186.13 514.57 264.07 -1000 -1000 -1000 -10 -1 -1 -1
171 2889 Pedestrian -1 -1 -10 530.25 174.61 581.74 220.29 -1000 -1000 -1000 -10 -1 -1 -1
171 2874 Pedestrian -1 -1 -10 11.79 210.02 392.34 369.49 -1000 -1000 -1000 -10 -1 -1 -1
171 2883 Pedestrian -1 -1 -10 586.43 178.95 647.51 229.78 -1000 -1000 -1000 -10 -1 -1 -1
171 2894 Pedestrian -1 -1 -10 483.21 180.12 521.49 218.01 -1000 -1000 -1000 -10 -1 -1 -1
172 2890 Pedestrian -1 -1 -10 412.88 186.13 516.94 264.43 -1000 -1000 -1000 -10 -1 -1 -1
172 2889 Pedestrian -1 -1 -10 530.02 174.44 581.15 219.66 -1000 -1000 -1000 -10 -1 -1 -1
172 2874 Pedestrian -1 -1 -10 11.32 211.19 391.91 369.59 -1000 -1000 -1000 -10 -1 -1 -1
172 2883 Pedestrian -1 -1 -10 587.91 177.11 648.36 227.65 -1000 -1000 -1000 -10 -1 -1 -1
172 2892 Pedestrian -1 -1 -10 372.26 171.14 463.41 229.67 -1000 -1000 -1000 -10 -1 -1 -1
173 2890 Pedestrian -1 -1 -10 412.80 185.17 518.73 264.59 -1000 -1000 -1000 -10 -1 -1 -1
173 2889 Pedestrian -1 -1 -10 528.92 172.74 581.68 219.54 -1000 -1000 -1000 -10 -1 -1 -1
173 2874 Pedestrian -1 -1 -10 8.81 210.89 392.97 370.04 -1000 -1000 -1000 -10 -1 -1 -1
173 2883 Pedestrian -1 -1 -10 587.15 176.99 648.49 228.40 -1000 -1000 -1000 -10 -1 -1 -1
173 2892 Pedestrian -1 -1 -10 360.34 170.68 454.33 231.56 -1000 -1000 -1000 -10 -1 -1 -1
174 2890 Pedestrian -1 -1 -10 409.22 183.56 518.78 265.40 -1000 -1000 -1000 -10 -1 -1 -1
174 2889 Pedestrian -1 -1 -10 528.61 172.59 581.02 219.04 -1000 -1000 -1000 -10 -1 -1 -1
174 2874 Pedestrian -1 -1 -10 8.15 211.39 391.70 369.50 -1000 -1000 -1000 -10 -1 -1 -1
174 2883 Pedestrian -1 -1 -10 587.51 176.02 648.34 226.90 -1000 -1000 -1000 -10 -1 -1 -1
174 2892 Pedestrian -1 -1 -10 336.89 169.37 442.07 237.44 -1000 -1000 -1000 -10 -1 -1 -1
175 2890 Pedestrian -1 -1 -10 408.28 182.49 521.84 267.17 -1000 -1000 -1000 -10 -1 -1 -1
175 2889 Pedestrian -1 -1 -10 529.30 174.11 580.66 219.14 -1000 -1000 -1000 -10 -1 -1 -1
175 2874 Pedestrian -1 -1 -10 7.77 212.78 391.44 370.25 -1000 -1000 -1000 -10 -1 -1 -1
175 2883 Pedestrian -1 -1 -10 587.38 175.70 648.75 226.71 -1000 -1000 -1000 -10 -1 -1 -1
175 2892 Pedestrian -1 -1 -10 306.06 170.20 423.47 245.01 -1000 -1000 -1000 -10 -1 -1 -1
176 2890 Pedestrian -1 -1 -10 406.89 181.74 522.76 268.18 -1000 -1000 -1000 -10 -1 -1 -1
176 2889 Pedestrian -1 -1 -10 529.06 173.50 580.72 218.25 -1000 -1000 -1000 -10 -1 -1 -1
176 2874 Pedestrian -1 -1 -10 6.07 211.91 392.51 370.08 -1000 -1000 -1000 -10 -1 -1 -1
176 2883 Pedestrian -1 -1 -10 587.41 175.99 649.54 227.35 -1000 -1000 -1000 -10 -1 -1 -1
176 2892 Pedestrian -1 -1 -10 270.67 168.77 404.79 253.81 -1000 -1000 -1000 -10 -1 -1 -1
177 2890 Pedestrian -1 -1 -10 404.90 181.33 520.70 267.67 -1000 -1000 -1000 -10 -1 -1 -1
177 2889 Pedestrian -1 -1 -10 527.13 172.57 580.90 218.76 -1000 -1000 -1000 -10 -1 -1 -1
177 2874 Pedestrian -1 -1 -10 6.08 211.77 392.53 369.38 -1000 -1000 -1000 -10 -1 -1 -1
177 2883 Pedestrian -1 -1 -10 587.84 175.12 651.67 228.07 -1000 -1000 -1000 -10 -1 -1 -1
177 2892 Pedestrian -1 -1 -10 222.34 168.09 371.98 261.10 -1000 -1000 -1000 -10 -1 -1 -1
178 2890 Pedestrian -1 -1 -10 405.39 182.19 520.61 267.75 -1000 -1000 -1000 -10 -1 -1 -1
178 2889 Pedestrian -1 -1 -10 527.98 173.71 580.98 219.24 -1000 -1000 -1000 -10 -1 -1 -1
178 2874 Pedestrian -1 -1 -10 6.36 214.30 389.47 369.99 -1000 -1000 -1000 -10 -1 -1 -1
178 2883 Pedestrian -1 -1 -10 588.53 176.43 651.47 228.48 -1000 -1000 -1000 -10 -1 -1 -1
179 2890 Pedestrian -1 -1 -10 404.90 183.59 519.36 268.07 -1000 -1000 -1000 -10 -1 -1 -1
179 2889 Pedestrian -1 -1 -10 526.89 175.00 579.35 220.63 -1000 -1000 -1000 -10 -1 -1 -1
179 2874 Pedestrian -1 -1 -10 3.34 212.38 390.71 369.61 -1000 -1000 -1000 -10 -1 -1 -1
179 2883 Pedestrian -1 -1 -10 588.73 177.53 650.35 228.23 -1000 -1000 -1000 -10 -1 -1 -1
179 2896 Pedestrian -1 -1 -10 354.35 180.43 435.08 232.74 -1000 -1000 -1000 -10 -1 -1 -1
180 2890 Pedestrian -1 -1 -10 401.47 183.72 518.16 269.11 -1000 -1000 -1000 -10 -1 -1 -1
180 2889 Pedestrian -1 -1 -10 525.53 175.37 577.41 220.61 -1000 -1000 -1000 -10 -1 -1 -1
180 2874 Pedestrian -1 -1 -10 -0.43 211.11 392.09 370.62 -1000 -1000 -1000 -10 -1 -1 -1
180 2883 Pedestrian -1 -1 -10 589.09 177.61 651.58 228.99 -1000 -1000 -1000 -10 -1 -1 -1
180 2896 Pedestrian -1 -1 -10 332.47 183.75 419.57 239.98 -1000 -1000 -1000 -10 -1 -1 -1
181 2890 Pedestrian -1 -1 -10 399.55 184.84 516.68 269.91 -1000 -1000 -1000 -10 -1 -1 -1
181 2889 Pedestrian -1 -1 -10 525.02 176.61 576.32 221.27 -1000 -1000 -1000 -10 -1 -1 -1
181 2874 Pedestrian -1 -1 -10 -1.93 210.79 391.05 370.68 -1000 -1000 -1000 -10 -1 -1 -1
181 2883 Pedestrian -1 -1 -10 588.69 178.05 650.49 228.66 -1000 -1000 -1000 -10 -1 -1 -1
181 2896 Pedestrian -1 -1 -10 300.87 185.47 401.68 249.99 -1000 -1000 -1000 -10 -1 -1 -1
181 2898 Pedestrian -1 -1 -10 493.46 172.48 529.59 201.65 -1000 -1000 -1000 -10 -1 -1 -1
182 2890 Pedestrian -1 -1 -10 397.98 185.58 517.09 271.82 -1000 -1000 -1000 -10 -1 -1 -1
182 2889 Pedestrian -1 -1 -10 524.86 178.50 574.77 221.61 -1000 -1000 -1000 -10 -1 -1 -1
182 2874 Pedestrian -1 -1 -10 -0.26 213.65 386.59 370.94 -1000 -1000 -1000 -10 -1 -1 -1
182 2883 Pedestrian -1 -1 -10 588.31 179.38 651.52 231.25 -1000 -1000 -1000 -10 -1 -1 -1
182 2896 Pedestrian -1 -1 -10 270.03 188.31 379.40 257.77 -1000 -1000 -1000 -10 -1 -1 -1
183 2890 Pedestrian -1 -1 -10 393.75 185.79 516.30 274.64 -1000 -1000 -1000 -10 -1 -1 -1
183 2889 Pedestrian -1 -1 -10 520.51 176.78 574.97 223.81 -1000 -1000 -1000 -10 -1 -1 -1
183 2874 Pedestrian -1 -1 -10 1.52 216.16 381.97 370.58 -1000 -1000 -1000 -10 -1 -1 -1
183 2883 Pedestrian -1 -1 -10 588.40 181.07 651.18 232.54 -1000 -1000 -1000 -10 -1 -1 -1
184 2890 Pedestrian -1 -1 -10 391.66 188.24 513.38 276.28 -1000 -1000 -1000 -10 -1 -1 -1
184 2889 Pedestrian -1 -1 -10 520.46 177.96 576.05 226.61 -1000 -1000 -1000 -10 -1 -1 -1
184 2874 Pedestrian -1 -1 -10 1.55 217.39 378.30 370.15 -1000 -1000 -1000 -10 -1 -1 -1
184 2883 Pedestrian -1 -1 -10 588.63 182.15 650.85 233.11 -1000 -1000 -1000 -10 -1 -1 -1
184 2892 Pedestrian -1 -1 -10 163.13 190.23 277.63 253.11 -1000 -1000 -1000 -10 -1 -1 -1
185 2890 Pedestrian -1 -1 -10 390.18 189.29 511.15 276.50 -1000 -1000 -1000 -10 -1 -1 -1
185 2889 Pedestrian -1 -1 -10 519.82 177.51 575.69 226.87 -1000 -1000 -1000 -10 -1 -1 -1
185 2874 Pedestrian -1 -1 -10 2.70 220.12 374.71 370.71 -1000 -1000 -1000 -10 -1 -1 -1
185 2883 Pedestrian -1 -1 -10 587.79 182.19 649.98 233.09 -1000 -1000 -1000 -10 -1 -1 -1
186 2890 Pedestrian -1 -1 -10 388.00 188.80 510.67 277.20 -1000 -1000 -1000 -10 -1 -1 -1
186 2889 Pedestrian -1 -1 -10 520.43 176.30 577.58 227.09 -1000 -1000 -1000 -10 -1 -1 -1
186 2874 Pedestrian -1 -1 -10 -4.62 214.47 378.78 370.42 -1000 -1000 -1000 -10 -1 -1 -1
187 2890 Pedestrian -1 -1 -10 385.25 188.08 508.75 277.22 -1000 -1000 -1000 -10 -1 -1 -1
187 2889 Pedestrian -1 -1 -10 520.33 176.51 575.40 225.69 -1000 -1000 -1000 -10 -1 -1 -1
187 2874 Pedestrian -1 -1 -10 -3.30 216.56 373.83 370.15 -1000 -1000 -1000 -10 -1 -1 -1
188 2890 Pedestrian -1 -1 -10 383.32 185.44 509.20 276.03 -1000 -1000 -1000 -10 -1 -1 -1
188 2889 Pedestrian -1 -1 -10 519.76 175.07 574.10 223.91 -1000 -1000 -1000 -10 -1 -1 -1
188 2874 Pedestrian -1 -1 -10 -4.94 216.06 371.55 369.88 -1000 -1000 -1000 -10 -1 -1 -1
189 2890 Pedestrian -1 -1 -10 381.04 184.24 506.64 274.34 -1000 -1000 -1000 -10 -1 -1 -1
189 2889 Pedestrian -1 -1 -10 519.08 173.49 573.66 222.74 -1000 -1000 -1000 -10 -1 -1 -1
189 2874 Pedestrian -1 -1 -10 -6.00 216.22 368.17 369.64 -1000 -1000 -1000 -10 -1 -1 -1
189 2883 Pedestrian -1 -1 -10 586.08 175.42 648.28 226.72 -1000 -1000 -1000 -10 -1 -1 -1
190 2890 Pedestrian -1 -1 -10 379.49 186.34 505.65 276.56 -1000 -1000 -1000 -10 -1 -1 -1
190 2889 Pedestrian -1 -1 -10 519.20 172.62 572.62 220.71 -1000 -1000 -1000 -10 -1 -1 -1
190 2874 Pedestrian -1 -1 -10 -6.19 217.75 363.45 369.86 -1000 -1000 -1000 -10 -1 -1 -1
190 2883 Pedestrian -1 -1 -10 586.03 173.88 646.91 224.43 -1000 -1000 -1000 -10 -1 -1 -1
191 2890 Pedestrian -1 -1 -10 377.23 186.56 504.83 277.65 -1000 -1000 -1000 -10 -1 -1 -1
191 2889 Pedestrian -1 -1 -10 519.58 171.89 572.90 220.06 -1000 -1000 -1000 -10 -1 -1 -1
191 2874 Pedestrian -1 -1 -10 -7.64 217.25 361.13 369.71 -1000 -1000 -1000 -10 -1 -1 -1
191 2883 Pedestrian -1 -1 -10 586.79 173.24 646.19 222.82 -1000 -1000 -1000 -10 -1 -1 -1
191 2899 Pedestrian -1 -1 -10 336.52 165.98 435.90 236.33 -1000 -1000 -1000 -10 -1 -1 -1
192 2890 Pedestrian -1 -1 -10 375.09 187.33 502.92 277.94 -1000 -1000 -1000 -10 -1 -1 -1
192 2889 Pedestrian -1 -1 -10 519.40 172.14 572.05 219.78 -1000 -1000 -1000 -10 -1 -1 -1
192 2874 Pedestrian -1 -1 -10 -6.12 218.58 357.16 369.24 -1000 -1000 -1000 -10 -1 -1 -1
192 2883 Pedestrian -1 -1 -10 586.28 173.29 645.32 222.79 -1000 -1000 -1000 -10 -1 -1 -1
192 2899 Pedestrian -1 -1 -10 308.49 166.19 416.47 242.45 -1000 -1000 -1000 -10 -1 -1 -1
193 2890 Pedestrian -1 -1 -10 373.76 187.25 503.05 278.61 -1000 -1000 -1000 -10 -1 -1 -1
193 2889 Pedestrian -1 -1 -10 519.14 171.59 571.32 218.82 -1000 -1000 -1000 -10 -1 -1 -1
193 2874 Pedestrian -1 -1 -10 -5.63 219.99 353.55 369.42 -1000 -1000 -1000 -10 -1 -1 -1
193 2883 Pedestrian -1 -1 -10 586.41 172.77 645.60 222.67 -1000 -1000 -1000 -10 -1 -1 -1
193 2899 Pedestrian -1 -1 -10 266.60 165.28 391.51 253.13 -1000 -1000 -1000 -10 -1 -1 -1
193 2898 Pedestrian -1 -1 -10 485.84 174.64 523.99 205.74 -1000 -1000 -1000 -10 -1 -1 -1
194 2890 Pedestrian -1 -1 -10 373.18 187.06 503.88 279.16 -1000 -1000 -1000 -10 -1 -1 -1
194 2889 Pedestrian -1 -1 -10 519.52 171.22 570.83 217.81 -1000 -1000 -1000 -10 -1 -1 -1
194 2874 Pedestrian -1 -1 -10 -4.77 221.21 351.11 369.63 -1000 -1000 -1000 -10 -1 -1 -1
194 2883 Pedestrian -1 -1 -10 586.09 171.59 645.98 222.43 -1000 -1000 -1000 -10 -1 -1 -1
194 2899 Pedestrian -1 -1 -10 214.93 164.10 359.18 264.62 -1000 -1000 -1000 -10 -1 -1 -1
194 2898 Pedestrian -1 -1 -10 480.04 174.17 520.49 207.30 -1000 -1000 -1000 -10 -1 -1 -1
195 2890 Pedestrian -1 -1 -10 372.15 187.36 503.31 279.43 -1000 -1000 -1000 -10 -1 -1 -1
195 2889 Pedestrian -1 -1 -10 519.52 171.66 570.22 217.72 -1000 -1000 -1000 -10 -1 -1 -1
195 2874 Pedestrian -1 -1 -10 2.52 229.58 341.45 370.33 -1000 -1000 -1000 -10 -1 -1 -1
195 2883 Pedestrian -1 -1 -10 586.25 171.41 645.66 222.04 -1000 -1000 -1000 -10 -1 -1 -1
195 2899 Pedestrian -1 -1 -10 152.75 162.15 314.72 272.94 -1000 -1000 -1000 -10 -1 -1 -1
195 2898 Pedestrian -1 -1 -10 473.07 175.96 515.79 211.27 -1000 -1000 -1000 -10 -1 -1 -1
196 2890 Pedestrian -1 -1 -10 370.82 187.18 502.74 279.39 -1000 -1000 -1000 -10 -1 -1 -1
196 2889 Pedestrian -1 -1 -10 520.55 173.10 569.52 217.46 -1000 -1000 -1000 -10 -1 -1 -1
196 2874 Pedestrian -1 -1 -10 2.95 231.15 340.83 371.23 -1000 -1000 -1000 -10 -1 -1 -1
196 2883 Pedestrian -1 -1 -10 587.12 171.73 644.94 220.95 -1000 -1000 -1000 -10 -1 -1 -1
196 2899 Pedestrian -1 -1 -10 76.26 160.60 256.86 280.47 -1000 -1000 -1000 -10 -1 -1 -1
196 2898 Pedestrian -1 -1 -10 461.66 174.96 512.61 217.87 -1000 -1000 -1000 -10 -1 -1 -1
197 2890 Pedestrian -1 -1 -10 369.46 186.49 500.72 277.67 -1000 -1000 -1000 -10 -1 -1 -1
197 2889 Pedestrian -1 -1 -10 519.94 170.97 570.21 216.71 -1000 -1000 -1000 -10 -1 -1 -1
197 2874 Pedestrian -1 -1 -10 1.75 230.67 341.80 371.56 -1000 -1000 -1000 -10 -1 -1 -1
197 2883 Pedestrian -1 -1 -10 587.78 171.26 645.30 220.28 -1000 -1000 -1000 -10 -1 -1 -1
197 2899 Pedestrian -1 -1 -10 33.17 159.56 201.38 268.11 -1000 -1000 -1000 -10 -1 -1 -1
197 2898 Pedestrian -1 -1 -10 455.80 174.41 505.64 216.53 -1000 -1000 -1000 -10 -1 -1 -1
198 2890 Pedestrian -1 -1 -10 367.75 185.83 501.27 278.32 -1000 -1000 -1000 -10 -1 -1 -1
198 2889 Pedestrian -1 -1 -10 520.28 170.62 570.60 216.37 -1000 -1000 -1000 -10 -1 -1 -1
198 2874 Pedestrian -1 -1 -10 -49.26 181.20 393.65 370.68 -1000 -1000 -1000 -10 -1 -1 -1
198 2883 Pedestrian -1 -1 -10 588.26 171.14 644.98 219.44 -1000 -1000 -1000 -10 -1 -1 -1
199 2890 Pedestrian -1 -1 -10 365.87 183.57 502.23 278.14 -1000 -1000 -1000 -10 -1 -1 -1
199 2889 Pedestrian -1 -1 -10 520.35 170.40 570.67 216.22 -1000 -1000 -1000 -10 -1 -1 -1
199 2874 Pedestrian -1 -1 -10 -23.74 201.79 369.93 370.39 -1000 -1000 -1000 -10 -1 -1 -1
199 2883 Pedestrian -1 -1 -10 588.74 171.50 644.31 218.82 -1000 -1000 -1000 -10 -1 -1 -1
200 2890 Pedestrian -1 -1 -10 363.80 182.95 502.56 279.56 -1000 -1000 -1000 -10 -1 -1 -1
200 2889 Pedestrian -1 -1 -10 520.66 170.17 571.16 216.23 -1000 -1000 -1000 -10 -1 -1 -1
200 2874 Pedestrian -1 -1 -10 -9.72 212.42 358.83 370.34 -1000 -1000 -1000 -10 -1 -1 -1
201 2890 Pedestrian -1 -1 -10 362.70 181.88 503.12 280.08 -1000 -1000 -1000 -10 -1 -1 -1
201 2889 Pedestrian -1 -1 -10 521.26 170.38 571.46 216.14 -1000 -1000 -1000 -10 -1 -1 -1
201 2874 Pedestrian -1 -1 -10 -5.37 214.46 358.51 370.57 -1000 -1000 -1000 -10 -1 -1 -1
202 2890 Pedestrian -1 -1 -10 365.67 185.80 500.62 279.93 -1000 -1000 -1000 -10 -1 -1 -1
202 2889 Pedestrian -1 -1 -10 521.41 170.35 572.13 216.71 -1000 -1000 -1000 -10 -1 -1 -1
202 2874 Pedestrian -1 -1 -10 -1.21 216.30 358.82 370.58 -1000 -1000 -1000 -10 -1 -1 -1
202 2883 Pedestrian -1 -1 -10 588.28 171.80 641.89 217.63 -1000 -1000 -1000 -10 -1 -1 -1
203 2890 Pedestrian -1 -1 -10 365.94 186.84 499.00 279.33 -1000 -1000 -1000 -10 -1 -1 -1
203 2889 Pedestrian -1 -1 -10 522.00 171.30 572.58 217.55 -1000 -1000 -1000 -10 -1 -1 -1
203 2874 Pedestrian -1 -1 -10 -0.35 217.10 360.69 371.76 -1000 -1000 -1000 -10 -1 -1 -1
203 2900 Pedestrian -1 -1 -10 310.37 183.16 400.46 244.13 -1000 -1000 -1000 -10 -1 -1 -1
204 2890 Pedestrian -1 -1 -10 367.31 187.94 497.05 277.37 -1000 -1000 -1000 -10 -1 -1 -1
204 2889 Pedestrian -1 -1 -10 523.36 172.49 572.62 217.20 -1000 -1000 -1000 -10 -1 -1 -1
204 2874 Pedestrian -1 -1 -10 2.07 216.97 361.06 370.41 -1000 -1000 -1000 -10 -1 -1 -1
204 2900 Pedestrian -1 -1 -10 280.47 184.02 385.52 254.86 -1000 -1000 -1000 -10 -1 -1 -1
205 2890 Pedestrian -1 -1 -10 367.95 188.47 499.94 279.52 -1000 -1000 -1000 -10 -1 -1 -1
205 2889 Pedestrian -1 -1 -10 524.01 173.07 573.05 217.28 -1000 -1000 -1000 -10 -1 -1 -1
205 2874 Pedestrian -1 -1 -10 1.74 217.65 365.02 372.79 -1000 -1000 -1000 -10 -1 -1 -1
205 2900 Pedestrian -1 -1 -10 236.25 185.45 364.77 271.41 -1000 -1000 -1000 -10 -1 -1 -1
205 2883 Pedestrian -1 -1 -10 587.55 172.31 639.59 216.92 -1000 -1000 -1000 -10 -1 -1 -1
206 2890 Pedestrian -1 -1 -10 368.16 188.39 501.72 280.62 -1000 -1000 -1000 -10 -1 -1 -1
206 2889 Pedestrian -1 -1 -10 525.05 172.73 573.68 216.61 -1000 -1000 -1000 -10 -1 -1 -1
206 2874 Pedestrian -1 -1 -10 3.47 217.51 365.83 371.81 -1000 -1000 -1000 -10 -1 -1 -1
206 2900 Pedestrian -1 -1 -10 200.97 189.41 329.36 274.09 -1000 -1000 -1000 -10 -1 -1 -1
206 2883 Pedestrian -1 -1 -10 586.46 172.24 639.65 218.04 -1000 -1000 -1000 -10 -1 -1 -1
207 2890 Pedestrian -1 -1 -10 368.73 187.53 501.00 278.83 -1000 -1000 -1000 -10 -1 -1 -1
207 2889 Pedestrian -1 -1 -10 526.02 172.21 573.02 214.64 -1000 -1000 -1000 -10 -1 -1 -1
207 2874 Pedestrian -1 -1 -10 -2.54 211.44 373.32 372.01 -1000 -1000 -1000 -10 -1 -1 -1
207 2883 Pedestrian -1 -1 -10 586.19 171.42 639.76 218.08 -1000 -1000 -1000 -10 -1 -1 -1
208 2890 Pedestrian -1 -1 -10 371.23 187.96 500.18 276.89 -1000 -1000 -1000 -10 -1 -1 -1
208 2889 Pedestrian -1 -1 -10 529.03 172.17 573.32 212.24 -1000 -1000 -1000 -10 -1 -1 -1
208 2874 Pedestrian -1 -1 -10 -10.89 200.47 383.74 370.46 -1000 -1000 -1000 -10 -1 -1 -1
208 2883 Pedestrian -1 -1 -10 586.68 171.79 638.73 217.42 -1000 -1000 -1000 -10 -1 -1 -1
209 2890 Pedestrian -1 -1 -10 374.20 187.52 502.14 275.47 -1000 -1000 -1000 -10 -1 -1 -1
209 2889 Pedestrian -1 -1 -10 530.66 171.69 573.68 210.75 -1000 -1000 -1000 -10 -1 -1 -1
209 2874 Pedestrian -1 -1 -10 -2.36 206.66 377.07 369.76 -1000 -1000 -1000 -10 -1 -1 -1
209 2883 Pedestrian -1 -1 -10 587.77 171.69 637.27 215.08 -1000 -1000 -1000 -10 -1 -1 -1
209 2902 Pedestrian -1 -1 -10 566.29 169.53 596.92 203.81 -1000 -1000 -1000 -10 -1 -1 -1
210 2890 Pedestrian -1 -1 -10 376.37 187.49 501.83 273.43 -1000 -1000 -1000 -10 -1 -1 -1
210 2889 Pedestrian -1 -1 -10 531.86 171.21 574.62 210.12 -1000 -1000 -1000 -10 -1 -1 -1
210 2874 Pedestrian -1 -1 -10 3.76 211.62 373.04 369.65 -1000 -1000 -1000 -10 -1 -1 -1
210 2883 Pedestrian -1 -1 -10 588.33 171.42 636.76 213.76 -1000 -1000 -1000 -10 -1 -1 -1
210 2902 Pedestrian -1 -1 -10 564.87 169.52 597.07 205.63 -1000 -1000 -1000 -10 -1 -1 -1
211 2890 Pedestrian -1 -1 -10 377.44 186.94 502.15 272.43 -1000 -1000 -1000 -10 -1 -1 -1
211 2889 Pedestrian -1 -1 -10 532.78 171.10 575.03 209.58 -1000 -1000 -1000 -10 -1 -1 -1
211 2874 Pedestrian -1 -1 -10 5.38 213.16 372.26 369.58 -1000 -1000 -1000 -10 -1 -1 -1
211 2883 Pedestrian -1 -1 -10 588.05 171.08 636.99 213.97 -1000 -1000 -1000 -10 -1 -1 -1
212 2890 Pedestrian -1 -1 -10 376.23 187.40 499.35 272.49 -1000 -1000 -1000 -10 -1 -1 -1
212 2889 Pedestrian -1 -1 -10 533.32 172.35 574.55 209.81 -1000 -1000 -1000 -10 -1 -1 -1
212 2874 Pedestrian -1 -1 -10 6.16 214.14 372.23 369.61 -1000 -1000 -1000 -10 -1 -1 -1
212 2883 Pedestrian -1 -1 -10 587.96 171.08 637.27 214.37 -1000 -1000 -1000 -10 -1 -1 -1
213 2890 Pedestrian -1 -1 -10 380.54 188.07 501.71 271.79 -1000 -1000 -1000 -10 -1 -1 -1
213 2874 Pedestrian -1 -1 -10 6.82 214.50 372.62 369.22 -1000 -1000 -1000 -10 -1 -1 -1
214 2890 Pedestrian -1 -1 -10 383.05 188.61 504.11 272.50 -1000 -1000 -1000 -10 -1 -1 -1
214 2874 Pedestrian -1 -1 -10 8.13 216.03 372.62 369.41 -1000 -1000 -1000 -10 -1 -1 -1
215 2890 Pedestrian -1 -1 -10 384.97 187.36 506.24 271.61 -1000 -1000 -1000 -10 -1 -1 -1
215 2874 Pedestrian -1 -1 -10 7.28 215.62 373.67 369.20 -1000 -1000 -1000 -10 -1 -1 -1
215 2889 Pedestrian -1 -1 -10 534.11 174.81 573.55 211.08 -1000 -1000 -1000 -10 -1 -1 -1
215 2883 Pedestrian -1 -1 -10 586.68 176.31 634.08 217.82 -1000 -1000 -1000 -10 -1 -1 -1
216 2890 Pedestrian -1 -1 -10 385.44 186.00 507.91 271.60 -1000 -1000 -1000 -10 -1 -1 -1
216 2874 Pedestrian -1 -1 -10 6.40 215.58 374.47 369.35 -1000 -1000 -1000 -10 -1 -1 -1
216 2889 Pedestrian -1 -1 -10 534.62 176.37 571.35 210.55 -1000 -1000 -1000 -10 -1 -1 -1
217 2890 Pedestrian -1 -1 -10 386.81 186.01 506.81 269.77 -1000 -1000 -1000 -10 -1 -1 -1
217 2874 Pedestrian -1 -1 -10 4.88 215.03 376.09 369.80 -1000 -1000 -1000 -10 -1 -1 -1
217 2889 Pedestrian -1 -1 -10 534.90 176.69 570.67 210.22 -1000 -1000 -1000 -10 -1 -1 -1
218 2890 Pedestrian -1 -1 -10 392.35 188.62 505.56 267.28 -1000 -1000 -1000 -10 -1 -1 -1
218 2874 Pedestrian -1 -1 -10 3.95 214.66 377.00 369.91 -1000 -1000 -1000 -10 -1 -1 -1
218 2883 Pedestrian -1 -1 -10 584.02 176.90 630.64 217.19 -1000 -1000 -1000 -10 -1 -1 -1
219 2890 Pedestrian -1 -1 -10 393.57 189.85 503.95 265.99 -1000 -1000 -1000 -10 -1 -1 -1
219 2874 Pedestrian -1 -1 -10 3.59 214.48 376.53 369.38 -1000 -1000 -1000 -10 -1 -1 -1
219 2903 Pedestrian -1 -1 -10 330.41 185.59 414.77 239.81 -1000 -1000 -1000 -10 -1 -1 -1
220 2890 Pedestrian -1 -1 -10 397.03 190.02 506.19 265.21 -1000 -1000 -1000 -10 -1 -1 -1
220 2874 Pedestrian -1 -1 -10 3.60 215.20 376.36 369.74 -1000 -1000 -1000 -10 -1 -1 -1
220 2903 Pedestrian -1 -1 -10 303.42 186.56 399.32 247.99 -1000 -1000 -1000 -10 -1 -1 -1
220 2883 Pedestrian -1 -1 -10 582.90 177.56 631.75 219.85 -1000 -1000 -1000 -10 -1 -1 -1
221 2890 Pedestrian -1 -1 -10 399.16 190.46 507.98 265.48 -1000 -1000 -1000 -10 -1 -1 -1
221 2874 Pedestrian -1 -1 -10 5.18 216.88 374.54 369.48 -1000 -1000 -1000 -10 -1 -1 -1
221 2903 Pedestrian -1 -1 -10 264.22 188.67 371.81 257.35 -1000 -1000 -1000 -10 -1 -1 -1
222 2890 Pedestrian -1 -1 -10 400.20 190.33 508.00 264.56 -1000 -1000 -1000 -10 -1 -1 -1
222 2874 Pedestrian -1 -1 -10 6.14 218.18 374.29 369.70 -1000 -1000 -1000 -10 -1 -1 -1
222 2903 Pedestrian -1 -1 -10 224.57 189.84 337.12 261.21 -1000 -1000 -1000 -10 -1 -1 -1
222 2883 Pedestrian -1 -1 -10 581.55 177.37 631.31 220.36 -1000 -1000 -1000 -10 -1 -1 -1
223 2890 Pedestrian -1 -1 -10 400.13 190.09 507.38 264.22 -1000 -1000 -1000 -10 -1 -1 -1
223 2874 Pedestrian -1 -1 -10 5.29 218.21 373.72 369.43 -1000 -1000 -1000 -10 -1 -1 -1
223 2883 Pedestrian -1 -1 -10 579.98 176.83 630.56 220.28 -1000 -1000 -1000 -10 -1 -1 -1
224 2890 Pedestrian -1 -1 -10 400.75 190.43 507.81 264.68 -1000 -1000 -1000 -10 -1 -1 -1
224 2874 Pedestrian -1 -1 -10 -3.01 211.93 382.29 370.76 -1000 -1000 -1000 -10 -1 -1 -1
224 2883 Pedestrian -1 -1 -10 577.54 176.58 629.10 220.44 -1000 -1000 -1000 -10 -1 -1 -1
225 2890 Pedestrian -1 -1 -10 401.70 189.85 509.05 264.65 -1000 -1000 -1000 -10 -1 -1 -1
225 2874 Pedestrian -1 -1 -10 -0.52 214.48 378.11 370.46 -1000 -1000 -1000 -10 -1 -1 -1
225 2883 Pedestrian -1 -1 -10 576.73 176.40 628.89 220.70 -1000 -1000 -1000 -10 -1 -1 -1
225 2889 Pedestrian -1 -1 -10 540.54 174.86 577.23 208.89 -1000 -1000 -1000 -10 -1 -1 -1
226 2890 Pedestrian -1 -1 -10 402.77 188.52 510.37 263.84 -1000 -1000 -1000 -10 -1 -1 -1
226 2874 Pedestrian -1 -1 -10 0.61 215.75 376.24 370.37 -1000 -1000 -1000 -10 -1 -1 -1
226 2883 Pedestrian -1 -1 -10 577.61 175.89 630.28 220.34 -1000 -1000 -1000 -10 -1 -1 -1
227 2890 Pedestrian -1 -1 -10 405.11 188.55 510.45 262.35 -1000 -1000 -1000 -10 -1 -1 -1
227 2874 Pedestrian -1 -1 -10 0.21 215.52 376.05 370.22 -1000 -1000 -1000 -10 -1 -1 -1
227 2883 Pedestrian -1 -1 -10 577.94 176.06 630.39 220.27 -1000 -1000 -1000 -10 -1 -1 -1
228 2890 Pedestrian -1 -1 -10 404.83 186.42 510.69 260.67 -1000 -1000 -1000 -10 -1 -1 -1
228 2874 Pedestrian -1 -1 -10 0.36 215.55 375.54 369.94 -1000 -1000 -1000 -10 -1 -1 -1
228 2883 Pedestrian -1 -1 -10 576.68 176.53 629.92 221.66 -1000 -1000 -1000 -10 -1 -1 -1
228 2889 Pedestrian -1 -1 -10 542.15 177.20 575.93 208.47 -1000 -1000 -1000 -10 -1 -1 -1
229 2890 Pedestrian -1 -1 -10 406.10 187.38 510.34 260.49 -1000 -1000 -1000 -10 -1 -1 -1
229 2874 Pedestrian -1 -1 -10 -0.61 215.42 375.02 370.10 -1000 -1000 -1000 -10 -1 -1 -1
229 2883 Pedestrian -1 -1 -10 575.74 176.49 629.15 221.98 -1000 -1000 -1000 -10 -1 -1 -1
229 2889 Pedestrian -1 -1 -10 542.64 176.61 577.63 208.64 -1000 -1000 -1000 -10 -1 -1 -1
230 2890 Pedestrian -1 -1 -10 405.39 188.22 508.11 260.43 -1000 -1000 -1000 -10 -1 -1 -1
230 2874 Pedestrian -1 -1 -10 -0.91 215.67 374.14 370.19 -1000 -1000 -1000 -10 -1 -1 -1
230 2883 Pedestrian -1 -1 -10 575.51 175.83 628.59 221.29 -1000 -1000 -1000 -10 -1 -1 -1
230 2889 Pedestrian -1 -1 -10 543.40 177.14 577.80 208.27 -1000 -1000 -1000 -10 -1 -1 -1
231 2890 Pedestrian -1 -1 -10 404.66 186.94 510.85 261.93 -1000 -1000 -1000 -10 -1 -1 -1
231 2874 Pedestrian -1 -1 -10 -2.00 214.83 374.30 370.08 -1000 -1000 -1000 -10 -1 -1 -1
231 2883 Pedestrian -1 -1 -10 575.02 175.62 627.90 220.96 -1000 -1000 -1000 -10 -1 -1 -1
231 2889 Pedestrian -1 -1 -10 543.57 176.05 578.63 207.40 -1000 -1000 -1000 -10 -1 -1 -1
232 2890 Pedestrian -1 -1 -10 403.93 186.16 512.23 263.08 -1000 -1000 -1000 -10 -1 -1 -1
232 2874 Pedestrian -1 -1 -10 -1.44 214.75 374.02 369.79 -1000 -1000 -1000 -10 -1 -1 -1
232 2883 Pedestrian -1 -1 -10 574.03 173.31 628.11 219.93 -1000 -1000 -1000 -10 -1 -1 -1
232 2889 Pedestrian -1 -1 -10 543.16 175.33 579.49 207.80 -1000 -1000 -1000 -10 -1 -1 -1
233 2890 Pedestrian -1 -1 -10 403.70 184.62 511.05 261.19 -1000 -1000 -1000 -10 -1 -1 -1
233 2874 Pedestrian -1 -1 -10 -1.17 214.99 373.08 369.65 -1000 -1000 -1000 -10 -1 -1 -1
233 2883 Pedestrian -1 -1 -10 573.60 174.89 627.15 221.15 -1000 -1000 -1000 -10 -1 -1 -1
233 2889 Pedestrian -1 -1 -10 542.90 174.60 579.26 207.24 -1000 -1000 -1000 -10 -1 -1 -1
234 2890 Pedestrian -1 -1 -10 403.65 185.28 509.90 261.22 -1000 -1000 -1000 -10 -1 -1 -1
234 2874 Pedestrian -1 -1 -10 -1.41 214.57 373.73 369.78 -1000 -1000 -1000 -10 -1 -1 -1
234 2883 Pedestrian -1 -1 -10 572.73 171.57 628.82 220.46 -1000 -1000 -1000 -10 -1 -1 -1
234 2889 Pedestrian -1 -1 -10 542.79 174.50 579.77 207.79 -1000 -1000 -1000 -10 -1 -1 -1
235 2890 Pedestrian -1 -1 -10 404.25 187.21 508.85 261.85 -1000 -1000 -1000 -10 -1 -1 -1
235 2874 Pedestrian -1 -1 -10 -2.78 213.48 374.30 369.80 -1000 -1000 -1000 -10 -1 -1 -1
235 2883 Pedestrian -1 -1 -10 572.48 171.92 627.28 220.01 -1000 -1000 -1000 -10 -1 -1 -1
235 2889 Pedestrian -1 -1 -10 541.98 174.01 578.90 207.45 -1000 -1000 -1000 -10 -1 -1 -1
236 2890 Pedestrian -1 -1 -10 405.04 188.99 507.68 262.03 -1000 -1000 -1000 -10 -1 -1 -1
236 2874 Pedestrian -1 -1 -10 -5.00 211.43 376.15 370.02 -1000 -1000 -1000 -10 -1 -1 -1
236 2883 Pedestrian -1 -1 -10 573.53 174.66 624.46 219.17 -1000 -1000 -1000 -10 -1 -1 -1
236 2889 Pedestrian -1 -1 -10 541.65 173.40 578.85 207.39 -1000 -1000 -1000 -10 -1 -1 -1
236 2905 Pedestrian -1 -1 -10 360.40 182.27 427.15 237.35 -1000 -1000 -1000 -10 -1 -1 -1
237 2890 Pedestrian -1 -1 -10 402.06 189.11 506.57 263.05 -1000 -1000 -1000 -10 -1 -1 -1
237 2874 Pedestrian -1 -1 -10 -4.41 212.24 373.99 370.06 -1000 -1000 -1000 -10 -1 -1 -1
237 2883 Pedestrian -1 -1 -10 572.08 173.91 624.55 219.97 -1000 -1000 -1000 -10 -1 -1 -1
237 2889 Pedestrian -1 -1 -10 541.06 172.82 579.02 207.97 -1000 -1000 -1000 -10 -1 -1 -1
237 2905 Pedestrian -1 -1 -10 336.10 183.64 410.67 244.93 -1000 -1000 -1000 -10 -1 -1 -1
238 2890 Pedestrian -1 -1 -10 401.88 189.75 506.42 263.63 -1000 -1000 -1000 -10 -1 -1 -1
238 2874 Pedestrian -1 -1 -10 -2.98 214.07 369.85 369.79 -1000 -1000 -1000 -10 -1 -1 -1
238 2883 Pedestrian -1 -1 -10 572.29 176.78 622.87 221.12 -1000 -1000 -1000 -10 -1 -1 -1
238 2889 Pedestrian -1 -1 -10 541.95 174.36 578.00 208.19 -1000 -1000 -1000 -10 -1 -1 -1
238 2905 Pedestrian -1 -1 -10 303.12 186.45 388.69 256.03 -1000 -1000 -1000 -10 -1 -1 -1
239 2890 Pedestrian -1 -1 -10 400.95 190.73 504.98 264.08 -1000 -1000 -1000 -10 -1 -1 -1
239 2874 Pedestrian -1 -1 -10 -3.57 214.86 367.71 370.28 -1000 -1000 -1000 -10 -1 -1 -1
239 2883 Pedestrian -1 -1 -10 571.59 177.46 622.88 222.27 -1000 -1000 -1000 -10 -1 -1 -1
239 2889 Pedestrian -1 -1 -10 542.07 176.46 576.57 209.09 -1000 -1000 -1000 -10 -1 -1 -1
239 2905 Pedestrian -1 -1 -10 258.64 187.97 358.52 268.01 -1000 -1000 -1000 -10 -1 -1 -1
240 2890 Pedestrian -1 -1 -10 398.66 190.72 504.01 264.86 -1000 -1000 -1000 -10 -1 -1 -1
240 2874 Pedestrian -1 -1 -10 -1.85 215.69 365.13 369.41 -1000 -1000 -1000 -10 -1 -1 -1
240 2883 Pedestrian -1 -1 -10 569.54 175.66 623.77 223.09 -1000 -1000 -1000 -10 -1 -1 -1
240 2889 Pedestrian -1 -1 -10 541.84 177.83 574.51 208.94 -1000 -1000 -1000 -10 -1 -1 -1
240 2905 Pedestrian -1 -1 -10 210.70 189.40 321.44 276.66 -1000 -1000 -1000 -10 -1 -1 -1
241 2890 Pedestrian -1 -1 -10 395.87 191.21 503.28 266.71 -1000 -1000 -1000 -10 -1 -1 -1
241 2874 Pedestrian -1 -1 -10 -8.55 210.57 367.40 369.14 -1000 -1000 -1000 -10 -1 -1 -1
241 2883 Pedestrian -1 -1 -10 568.56 177.20 622.79 224.44 -1000 -1000 -1000 -10 -1 -1 -1
241 2889 Pedestrian -1 -1 -10 541.86 178.52 573.39 208.85 -1000 -1000 -1000 -10 -1 -1 -1
242 2890 Pedestrian -1 -1 -10 391.83 192.41 501.85 269.77 -1000 -1000 -1000 -10 -1 -1 -1
242 2874 Pedestrian -1 -1 -10 -20.49 201.23 372.60 369.44 -1000 -1000 -1000 -10 -1 -1 -1
242 2883 Pedestrian -1 -1 -10 566.65 180.30 619.04 225.64 -1000 -1000 -1000 -10 -1 -1 -1
242 2889 Pedestrian -1 -1 -10 541.38 179.14 573.09 209.76 -1000 -1000 -1000 -10 -1 -1 -1
243 2890 Pedestrian -1 -1 -10 389.13 192.59 500.35 270.61 -1000 -1000 -1000 -10 -1 -1 -1
243 2874 Pedestrian -1 -1 -10 -10.78 212.37 356.56 369.96 -1000 -1000 -1000 -10 -1 -1 -1
243 2883 Pedestrian -1 -1 -10 564.70 180.18 617.56 225.95 -1000 -1000 -1000 -10 -1 -1 -1
244 2890 Pedestrian -1 -1 -10 385.48 192.29 498.60 271.53 -1000 -1000 -1000 -10 -1 -1 -1
244 2874 Pedestrian -1 -1 -10 0.28 226.30 337.78 370.43 -1000 -1000 -1000 -10 -1 -1 -1
245 2890 Pedestrian -1 -1 -10 382.58 191.42 497.25 271.41 -1000 -1000 -1000 -10 -1 -1 -1
245 2874 Pedestrian -1 -1 -10 0.77 229.74 330.12 370.33 -1000 -1000 -1000 -10 -1 -1 -1
245 2889 Pedestrian -1 -1 -10 537.86 175.32 571.71 208.23 -1000 -1000 -1000 -10 -1 -1 -1
245 2883 Pedestrian -1 -1 -10 562.26 179.67 615.73 225.91 -1000 -1000 -1000 -10 -1 -1 -1
246 2890 Pedestrian -1 -1 -10 375.54 190.88 491.86 272.27 -1000 -1000 -1000 -10 -1 -1 -1
246 2874 Pedestrian -1 -1 -10 -7.00 226.06 327.81 369.99 -1000 -1000 -1000 -10 -1 -1 -1
246 2883 Pedestrian -1 -1 -10 560.23 178.84 614.34 225.79 -1000 -1000 -1000 -10 -1 -1 -1
247 2890 Pedestrian -1 -1 -10 371.02 190.29 489.09 272.86 -1000 -1000 -1000 -10 -1 -1 -1
247 2874 Pedestrian -1 -1 -10 -9.59 227.75 319.31 370.16 -1000 -1000 -1000 -10 -1 -1 -1
247 2883 Pedestrian -1 -1 -10 558.70 176.12 613.28 223.76 -1000 -1000 -1000 -10 -1 -1 -1
248 2890 Pedestrian -1 -1 -10 367.00 189.19 488.10 273.60 -1000 -1000 -1000 -10 -1 -1 -1
248 2874 Pedestrian -1 -1 -10 -13.72 227.66 310.40 369.46 -1000 -1000 -1000 -10 -1 -1 -1
248 2883 Pedestrian -1 -1 -10 559.80 179.73 608.92 222.10 -1000 -1000 -1000 -10 -1 -1 -1
249 2890 Pedestrian -1 -1 -10 356.33 188.63 479.29 275.22 -1000 -1000 -1000 -10 -1 -1 -1
249 2874 Pedestrian -1 -1 -10 -10.34 236.19 294.02 370.17 -1000 -1000 -1000 -10 -1 -1 -1
249 2883 Pedestrian -1 -1 -10 558.65 180.84 605.73 221.05 -1000 -1000 -1000 -10 -1 -1 -1
250 2890 Pedestrian -1 -1 -10 353.78 187.95 480.99 277.31 -1000 -1000 -1000 -10 -1 -1 -1
250 2874 Pedestrian -1 -1 -10 0.49 253.79 268.35 371.11 -1000 -1000 -1000 -10 -1 -1 -1
250 2883 Pedestrian -1 -1 -10 555.20 178.97 604.72 221.23 -1000 -1000 -1000 -10 -1 -1 -1
251 2890 Pedestrian -1 -1 -10 349.94 188.03 480.54 279.30 -1000 -1000 -1000 -10 -1 -1 -1
251 2874 Pedestrian -1 -1 -10 10.20 272.22 238.89 370.97 -1000 -1000 -1000 -10 -1 -1 -1
252 2890 Pedestrian -1 -1 -10 345.68 188.94 477.30 280.25 -1000 -1000 -1000 -10 -1 -1 -1
252 2874 Pedestrian -1 -1 -10 18.98 291.94 209.05 371.93 -1000 -1000 -1000 -10 -1 -1 -1
252 2906 Pedestrian -1 -1 -10 496.68 175.00 528.72 200.69 -1000 -1000 -1000 -10 -1 -1 -1
253 2890 Pedestrian -1 -1 -10 338.98 189.20 474.25 282.40 -1000 -1000 -1000 -10 -1 -1 -1
253 2874 Pedestrian -1 -1 -10 28.78 312.59 177.83 372.37 -1000 -1000 -1000 -10 -1 -1 -1
253 2906 Pedestrian -1 -1 -10 492.83 178.31 520.59 200.53 -1000 -1000 -1000 -10 -1 -1 -1
254 2890 Pedestrian -1 -1 -10 331.96 189.16 468.90 282.92 -1000 -1000 -1000 -10 -1 -1 -1
255 2890 Pedestrian -1 -1 -10 326.93 189.29 465.98 283.38 -1000 -1000 -1000 -10 -1 -1 -1
255 2906 Pedestrian -1 -1 -10 480.81 179.57 506.58 199.97 -1000 -1000 -1000 -10 -1 -1 -1
256 2890 Pedestrian -1 -1 -10 317.34 188.94 464.98 288.32 -1000 -1000 -1000 -10 -1 -1 -1
256 2883 Pedestrian -1 -1 -10 540.58 175.40 599.60 225.90 -1000 -1000 -1000 -10 -1 -1 -1
257 2890 Pedestrian -1 -1 -10 308.13 189.39 462.12 292.55 -1000 -1000 -1000 -10 -1 -1 -1
257 2883 Pedestrian -1 -1 -10 540.03 176.77 598.38 226.35 -1000 -1000 -1000 -10 -1 -1 -1
257 2906 Pedestrian -1 -1 -10 461.99 178.43 493.07 202.68 -1000 -1000 -1000 -10 -1 -1 -1
258 2890 Pedestrian -1 -1 -10 301.06 189.57 457.67 293.68 -1000 -1000 -1000 -10 -1 -1 -1
258 2883 Pedestrian -1 -1 -10 538.82 177.39 596.90 226.59 -1000 -1000 -1000 -10 -1 -1 -1
258 2906 Pedestrian -1 -1 -10 453.05 178.81 487.23 205.16 -1000 -1000 -1000 -10 -1 -1 -1
259 2890 Pedestrian -1 -1 -10 292.02 189.57 455.52 297.80 -1000 -1000 -1000 -10 -1 -1 -1
259 2883 Pedestrian -1 -1 -10 536.43 176.71 596.45 227.47 -1000 -1000 -1000 -10 -1 -1 -1
259 2906 Pedestrian -1 -1 -10 440.91 178.48 478.73 207.27 -1000 -1000 -1000 -10 -1 -1 -1
260 2890 Pedestrian -1 -1 -10 282.78 189.22 452.27 300.95 -1000 -1000 -1000 -10 -1 -1 -1
260 2883 Pedestrian -1 -1 -10 533.01 173.25 596.84 227.54 -1000 -1000 -1000 -10 -1 -1 -1
260 2906 Pedestrian -1 -1 -10 429.06 176.73 471.44 208.90 -1000 -1000 -1000 -10 -1 -1 -1
261 2890 Pedestrian -1 -1 -10 273.79 189.85 448.83 304.82 -1000 -1000 -1000 -10 -1 -1 -1
261 2883 Pedestrian -1 -1 -10 531.40 173.45 595.58 228.31 -1000 -1000 -1000 -10 -1 -1 -1
262 2890 Pedestrian -1 -1 -10 265.14 190.19 445.50 308.15 -1000 -1000 -1000 -10 -1 -1 -1
262 2883 Pedestrian -1 -1 -10 529.31 173.92 594.78 230.22 -1000 -1000 -1000 -10 -1 -1 -1
262 2907 Pedestrian -1 -1 -10 584.70 175.16 626.23 203.38 -1000 -1000 -1000 -10 -1 -1 -1
263 2890 Pedestrian -1 -1 -10 253.97 191.02 443.24 314.58 -1000 -1000 -1000 -10 -1 -1 -1
263 2883 Pedestrian -1 -1 -10 526.91 174.34 593.62 231.86 -1000 -1000 -1000 -10 -1 -1 -1
264 2890 Pedestrian -1 -1 -10 245.99 191.21 439.28 316.63 -1000 -1000 -1000 -10 -1 -1 -1
264 2883 Pedestrian -1 -1 -10 522.49 173.50 592.20 233.58 -1000 -1000 -1000 -10 -1 -1 -1
265 2890 Pedestrian -1 -1 -10 232.97 190.67 439.27 324.43 -1000 -1000 -1000 -10 -1 -1 -1
265 2883 Pedestrian -1 -1 -10 517.00 172.17 590.73 235.53 -1000 -1000 -1000 -10 -1 -1 -1
266 2890 Pedestrian -1 -1 -10 220.43 196.11 425.86 329.22 -1000 -1000 -1000 -10 -1 -1 -1
266 2883 Pedestrian -1 -1 -10 516.71 173.45 590.70 237.16 -1000 -1000 -1000 -10 -1 -1 -1
267 2890 Pedestrian -1 -1 -10 210.61 195.08 424.82 332.84 -1000 -1000 -1000 -10 -1 -1 -1
267 2883 Pedestrian -1 -1 -10 514.39 174.34 586.74 235.73 -1000 -1000 -1000 -10 -1 -1 -1
268 2890 Pedestrian -1 -1 -10 199.91 193.92 422.31 335.73 -1000 -1000 -1000 -10 -1 -1 -1
268 2883 Pedestrian -1 -1 -10 511.95 173.44 585.03 234.88 -1000 -1000 -1000 -10 -1 -1 -1
269 2890 Pedestrian -1 -1 -10 187.82 194.99 416.30 339.71 -1000 -1000 -1000 -10 -1 -1 -1
269 2883 Pedestrian -1 -1 -10 509.07 172.65 583.33 234.32 -1000 -1000 -1000 -10 -1 -1 -1
270 2890 Pedestrian -1 -1 -10 176.90 197.11 412.08 344.79 -1000 -1000 -1000 -10 -1 -1 -1
270 2883 Pedestrian -1 -1 -10 507.34 172.57 583.81 235.59 -1000 -1000 -1000 -10 -1 -1 -1
271 2890 Pedestrian -1 -1 -10 166.96 196.72 407.43 346.12 -1000 -1000 -1000 -10 -1 -1 -1
271 2883 Pedestrian -1 -1 -10 505.90 172.18 584.33 236.52 -1000 -1000 -1000 -10 -1 -1 -1
271 2910 Pedestrian -1 -1 -10 -37.97 197.24 225.02 326.65 -1000 -1000 -1000 -10 -1 -1 -1
271 2907 Pedestrian -1 -1 -10 581.26 176.18 626.39 207.06 -1000 -1000 -1000 -10 -1 -1 -1
272 2890 Pedestrian -1 -1 -10 154.57 197.23 407.58 353.39 -1000 -1000 -1000 -10 -1 -1 -1
272 2883 Pedestrian -1 -1 -10 504.48 172.91 583.96 237.49 -1000 -1000 -1000 -10 -1 -1 -1
272 2910 Pedestrian -1 -1 -10 -78.71 200.25 179.79 329.31 -1000 -1000 -1000 -10 -1 -1 -1
272 2907 Pedestrian -1 -1 -10 579.84 173.94 627.32 206.81 -1000 -1000 -1000 -10 -1 -1 -1
273 2890 Pedestrian -1 -1 -10 146.12 196.73 407.46 356.81 -1000 -1000 -1000 -10 -1 -1 -1
273 2883 Pedestrian -1 -1 -10 504.19 173.15 584.71 238.43 -1000 -1000 -1000 -10 -1 -1 -1
273 2911 Pedestrian -1 -1 -10 457.62 156.32 510.18 201.90 -1000 -1000 -1000 -10 -1 -1 -1
274 2890 Pedestrian -1 -1 -10 137.29 196.94 404.90 359.58 -1000 -1000 -1000 -10 -1 -1 -1
274 2883 Pedestrian -1 -1 -10 504.16 172.71 586.72 239.77 -1000 -1000 -1000 -10 -1 -1 -1
274 2911 Pedestrian -1 -1 -10 450.79 155.07 505.84 202.78 -1000 -1000 -1000 -10 -1 -1 -1
274 2907 Pedestrian -1 -1 -10 581.49 173.71 629.58 207.46 -1000 -1000 -1000 -10 -1 -1 -1
275 2890 Pedestrian -1 -1 -10 131.71 198.75 401.28 361.09 -1000 -1000 -1000 -10 -1 -1 -1
275 2883 Pedestrian -1 -1 -10 504.41 171.63 586.96 238.62 -1000 -1000 -1000 -10 -1 -1 -1
276 2890 Pedestrian -1 -1 -10 124.28 196.75 401.41 362.68 -1000 -1000 -1000 -10 -1 -1 -1
276 2883 Pedestrian -1 -1 -10 502.90 170.03 586.61 238.08 -1000 -1000 -1000 -10 -1 -1 -1
276 2911 Pedestrian -1 -1 -10 431.24 151.32 493.42 205.12 -1000 -1000 -1000 -10 -1 -1 -1
276 2907 Pedestrian -1 -1 -10 582.31 170.44 631.70 205.56 -1000 -1000 -1000 -10 -1 -1 -1
277 2890 Pedestrian -1 -1 -10 119.92 196.55 402.29 364.66 -1000 -1000 -1000 -10 -1 -1 -1
277 2883 Pedestrian -1 -1 -10 501.58 169.04 586.96 238.62 -1000 -1000 -1000 -10 -1 -1 -1
277 2911 Pedestrian -1 -1 -10 419.07 149.65 486.19 207.56 -1000 -1000 -1000 -10 -1 -1 -1
277 2907 Pedestrian -1 -1 -10 581.31 169.01 632.05 205.49 -1000 -1000 -1000 -10 -1 -1 -1
278 2890 Pedestrian -1 -1 -10 116.89 196.20 402.49 364.98 -1000 -1000 -1000 -10 -1 -1 -1
278 2883 Pedestrian -1 -1 -10 501.09 168.88 586.16 238.37 -1000 -1000 -1000 -10 -1 -1 -1
278 2911 Pedestrian -1 -1 -10 406.35 148.37 477.31 209.29 -1000 -1000 -1000 -10 -1 -1 -1
278 2907 Pedestrian -1 -1 -10 581.57 168.24 633.90 206.49 -1000 -1000 -1000 -10 -1 -1 -1
279 2890 Pedestrian -1 -1 -10 114.98 195.75 403.92 365.47 -1000 -1000 -1000 -10 -1 -1 -1
279 2883 Pedestrian -1 -1 -10 501.40 168.28 586.90 238.50 -1000 -1000 -1000 -10 -1 -1 -1
279 2911 Pedestrian -1 -1 -10 391.89 146.11 468.52 211.50 -1000 -1000 -1000 -10 -1 -1 -1
279 2907 Pedestrian -1 -1 -10 582.67 168.76 631.93 204.46 -1000 -1000 -1000 -10 -1 -1 -1
280 2890 Pedestrian -1 -1 -10 114.50 195.07 404.58 364.48 -1000 -1000 -1000 -10 -1 -1 -1
280 2883 Pedestrian -1 -1 -10 501.00 167.29 587.07 238.28 -1000 -1000 -1000 -10 -1 -1 -1
280 2911 Pedestrian -1 -1 -10 376.98 144.79 458.02 213.28 -1000 -1000 -1000 -10 -1 -1 -1
281 2890 Pedestrian -1 -1 -10 115.69 194.54 407.17 363.93 -1000 -1000 -1000 -10 -1 -1 -1
281 2883 Pedestrian -1 -1 -10 501.69 167.57 586.31 237.50 -1000 -1000 -1000 -10 -1 -1 -1
281 2911 Pedestrian -1 -1 -10 358.75 143.39 446.90 217.00 -1000 -1000 -1000 -10 -1 -1 -1
282 2890 Pedestrian -1 -1 -10 116.96 193.34 410.35 363.37 -1000 -1000 -1000 -10 -1 -1 -1
282 2883 Pedestrian -1 -1 -10 501.71 167.25 587.18 238.25 -1000 -1000 -1000 -10 -1 -1 -1
282 2911 Pedestrian -1 -1 -10 338.16 140.54 436.18 221.37 -1000 -1000 -1000 -10 -1 -1 -1
283 2890 Pedestrian -1 -1 -10 120.02 193.80 411.13 361.93 -1000 -1000 -1000 -10 -1 -1 -1
283 2883 Pedestrian -1 -1 -10 501.91 167.65 587.58 239.34 -1000 -1000 -1000 -10 -1 -1 -1
283 2911 Pedestrian -1 -1 -10 317.06 139.30 418.63 220.91 -1000 -1000 -1000 -10 -1 -1 -1
284 2890 Pedestrian -1 -1 -10 124.66 196.22 412.45 361.82 -1000 -1000 -1000 -10 -1 -1 -1
284 2883 Pedestrian -1 -1 -10 502.67 170.83 587.03 241.55 -1000 -1000 -1000 -10 -1 -1 -1
284 2911 Pedestrian -1 -1 -10 292.16 139.81 397.54 220.98 -1000 -1000 -1000 -10 -1 -1 -1
284 2907 Pedestrian -1 -1 -10 593.72 177.06 636.56 207.98 -1000 -1000 -1000 -10 -1 -1 -1
285 2890 Pedestrian -1 -1 -10 126.89 193.79 417.76 361.10 -1000 -1000 -1000 -10 -1 -1 -1
285 2883 Pedestrian -1 -1 -10 502.82 172.41 587.35 243.46 -1000 -1000 -1000 -10 -1 -1 -1
285 2911 Pedestrian -1 -1 -10 262.65 139.40 370.59 217.36 -1000 -1000 -1000 -10 -1 -1 -1
286 2890 Pedestrian -1 -1 -10 133.26 196.67 418.96 360.67 -1000 -1000 -1000 -10 -1 -1 -1
286 2883 Pedestrian -1 -1 -10 503.13 173.00 587.54 244.01 -1000 -1000 -1000 -10 -1 -1 -1
286 2914 Pedestrian -1 -1 -10 469.32 178.17 503.61 203.02 -1000 -1000 -1000 -10 -1 -1 -1
287 2890 Pedestrian -1 -1 -10 139.47 199.51 420.75 360.46 -1000 -1000 -1000 -10 -1 -1 -1
287 2883 Pedestrian -1 -1 -10 503.08 173.04 587.85 244.45 -1000 -1000 -1000 -10 -1 -1 -1
287 2914 Pedestrian -1 -1 -10 463.59 176.95 503.24 205.66 -1000 -1000 -1000 -10 -1 -1 -1
288 2890 Pedestrian -1 -1 -10 139.80 199.96 420.55 359.81 -1000 -1000 -1000 -10 -1 -1 -1
288 2883 Pedestrian -1 -1 -10 503.67 172.50 588.58 244.13 -1000 -1000 -1000 -10 -1 -1 -1
288 2914 Pedestrian -1 -1 -10 457.22 178.19 497.89 207.51 -1000 -1000 -1000 -10 -1 -1 -1
288 2915 Pedestrian -1 -1 -10 15.19 127.13 319.15 295.56 -1000 -1000 -1000 -10 -1 -1 -1
289 2890 Pedestrian -1 -1 -10 144.10 198.74 425.55 359.00 -1000 -1000 -1000 -10 -1 -1 -1
289 2883 Pedestrian -1 -1 -10 503.82 172.25 588.65 243.89 -1000 -1000 -1000 -10 -1 -1 -1
289 2914 Pedestrian -1 -1 -10 449.65 180.47 489.46 208.97 -1000 -1000 -1000 -10 -1 -1 -1
289 2915 Pedestrian -1 -1 -10 -37.92 122.62 322.93 323.78 -1000 -1000 -1000 -10 -1 -1 -1
290 2890 Pedestrian -1 -1 -10 147.56 198.65 428.07 358.44 -1000 -1000 -1000 -10 -1 -1 -1
290 2883 Pedestrian -1 -1 -10 503.19 171.86 588.10 243.59 -1000 -1000 -1000 -10 -1 -1 -1
290 2914 Pedestrian -1 -1 -10 437.43 182.49 481.25 213.84 -1000 -1000 -1000 -10 -1 -1 -1
290 2915 Pedestrian -1 -1 -10 -77.22 114.58 302.98 329.35 -1000 -1000 -1000 -10 -1 -1 -1
291 2890 Pedestrian -1 -1 -10 149.95 198.56 430.51 358.50 -1000 -1000 -1000 -10 -1 -1 -1
291 2883 Pedestrian -1 -1 -10 501.95 172.09 587.20 244.11 -1000 -1000 -1000 -10 -1 -1 -1
291 2914 Pedestrian -1 -1 -10 424.73 181.27 473.03 215.61 -1000 -1000 -1000 -10 -1 -1 -1
291 2915 Pedestrian -1 -1 -10 -122.43 106.51 273.12 335.73 -1000 -1000 -1000 -10 -1 -1 -1
292 2890 Pedestrian -1 -1 -10 153.65 198.77 430.69 356.50 -1000 -1000 -1000 -10 -1 -1 -1
292 2883 Pedestrian -1 -1 -10 501.07 172.26 586.23 244.07 -1000 -1000 -1000 -10 -1 -1 -1
292 2914 Pedestrian -1 -1 -10 411.81 180.82 464.42 217.92 -1000 -1000 -1000 -10 -1 -1 -1
293 2890 Pedestrian -1 -1 -10 158.52 198.40 430.90 353.23 -1000 -1000 -1000 -10 -1 -1 -1
293 2883 Pedestrian -1 -1 -10 501.56 172.51 586.37 244.13 -1000 -1000 -1000 -10 -1 -1 -1
293 2914 Pedestrian -1 -1 -10 397.26 180.24 454.97 220.64 -1000 -1000 -1000 -10 -1 -1 -1
294 2890 Pedestrian -1 -1 -10 161.48 198.49 431.05 351.46 -1000 -1000 -1000 -10 -1 -1 -1
294 2883 Pedestrian -1 -1 -10 501.78 172.81 586.12 244.11 -1000 -1000 -1000 -10 -1 -1 -1
294 2914 Pedestrian -1 -1 -10 379.87 179.62 442.66 223.03 -1000 -1000 -1000 -10 -1 -1 -1
295 2890 Pedestrian -1 -1 -10 164.18 197.60 430.77 348.51 -1000 -1000 -1000 -10 -1 -1 -1
295 2883 Pedestrian -1 -1 -10 501.75 172.99 585.32 243.60 -1000 -1000 -1000 -10 -1 -1 -1
295 2914 Pedestrian -1 -1 -10 365.84 180.26 431.08 225.19 -1000 -1000 -1000 -10 -1 -1 -1
295 2917 Pedestrian -1 -1 -10 474.72 174.99 510.74 202.39 -1000 -1000 -1000 -10 -1 -1 -1
296 2890 Pedestrian -1 -1 -10 164.00 197.27 433.71 350.08 -1000 -1000 -1000 -10 -1 -1 -1
296 2883 Pedestrian -1 -1 -10 501.67 173.04 585.51 244.10 -1000 -1000 -1000 -10 -1 -1 -1
296 2917 Pedestrian -1 -1 -10 467.75 174.56 508.42 205.45 -1000 -1000 -1000 -10 -1 -1 -1
297 2890 Pedestrian -1 -1 -10 166.62 197.81 434.32 349.59 -1000 -1000 -1000 -10 -1 -1 -1
297 2883 Pedestrian -1 -1 -10 501.17 172.81 585.48 244.58 -1000 -1000 -1000 -10 -1 -1 -1
297 2917 Pedestrian -1 -1 -10 459.35 175.11 502.79 208.02 -1000 -1000 -1000 -10 -1 -1 -1
298 2890 Pedestrian -1 -1 -10 165.62 194.37 439.69 350.56 -1000 -1000 -1000 -10 -1 -1 -1
298 2883 Pedestrian -1 -1 -10 500.83 173.39 585.32 245.53 -1000 -1000 -1000 -10 -1 -1 -1
298 2917 Pedestrian -1 -1 -10 449.25 177.05 494.29 211.00 -1000 -1000 -1000 -10 -1 -1 -1
299 2890 Pedestrian -1 -1 -10 166.46 194.59 441.12 351.92 -1000 -1000 -1000 -10 -1 -1 -1
299 2883 Pedestrian -1 -1 -10 500.47 173.63 585.03 246.04 -1000 -1000 -1000 -10 -1 -1 -1
299 2917 Pedestrian -1 -1 -10 439.48 178.84 485.68 213.35 -1000 -1000 -1000 -10 -1 -1 -1
300 2890 Pedestrian -1 -1 -10 167.81 195.07 438.41 350.21 -1000 -1000 -1000 -10 -1 -1 -1
300 2883 Pedestrian -1 -1 -10 499.85 173.59 585.04 246.79 -1000 -1000 -1000 -10 -1 -1 -1
300 2917 Pedestrian -1 -1 -10 426.81 179.81 475.49 215.82 -1000 -1000 -1000 -10 -1 -1 -1
301 2890 Pedestrian -1 -1 -10 171.89 197.11 437.07 349.06 -1000 -1000 -1000 -10 -1 -1 -1
301 2883 Pedestrian -1 -1 -10 500.12 174.40 584.40 246.95 -1000 -1000 -1000 -10 -1 -1 -1
301 2917 Pedestrian -1 -1 -10 413.35 180.43 465.80 218.59 -1000 -1000 -1000 -10 -1 -1 -1
302 2890 Pedestrian -1 -1 -10 172.52 197.59 440.12 351.37 -1000 -1000 -1000 -10 -1 -1 -1
302 2883 Pedestrian -1 -1 -10 499.94 174.54 584.24 247.28 -1000 -1000 -1000 -10 -1 -1 -1
302 2917 Pedestrian -1 -1 -10 397.32 179.67 456.28 222.13 -1000 -1000 -1000 -10 -1 -1 -1
302 2918 Pedestrian -1 -1 -10 7.71 192.83 217.02 314.40 -1000 -1000 -1000 -10 -1 -1 -1
302 2907 Pedestrian -1 -1 -10 588.71 174.85 642.26 213.85 -1000 -1000 -1000 -10 -1 -1 -1
303 2890 Pedestrian -1 -1 -10 174.18 197.18 441.28 351.17 -1000 -1000 -1000 -10 -1 -1 -1
303 2883 Pedestrian -1 -1 -10 498.77 173.88 583.73 247.50 -1000 -1000 -1000 -10 -1 -1 -1
303 2917 Pedestrian -1 -1 -10 383.08 179.43 446.40 224.78 -1000 -1000 -1000 -10 -1 -1 -1
303 2918 Pedestrian -1 -1 -10 -27.95 195.49 194.48 325.63 -1000 -1000 -1000 -10 -1 -1 -1
304 2890 Pedestrian -1 -1 -10 177.60 197.32 439.86 348.82 -1000 -1000 -1000 -10 -1 -1 -1
304 2883 Pedestrian -1 -1 -10 497.89 173.21 582.90 247.13 -1000 -1000 -1000 -10 -1 -1 -1
304 2907 Pedestrian -1 -1 -10 589.62 174.79 643.95 215.53 -1000 -1000 -1000 -10 -1 -1 -1
305 2890 Pedestrian -1 -1 -10 178.15 195.61 440.87 348.02 -1000 -1000 -1000 -10 -1 -1 -1
305 2883 Pedestrian -1 -1 -10 497.47 174.32 582.16 248.13 -1000 -1000 -1000 -10 -1 -1 -1
306 2890 Pedestrian -1 -1 -10 179.55 195.77 442.48 348.75 -1000 -1000 -1000 -10 -1 -1 -1
306 2883 Pedestrian -1 -1 -10 496.63 174.91 581.24 248.63 -1000 -1000 -1000 -10 -1 -1 -1
307 2890 Pedestrian -1 -1 -10 179.52 192.65 446.43 348.78 -1000 -1000 -1000 -10 -1 -1 -1
307 2883 Pedestrian -1 -1 -10 496.18 175.27 580.57 248.66 -1000 -1000 -1000 -10 -1 -1 -1
308 2890 Pedestrian -1 -1 -10 182.46 194.42 444.99 348.19 -1000 -1000 -1000 -10 -1 -1 -1
308 2883 Pedestrian -1 -1 -10 496.22 175.74 580.63 249.20 -1000 -1000 -1000 -10 -1 -1 -1
308 2907 Pedestrian -1 -1 -10 594.29 177.59 644.85 216.21 -1000 -1000 -1000 -10 -1 -1 -1
309 2890 Pedestrian -1 -1 -10 184.30 197.51 441.42 348.13 -1000 -1000 -1000 -10 -1 -1 -1
309 2883 Pedestrian -1 -1 -10 495.25 176.57 580.64 250.81 -1000 -1000 -1000 -10 -1 -1 -1
309 2907 Pedestrian -1 -1 -10 596.80 181.90 642.94 216.96 -1000 -1000 -1000 -10 -1 -1 -1
310 2890 Pedestrian -1 -1 -10 184.10 197.47 440.51 347.69 -1000 -1000 -1000 -10 -1 -1 -1
310 2883 Pedestrian -1 -1 -10 493.80 177.62 579.84 252.37 -1000 -1000 -1000 -10 -1 -1 -1
310 2907 Pedestrian -1 -1 -10 598.55 185.51 641.35 217.40 -1000 -1000 -1000 -10 -1 -1 -1
310 2920 Pedestrian -1 -1 -10 44.43 187.46 254.19 295.49 -1000 -1000 -1000 -10 -1 -1 -1
310 2921 Pedestrian -1 -1 -10 465.16 178.95 504.93 207.55 -1000 -1000 -1000 -10 -1 -1 -1
311 2890 Pedestrian -1 -1 -10 181.20 197.05 439.43 348.34 -1000 -1000 -1000 -10 -1 -1 -1
311 2883 Pedestrian -1 -1 -10 492.35 177.84 578.84 252.91 -1000 -1000 -1000 -10 -1 -1 -1
311 2907 Pedestrian -1 -1 -10 599.16 186.40 640.94 217.08 -1000 -1000 -1000 -10 -1 -1 -1
311 2920 Pedestrian -1 -1 -10 -7.24 191.36 239.52 318.95 -1000 -1000 -1000 -10 -1 -1 -1
311 2921 Pedestrian -1 -1 -10 459.06 179.20 501.49 209.69 -1000 -1000 -1000 -10 -1 -1 -1
312 2890 Pedestrian -1 -1 -10 179.86 198.00 440.31 351.09 -1000 -1000 -1000 -10 -1 -1 -1
312 2883 Pedestrian -1 -1 -10 491.59 177.96 579.16 254.03 -1000 -1000 -1000 -10 -1 -1 -1
312 2907 Pedestrian -1 -1 -10 598.23 185.53 642.18 217.71 -1000 -1000 -1000 -10 -1 -1 -1
312 2920 Pedestrian -1 -1 -10 -51.16 194.74 203.10 328.12 -1000 -1000 -1000 -10 -1 -1 -1
312 2921 Pedestrian -1 -1 -10 450.29 179.46 496.08 212.29 -1000 -1000 -1000 -10 -1 -1 -1
313 2890 Pedestrian -1 -1 -10 177.71 197.94 439.80 352.44 -1000 -1000 -1000 -10 -1 -1 -1
313 2883 Pedestrian -1 -1 -10 490.42 177.95 578.99 254.97 -1000 -1000 -1000 -10 -1 -1 -1
313 2907 Pedestrian -1 -1 -10 598.74 185.68 642.89 217.90 -1000 -1000 -1000 -10 -1 -1 -1
313 2921 Pedestrian -1 -1 -10 441.57 180.30 488.24 213.55 -1000 -1000 -1000 -10 -1 -1 -1
314 2890 Pedestrian -1 -1 -10 175.37 197.68 441.27 354.63 -1000 -1000 -1000 -10 -1 -1 -1
314 2883 Pedestrian -1 -1 -10 488.83 177.91 578.89 256.40 -1000 -1000 -1000 -10 -1 -1 -1
314 2907 Pedestrian -1 -1 -10 598.04 185.21 644.10 218.93 -1000 -1000 -1000 -10 -1 -1 -1
314 2921 Pedestrian -1 -1 -10 430.39 182.57 479.27 216.92 -1000 -1000 -1000 -10 -1 -1 -1
315 2890 Pedestrian -1 -1 -10 172.72 198.19 441.11 356.60 -1000 -1000 -1000 -10 -1 -1 -1
315 2883 Pedestrian -1 -1 -10 487.80 178.02 578.10 256.73 -1000 -1000 -1000 -10 -1 -1 -1
315 2907 Pedestrian -1 -1 -10 597.04 183.80 645.02 219.17 -1000 -1000 -1000 -10 -1 -1 -1
315 2921 Pedestrian -1 -1 -10 416.65 181.50 470.30 218.76 -1000 -1000 -1000 -10 -1 -1 -1
316 2890 Pedestrian -1 -1 -10 171.51 199.12 439.69 357.15 -1000 -1000 -1000 -10 -1 -1 -1
316 2883 Pedestrian -1 -1 -10 487.08 178.11 577.43 256.78 -1000 -1000 -1000 -10 -1 -1 -1
316 2907 Pedestrian -1 -1 -10 594.20 181.53 647.69 221.73 -1000 -1000 -1000 -10 -1 -1 -1
316 2921 Pedestrian -1 -1 -10 402.87 182.02 461.84 222.47 -1000 -1000 -1000 -10 -1 -1 -1
317 2890 Pedestrian -1 -1 -10 167.54 198.86 438.27 358.10 -1000 -1000 -1000 -10 -1 -1 -1
317 2883 Pedestrian -1 -1 -10 485.52 178.02 577.87 258.58 -1000 -1000 -1000 -10 -1 -1 -1
317 2907 Pedestrian -1 -1 -10 592.20 178.88 649.35 222.83 -1000 -1000 -1000 -10 -1 -1 -1
317 2921 Pedestrian -1 -1 -10 389.78 182.59 451.98 224.73 -1000 -1000 -1000 -10 -1 -1 -1
318 2890 Pedestrian -1 -1 -10 163.94 197.66 437.99 358.70 -1000 -1000 -1000 -10 -1 -1 -1
318 2883 Pedestrian -1 -1 -10 484.51 178.40 576.90 258.85 -1000 -1000 -1000 -10 -1 -1 -1
318 2907 Pedestrian -1 -1 -10 591.35 176.93 649.39 222.53 -1000 -1000 -1000 -10 -1 -1 -1
318 2921 Pedestrian -1 -1 -10 373.25 183.04 440.12 227.96 -1000 -1000 -1000 -10 -1 -1 -1
319 2890 Pedestrian -1 -1 -10 158.91 196.83 437.08 360.16 -1000 -1000 -1000 -10 -1 -1 -1
319 2883 Pedestrian -1 -1 -10 483.73 178.06 576.59 258.80 -1000 -1000 -1000 -10 -1 -1 -1
319 2907 Pedestrian -1 -1 -10 591.76 177.91 648.40 223.11 -1000 -1000 -1000 -10 -1 -1 -1
319 2921 Pedestrian -1 -1 -10 353.52 182.04 428.95 232.69 -1000 -1000 -1000 -10 -1 -1 -1
320 2890 Pedestrian -1 -1 -10 155.01 195.23 435.59 359.80 -1000 -1000 -1000 -10 -1 -1 -1
320 2883 Pedestrian -1 -1 -10 482.66 176.60 576.87 258.49 -1000 -1000 -1000 -10 -1 -1 -1
320 2907 Pedestrian -1 -1 -10 594.27 179.00 646.52 220.89 -1000 -1000 -1000 -10 -1 -1 -1
321 2890 Pedestrian -1 -1 -10 149.44 192.27 435.36 359.99 -1000 -1000 -1000 -10 -1 -1 -1
321 2883 Pedestrian -1 -1 -10 480.65 174.52 576.94 258.25 -1000 -1000 -1000 -10 -1 -1 -1
321 2907 Pedestrian -1 -1 -10 597.38 182.34 643.02 218.41 -1000 -1000 -1000 -10 -1 -1 -1
322 2890 Pedestrian -1 -1 -10 146.21 192.68 432.26 359.88 -1000 -1000 -1000 -10 -1 -1 -1
322 2883 Pedestrian -1 -1 -10 479.67 173.72 576.81 258.27 -1000 -1000 -1000 -10 -1 -1 -1
322 2907 Pedestrian -1 -1 -10 598.42 183.05 641.12 216.28 -1000 -1000 -1000 -10 -1 -1 -1
323 2890 Pedestrian -1 -1 -10 141.12 191.51 431.36 360.71 -1000 -1000 -1000 -10 -1 -1 -1
323 2883 Pedestrian -1 -1 -10 479.36 173.57 576.54 258.13 -1000 -1000 -1000 -10 -1 -1 -1
323 2907 Pedestrian -1 -1 -10 598.53 182.54 641.63 215.68 -1000 -1000 -1000 -10 -1 -1 -1
324 2890 Pedestrian -1 -1 -10 140.73 193.46 429.69 361.11 -1000 -1000 -1000 -10 -1 -1 -1
324 2883 Pedestrian -1 -1 -10 478.51 173.06 576.19 258.03 -1000 -1000 -1000 -10 -1 -1 -1
324 2907 Pedestrian -1 -1 -10 597.00 179.60 643.84 215.70 -1000 -1000 -1000 -10 -1 -1 -1
325 2890 Pedestrian -1 -1 -10 138.24 194.36 429.42 362.84 -1000 -1000 -1000 -10 -1 -1 -1
325 2883 Pedestrian -1 -1 -10 478.10 172.72 576.41 258.25 -1000 -1000 -1000 -10 -1 -1 -1
325 2907 Pedestrian -1 -1 -10 596.25 177.77 645.19 215.69 -1000 -1000 -1000 -10 -1 -1 -1
325 2922 Pedestrian -1 -1 -10 -11.97 188.53 251.62 305.74 -1000 -1000 -1000 -10 -1 -1 -1
326 2890 Pedestrian -1 -1 -10 135.86 193.25 429.98 362.92 -1000 -1000 -1000 -10 -1 -1 -1
326 2883 Pedestrian -1 -1 -10 477.95 172.43 576.50 258.12 -1000 -1000 -1000 -10 -1 -1 -1
326 2907 Pedestrian -1 -1 -10 595.63 177.28 645.58 216.14 -1000 -1000 -1000 -10 -1 -1 -1
326 2922 Pedestrian -1 -1 -10 -50.59 191.41 251.64 326.91 -1000 -1000 -1000 -10 -1 -1 -1
327 2890 Pedestrian -1 -1 -10 135.13 192.95 430.00 362.79 -1000 -1000 -1000 -10 -1 -1 -1
327 2883 Pedestrian -1 -1 -10 477.68 172.72 575.51 257.74 -1000 -1000 -1000 -10 -1 -1 -1
327 2907 Pedestrian -1 -1 -10 595.41 177.50 645.35 216.46 -1000 -1000 -1000 -10 -1 -1 -1
327 2922 Pedestrian -1 -1 -10 -74.54 198.80 214.54 330.58 -1000 -1000 -1000 -10 -1 -1 -1
328 2890 Pedestrian -1 -1 -10 136.49 193.45 429.80 361.97 -1000 -1000 -1000 -10 -1 -1 -1
328 2883 Pedestrian -1 -1 -10 477.47 172.38 575.76 257.88 -1000 -1000 -1000 -10 -1 -1 -1
328 2907 Pedestrian -1 -1 -10 596.02 178.05 645.01 216.31 -1000 -1000 -1000 -10 -1 -1 -1
329 2890 Pedestrian -1 -1 -10 138.18 193.71 430.36 361.27 -1000 -1000 -1000 -10 -1 -1 -1
329 2883 Pedestrian -1 -1 -10 477.11 171.89 575.97 258.24 -1000 -1000 -1000 -10 -1 -1 -1
329 2907 Pedestrian -1 -1 -10 596.96 180.23 643.79 216.55 -1000 -1000 -1000 -10 -1 -1 -1
330 2890 Pedestrian -1 -1 -10 141.45 194.84 430.61 360.20 -1000 -1000 -1000 -10 -1 -1 -1
330 2883 Pedestrian -1 -1 -10 477.60 172.23 575.93 258.38 -1000 -1000 -1000 -10 -1 -1 -1
330 2907 Pedestrian -1 -1 -10 596.70 181.72 644.12 218.39 -1000 -1000 -1000 -10 -1 -1 -1
331 2890 Pedestrian -1 -1 -10 145.52 195.07 433.85 359.84 -1000 -1000 -1000 -10 -1 -1 -1
331 2883 Pedestrian -1 -1 -10 477.95 172.24 575.75 258.21 -1000 -1000 -1000 -10 -1 -1 -1
331 2907 Pedestrian -1 -1 -10 596.04 181.69 644.56 219.25 -1000 -1000 -1000 -10 -1 -1 -1
332 2890 Pedestrian -1 -1 -10 149.40 195.46 435.49 358.87 -1000 -1000 -1000 -10 -1 -1 -1
332 2883 Pedestrian -1 -1 -10 478.48 172.33 575.53 257.73 -1000 -1000 -1000 -10 -1 -1 -1
332 2907 Pedestrian -1 -1 -10 596.29 181.59 644.64 218.93 -1000 -1000 -1000 -10 -1 -1 -1
333 2890 Pedestrian -1 -1 -10 152.10 195.43 437.42 358.42 -1000 -1000 -1000 -10 -1 -1 -1
333 2883 Pedestrian -1 -1 -10 479.53 173.54 574.37 257.03 -1000 -1000 -1000 -10 -1 -1 -1
333 2907 Pedestrian -1 -1 -10 596.35 180.32 644.95 217.84 -1000 -1000 -1000 -10 -1 -1 -1
334 2890 Pedestrian -1 -1 -10 156.57 194.69 440.94 357.38 -1000 -1000 -1000 -10 -1 -1 -1
334 2883 Pedestrian -1 -1 -10 480.71 174.14 573.49 255.69 -1000 -1000 -1000 -10 -1 -1 -1
334 2907 Pedestrian -1 -1 -10 594.62 177.06 646.08 217.13 -1000 -1000 -1000 -10 -1 -1 -1
335 2890 Pedestrian -1 -1 -10 163.00 194.59 444.83 356.36 -1000 -1000 -1000 -10 -1 -1 -1
335 2883 Pedestrian -1 -1 -10 480.19 173.05 573.97 255.61 -1000 -1000 -1000 -10 -1 -1 -1
335 2907 Pedestrian -1 -1 -10 595.78 178.06 645.01 216.30 -1000 -1000 -1000 -10 -1 -1 -1
336 2890 Pedestrian -1 -1 -10 171.58 193.32 446.71 351.55 -1000 -1000 -1000 -10 -1 -1 -1
336 2883 Pedestrian -1 -1 -10 481.04 173.66 573.79 255.39 -1000 -1000 -1000 -10 -1 -1 -1
336 2907 Pedestrian -1 -1 -10 595.51 177.36 645.04 215.97 -1000 -1000 -1000 -10 -1 -1 -1
337 2890 Pedestrian -1 -1 -10 180.46 194.30 448.05 348.30 -1000 -1000 -1000 -10 -1 -1 -1
337 2883 Pedestrian -1 -1 -10 482.11 173.24 574.43 254.59 -1000 -1000 -1000 -10 -1 -1 -1
337 2907 Pedestrian -1 -1 -10 594.13 174.53 646.77 216.05 -1000 -1000 -1000 -10 -1 -1 -1
338 2890 Pedestrian -1 -1 -10 187.73 195.47 448.49 345.41 -1000 -1000 -1000 -10 -1 -1 -1
338 2883 Pedestrian -1 -1 -10 483.32 174.06 574.90 254.73 -1000 -1000 -1000 -10 -1 -1 -1
338 2907 Pedestrian -1 -1 -10 593.87 175.16 647.17 217.60 -1000 -1000 -1000 -10 -1 -1 -1
